0.0,0.0,0.863,28.6,1752240641160
0.0,0.0,0.863,28.6,1752240641359
0.0,0.0,0.863,28.6,1752240641906
0.0,0.0,0.863,28.6,1752240642193
0.0,0.0,0.863,28.6,1752240642458
0.0,0.0,0.863,28.6,1752240642740
0.0,0.0,0.874,28.6,1752240643060
0.0,0.0,0.884,28.6,1752240643274
0.0,0.0,0.884,28.6,1752240643541
0.0,0.0,0.895,28.6,1752240643875
0.0,0.0,0.915,28.6,1752240644125
0.0,0.0,0.905,28.6,1752240644441
0.0,0.0,0.895,28.6,1752240644641
0.0,0.0,0.874,28.6,1752240644958
0.0,0.0,0.874,28.6,1752240645308
0.0,0.0,0.853,28.6,1752240645345
0.0,0.0,0.853,28.6,1752240645376
0.0,0.0,0.832,28.6,1752240645413
0.0,0.0,0.801,28.6,1752240645446
0.0,0.0,0.78,28.6,1752240645571
0.0,0.0,0.749,28.6,1752240645600
0.0,0.0,0.728,28.6,1752240645699
0.0,0.0,0.686,28.6,1752240645723
0.0,0.0,0.697,28.6,1752240645750
0.0,0.0,0.697,28.6,1752240645865
0.0,0.0,0.697,28.6,1752240645887
0.0,0.0,0.686,28.6,1752240646042
0.0,0.0,0.707,28.6,1752240646066
0.0,0.0,0.707,28.6,1752240646088
0.0,0.0,0.707,28.6,1752240646226
0.0,0.0,0.718,28.6,1752240646250
0.0,0.0,0.728,28.6,1752240646294
0.0,0.0,0.749,28.6,1752240646359
0.0,0.0,0.759,28.6,1752240646426
0.0,0.0,0.77,28.6,1752240646503
0.0,0.0,0.759,28.6,1752240646570
0.0,0.0,0.77,28.6,1752240646638
0.0,0.0,0.759,28.6,1752240646716
0.0,0.0,0.749,28.6,1752240646783
0.0,0.0,0.728,28.6,1752240646846
0.0,0.0,0.728,28.6,1752240646937
0.0,0.0,0.728,28.6,1752240646993
0.0,0.0,0.728,28.6,1752240647059
0.0,0.0,0.718,28.6,1752240647126
0.0,0.0,0.718,28.6,1752240647199
0.0,0.0,0.718,28.6,1752240647276
0.0,0.0,0.718,28.6,1752240647343
0.0,0.0,0.738,28.6,1752240647409
0.0,0.0,0.738,28.6,1752240647476
0.0,0.0,0.738,28.6,1752240647532
0.0,0.0,0.738,28.6,1752240647616
0.0,0.0,0.738,28.6,1752240647693
0.0,0.0,0.728,28.6,1752240647760
0.0,0.0,0.718,28.6,1752240647826
0.0,0.0,0.707,28.6,1752240647903
0.0,0.0,0.697,28.6,1752240647970
0.0,0.0,0.697,28.6,1752240648036
0.0,0.0,0.697,28.6,1752240648116
0.0,0.0,0.686,28.6,1752240648187
0.0,0.0,0.676,28.6,1752240648253
0.0,0.0,0.676,28.6,1752240648320
0.0,0.0,0.686,28.6,1752240648386
0.0,0.0,0.697,28.6,1752240648466
0.0,0.0,0.686,28.6,1752240648533
0.0,0.0,0.697,28.6,1752240648599
0.0,0.0,0.707,28.6,1752240648666
0.0,0.0,0.718,28.6,1752240648743
0.0,0.0,0.738,28.6,1752240648809
0.0,0.0,0.749,28.6,1752240648876
0.0,0.0,0.738,28.6,1752240648954
0.0,0.0,0.738,28.6,1752240649020
0.0,0.0,0.738,28.6,1752240649087
0.0,0.0,0.728,28.6,1752240649171
0.0,0.0,0.728,28.6,1752240649237
0.0,0.0,0.718,28.6,1752240649311
0.0,0.0,0.718,28.6,1752240649372
0.0,0.0,0.707,28.6,1752240649445
0.0,0.0,0.697,28.6,1752240649519
0.0,0.0,0.676,28.6,1752240649579
0.0,0.0,0.666,28.6,1752240649654
0.0,0.0,0.666,28.6,1752240649722
0.0,0.0,0.655,28.6,1752240649789
0.0,0.0,0.666,28.6,1752240649867
0.0,0.0,0.666,28.6,1752240649934
0.0,0.0,0.666,28.6,1752240650004
0.0,0.0,0.655,28.6,1752240650070
0.0,0.0,0.666,28.6,1752240650137
0.0,0.0,0.666,28.6,1752240650217
0.0,0.0,0.676,28.6,1752240650294
0.0,0.0,0.676,28.6,1752240650350
0.0,0.0,0.666,28.6,1752240650416
0.0,0.0,0.666,28.6,1752240650494
0.0,0.0,0.645,28.6,1752240650560
0.0,0.0,0.655,28.6,1752240650627
0.0,0.0,0.655,28.6,1752240650704
0.0,0.0,0.666,28.6,1752240650770
0.0,0.0,0.676,28.6,1752240650837
0.0,0.0,0.686,28.6,1752240651079
0.0,0.0,0.697,28.6,1752240651080
0.0,0.0,0.697,28.6,1752240651081
0.0,0.0,0.686,28.6,1752240651082
0.0,0.0,0.707,28.6,1752240651198
0.0,0.0,0.697,28.6,1752240651227
0.0,0.0,0.697,28.6,1752240651292
0.0,0.0,0.707,28.6,1752240651362
0.0,0.0,0.697,28.6,1752240651436
0.0,0.0,0.676,28.6,1752240651505
0.0,0.0,0.676,28.6,1752240651572
0.0,0.0,0.666,28.6,1752240651642
0.0,0.0,0.666,28.6,1752240651718
0.0,0.0,0.655,28.6,1752240651785
0.0,0.0,0.655,28.6,1752240651852
0.0,0.0,0.655,28.6,1752240651924
0.0,0.0,0.645,28.6,1752240652002
0.0,0.0,0.645,28.6,1752240652062
0.0,0.0,0.655,28.6,1752240652138
0.0,0.0,0.666,28.6,1752240652204
0.0,0.0,0.676,28.6,1752240652277
0.0,0.0,0.697,28.6,1752240652344
0.0,0.0,0.718,28.6,1752240652413
0.0,0.0,0.718,28.6,1752240652487
0.0,0.0,0.718,28.6,1752240652554
0.0,0.0,0.738,28.6,1752240652624
0.0,0.0,0.728,28.6,1752240652694
0.0,0.0,0.718,28.6,1752240652766
0.0,0.0,0.728,28.6,1752240652836
0.0,0.0,0.718,28.6,1752240652905
0.0,0.0,0.707,28.6,1752240652979
0.0,0.0,0.697,28.6,1752240653045
0.0,0.0,0.686,28.6,1752240653115
0.0,0.0,0.666,28.6,1752240653186
0.0,0.0,0.655,28.6,1752240653278
0.0,0.0,0.645,28.6,1752240653325
0.0,0.0,0.655,28.6,1752240653396
0.0,0.0,0.645,28.6,1752240653466
0.0,0.0,0.655,28.6,1752240653535
0.0,0.0,0.666,28.6,1752240653608
0.0,0.0,0.655,28.6,1752240653675
0.0,0.0,0.645,28.6,1752240653745
0.0,0.0,0.655,28.6,1752240653815
0.0,0.0,0.666,28.6,1752240653886
0.0,0.0,0.666,28.6,1752240653955
0.0,0.0,0.676,28.6,1752240654026
0.0,0.0,0.676,28.6,1752240654095
0.0,0.0,0.676,28.6,1752240654178
0.0,0.0,0.666,28.6,1752240654237
0.0,0.0,0.676,28.6,1752240654305
0.0,0.0,0.655,28.6,1752240654378
0.0,0.0,0.655,28.6,1752240654448
0.0,0.0,0.666,28.6,1752240654515
0.0,0.0,0.666,28.6,1752240654586
0.0,0.0,0.676,28.6,1752240654655
0.0,0.0,0.676,28.6,1752240654726
0.0,0.0,0.666,28.6,1752240654795
0.0,0.0,0.666,28.6,1752240654866
0.0,0.0,0.666,28.6,1752240654937
0.0,0.0,0.666,28.6,1752240655008
0.0,0.0,0.666,28.6,1752240655075
0.0,0.0,0.666,28.6,1752240655147
0.0,0.0,0.676,28.6,1752240655219
0.0,0.0,0.686,28.6,1752240655286
0.0,0.0,0.686,28.6,1752240655358
0.0,0.0,0.686,28.6,1752240655426
0.0,0.0,0.666,28.6,1752240655496
0.0,0.0,0.676,28.6,1752240655653
0.0,0.0,0.676,28.6,1752240655704
0.0,0.0,0.686,28.6,1752240655939
0.0,0.0,0.697,28.6,1752240655946
0.0,0.0,0.707,28.6,1752240655970
0.0,0.0,0.728,28.6,1752240655988
0.0,0.0,0.749,28.6,1752240656062
0.0,0.0,0.738,28.6,1752240656126
0.0,0.0,0.749,28.6,1752240656197
0.0,0.0,0.738,28.6,1752240656277
0.0,0.0,0.738,28.6,1752240656335
0.0,0.0,0.738,28.6,1752240656408
0.0,0.0,0.728,28.6,1752240656479
0.0,0.0,0.728,28.6,1752240656547
0.0,0.0,0.728,28.6,1752240656620
0.0,0.0,0.718,28.6,1752240656694
0.0,0.0,0.697,28.6,1752240656758
0.0,0.0,0.676,28.6,1752240656825
0.0,0.0,0.666,28.6,1752240656897
0.0,0.0,0.666,28.6,1752240656966
0.0,0.0,0.655,28.6,1752240657037
0.0,0.0,0.666,28.6,1752240657109
0.0,0.0,0.666,28.6,1752240657247
0.0,0.0,0.686,28.6,1752240657268
0.0,0.0,0.676,28.6,1752240657316
0.0,0.0,0.655,28.6,1752240657388
0.0,0.0,0.676,28.6,1752240657461
0.0,0.0,0.676,28.6,1752240657524
0.0,0.0,0.697,28.6,1752240657593
0.0,0.0,0.707,28.6,1752240657663
0.0,0.0,0.718,28.6,1752240657744
0.0,0.0,0.707,28.6,1752240657813
0.0,0.0,0.697,28.6,1752240657877
0.0,0.0,0.686,28.6,1752240657945
0.0,0.0,0.686,28.6,1752240658013
0.0,0.0,0.676,28.6,1752240658084
0.0,0.0,0.686,28.6,1752240658184
0.0,0.0,0.686,28.6,1752240658226
0.0,0.0,0.666,28.6,1752240658298
0.0,0.0,0.666,28.6,1752240658376
0.0,0.0,0.666,28.6,1752240658437
0.0,0.0,0.655,28.6,1752240658505
0.0,0.0,0.645,28.6,1752240658575
0.0,0.0,0.655,28.6,1752240658648
0.0,0.0,0.666,28.6,1752240658715
0.0,0.0,0.655,28.6,1752240658788
0.0,0.0,0.655,28.6,1752240658856
0.0,0.0,0.655,28.6,1752240658944
0.0,0.0,0.666,28.6,1752240658993
0.0,0.0,0.666,28.6,1752240659063
0.0,0.0,0.676,28.6,1752240659134
0.0,0.0,0.686,28.6,1752240659207
0.0,0.0,0.676,28.6,1752240659275
0.0,0.0,0.676,28.6,1752240659346
0.0,0.0,0.686,28.6,1752240659414
0.0,0.0,0.676,28.6,1752240659485
0.0,0.0,0.686,28.6,1752240659559
0.0,0.0,0.686,28.6,1752240659626
0.0,0.0,0.697,28.6,1752240659694
0.0,0.0,0.697,28.6,1752240659767
0.0,0.0,0.686,28.6,1752240659844
0.0,0.0,0.686,28.6,1752240659922
0.0,0.0,0.676,28.6,1752240659976
0.0,0.0,0.676,28.6,1752240660048
0.0,0.0,0.697,28.6,1752240660117
0.0,0.0,0.697,28.6,1752240660188
0.0,0.0,0.707,28.6,1752240660257
0.0,0.0,0.697,28.6,1752240660331
0.0,0.0,0.697,28.6,1752240660405
0.0,0.0,0.707,28.6,1752240660473
0.0,0.0,0.697,28.6,1752240660540
0.0,0.0,0.686,28.6,1752240660610
0.0,0.0,0.707,28.6,1752240660681
0.0,0.0,0.707,28.6,1752240660748
0.0,0.0,0.707,28.6,1752240660821
0.0,0.0,0.718,28.6,1752240660890
0.0,0.0,0.686,28.6,1752240660959
0.0,0.0,0.686,28.6,1752240661028
0.0,0.0,0.686,28.6,1752240661097
0.0,0.0,0.697,28.6,1752240661198
0.0,0.0,0.697,28.6,1752240661242
0.0,0.0,0.697,28.6,1752240661309
0.0,0.0,0.718,28.6,1752240661378
0.0,0.0,0.749,28.6,1752240661448
0.0,0.0,0.749,28.6,1752240661516
0.0,0.0,0.759,28.6,1752240661588
0.0,0.0,0.749,28.6,1752240661662
0.0,0.0,0.738,28.6,1752240661729
0.0,0.0,0.749,28.6,1752240661798
0.0,0.0,0.759,28.6,1752240661875
0.0,0.0,0.738,28.6,1752240661940
0.0,0.0,0.759,28.6,1752240662012
0.0,0.0,0.759,28.6,1752240662078
0.0,0.0,0.759,28.6,1752240662161
0.0,0.0,0.759,28.6,1752240662220
0.0,0.0,0.759,28.6,1752240662288
0.0,0.0,0.738,28.6,1752240662358
0.0,0.0,0.738,28.6,1752240662428
0.0,0.0,0.738,28.6,1752240662498
0.0,0.0,0.759,28.6,1752240662571
0.0,0.0,0.759,28.6,1752240662642
0.0,0.0,0.77,28.6,1752240662709
0.0,0.0,0.78,28.6,1752240662779
0.0,0.0,0.77,28.6,1752240662848
0.0,0.0,0.77,28.6,1752240662920
0.0,0.0,0.759,28.6,1752240662992
0.0,0.0,0.749,28.6,1752240663059
0.0,0.0,0.718,28.6,1752240663131
0.0,0.0,0.738,28.6,1752240663198
0.0,0.0,0.728,28.6,1752240663272
0.0,0.0,0.718,28.6,1752240663344
0.0,0.0,0.738,28.6,1752240663410
0.0,0.0,0.738,28.6,1752240663478
0.0,0.0,0.718,28.6,1752240663548
0.0,0.0,0.707,28.6,1752240663623
0.0,0.0,0.728,28.6,1752240663690
0.0,0.0,0.718,28.6,1752240663758
0.0,0.0,0.718,28.6,1752240663828
0.0,0.0,0.738,28.6,1752240663902
0.0,0.0,0.77,28.6,1752240663971
0.0,0.0,0.77,28.6,1752240664041
0.0,0.0,0.79,28.6,1752240664108
0.0,0.0,0.801,28.6,1752240664179
0.0,0.0,0.78,28.6,1752240664248
0.0,0.0,0.78,28.6,1752240664323
0.0,0.0,0.801,28.6,1752240664392
0.0,0.0,0.811,28.6,1752240664458
0.0,0.0,0.822,28.6,1752240664528
0.0,0.0,0.801,28.6,1752240664598
0.0,0.0,0.811,28.6,1752240664671
0.0,0.0,0.801,28.6,1752240664756
0.0,0.0,0.811,28.6,1752240664809
0.0,0.0,0.811,28.6,1752240664878
0.0,0.0,0.811,28.6,1752240664948
0.0,0.0,0.79,28.6,1752240665021
0.0,0.0,0.801,28.6,1752240665089
0.0,0.0,0.801,28.6,1752240665226
0.0,0.0,0.759,28.6,1752240665242
0.0,0.0,0.728,28.6,1752240665324
0.0,0.0,0.707,28.6,1752240665379
0.0,0.0,0.707,28.6,1752240665446
0.0,0.0,0.718,28.6,1752240665511
0.0,0.0,0.718,28.6,1752240665581
0.0,0.0,0.676,28.6,1752240665648
0.0,0.0,0.697,28.6,1752240665726
0.0,0.0,0.686,28.6,1752240665793
0.0,0.0,0.686,28.6,1752240665860
0.0,0.0,0.666,28.6,1752240665930
0.0,0.0,0.666,28.6,1752240665998
0.0,0.0,0.686,28.6,1752240666077
0.0,0.0,0.707,28.6,1752240666156
0.0,0.0,0.728,28.6,1752240666208
0.0,0.0,0.728,28.6,1752240666277
0.0,0.0,0.77,28.6,1752240666347
0.0,0.0,0.77,28.6,1752240666418
0.0,0.0,0.78,28.6,1752240666489
0.0,0.0,0.78,28.6,1752240666560
0.0,0.0,0.801,28.6,1752240666627
0.0,0.0,0.832,28.6,1752240666701
0.0,0.0,0.853,28.6,1752240666775
0.0,0.0,0.884,28.6,1752240666841
0.0,0.0,0.895,28.6,1752240666913
0.0,0.0,0.884,28.6,1752240666977
0.0,0.0,0.905,28.6,1752240667055
0.0,0.0,0.895,28.6,1752240667124
0.0,0.0,0.874,28.8,1752240667263
0.0,0.0,0.884,28.8,1752240667297
0.0,0.0,0.905,28.8,1752240667338
0.0,0.0,0.884,28.8,1752240667399
0.0,0.0,0.884,28.8,1752240667544
0.0,0.0,0.884,28.8,1752240667613
0.0,0.0,0.874,28.8,1752240667681
0.0,0.0,0.874,28.8,1752240667752
0.0,0.0,0.863,28.8,1752240667825
0.0,0.0,0.853,28.8,1752240667959
0.0,0.0,0.863,28.8,1752240668032
0.0,0.0,0.874,28.8,1752240668099
0.0,0.0,0.915,28.8,1752240668175
0.0,0.0,0.895,28.8,1752240668239
0.0,0.0,0.905,28.8,1752240668309
0.0,0.0,0.947,28.8,1752240668379
0.0,0.0,0.967,28.8,1752240668448
0.0,0.0,0.967,28.8,1752240668522
0.0,0.0,0.947,28.8,1752240668592
0.0,0.0,0.957,28.8,1752240668664
0.0,0.0,0.915,28.8,1752240668731
0.0,0.0,0.947,28.8,1752240668799
0.0,0.0,0.926,28.8,1752240668871
0.0,0.0,0.905,28.8,1752240668946
0.0,0.0,0.863,28.8,1752240669011
0.0,0.0,0.895,28.8,1752240669079
0.0,0.0,0.863,28.8,1752240669161
0.0,0.0,0.842,28.8,1752240669293
0.0,0.0,0.832,28.8,1752240669359
0.0,0.0,0.811,28.8,1752240669431
0.0,0.0,0.811,28.8,1752240669499
0.0,0.0,0.79,28.8,1752240669572
0.0,0.0,0.801,28.8,1752240669645
0.0,0.0,0.77,28.8,1752240669709
0.0,0.0,0.759,28.8,1752240669779
0.0,0.0,0.79,28.8,1752240669858
0.0,0.0,0.79,28.8,1752240669918
0.0,0.0,0.77,28.8,1752240669992
0.0,0.0,0.78,28.8,1752240670057
0.0,0.0,0.79,28.8,1752240670128
0.0,0.0,0.77,28.8,1752240670197
0.0,0.0,0.801,28.8,1752240670271
0.0,0.0,0.78,28.8,1752240670341
0.0,0.0,0.78,28.8,1752240670412
0.0,0.0,0.77,28.8,1752240670550
0.0,0.0,0.78,28.8,1752240670621
0.0,0.0,0.77,28.8,1752240670692
0.0,0.0,0.728,28.8,1752240670760
0.0,0.0,0.707,28.8,1752240670831
0.0,0.0,0.697,28.8,1752240670901
0.0,0.0,0.666,28.8,1752240670972
0.0,0.0,0.645,28.8,1752240671041
0.0,0.0,0.655,28.8,1752240671130
0.0,0.0,0.645,28.8,1752240671177
0.0,0.0,0.634,28.8,1752240671247
0.0,0.0,0.624,28.8,1752240671318
0.0,0.0,0.624,28.8,1752240671391
0.0,0.0,0.614,28.8,1752240671457
0.0,0.0,0.603,28.8,1752240671527
0.0,0.0,0.614,28.8,1752240671597
0.0,0.0,0.593,28.8,1752240671668
0.0,0.0,0.603,28.8,1752240671738
0.0,0.0,0.614,28.8,1752240671808
0.0,0.0,0.634,28.8,1752240671880
0.0,0.0,0.634,28.8,1752240671965
0.0,0.0,0.614,28.8,1752240672026
0.0,0.0,0.614,28.8,1752240672093
0.0,0.0,0.593,28.8,1752240672163
0.0,0.0,0.593,28.8,1752240672227
0.0,0.0,0.582,28.8,1752240672297
0.0,0.0,0.582,28.8,1752240672370
0.0,0.0,0.572,28.8,1752240672437
0.0,0.0,0.572,28.8,1752240672510
0.0,0.0,0.561,28.8,1752240672577
0.0,0.0,0.551,28.8,1752240672646
0.0,0.0,0.551,28.8,1752240672717
0.0,0.0,0.541,28.8,1752240672812
0.0,0.0,0.561,28.8,1752240672858
0.0,0.0,0.561,28.8,1752240672940
0.0,0.0,0.561,28.8,1752240673444
0.0,0.0,0.561,28.8,1752240673448
0.0,0.0,0.551,28.8,1752240673458
0.0,0.0,0.551,28.8,1752240673472
0.0,0.0,0.541,28.8,1752240673483
0.0,0.0,0.551,28.8,1752240673488
0.0,0.0,0.541,28.8,1752240673498
0.0,0.0,0.541,28.8,1752240673543
0.0,0.0,0.541,28.8,1752240673652
0.0,0.0,0.551,28.8,1752240673652
0.0,0.0,0.551,28.8,1752240673725
0.0,0.0,0.561,28.8,1752240673770
0.0,0.0,0.561,28.8,1752240673838
0.0,0.0,0.572,28.8,1752240673906
0.0,0.0,0.572,28.8,1752240674050
0.0,0.0,0.572,28.8,1752240674118
0.0,0.0,0.572,28.8,1752240674188
0.0,0.0,19.7,27.8,1752240896701
0.0,0.0,19.669,27.8,1752240896934
0.0,0.0,19.658,28.0,1752240898118
0.0,0.0,19.481,28.0,1752240898552
0.0,0.0,19.409,28.0,1752240901084
0.0,0.0,19.232,28.0,1752240901384
0.0,0.0,18.992,28.0,1752240901684
0.0,0.0,18.919,28.0,1752240902150
0.0,0.0,18.68,28.0,1752240902333
0.0,0.0,18.441,28.0,1752240902950
0.0,0.0,18.389,27.8,1752240903784
0.0,0.0,18.129,27.8,1752240905051
0.0,0.0,16.755,27.8,1752240907999
0.0,0.0,15.402,27.8,1752240908384
0.0,0.0,14.028,27.8,1752240908616
0.0,0.0,12.852,27.8,1752240909116
0.0,0.0,11.562,27.8,1752240909299
0.0,0.0,10.354,27.8,1752240909533
0.0,0.0,9.241,28.0,1752240917716
0.0,0.0,7.95,28.2,1752240918232
0.0,0.0,6.826,28.2,1752240918582
0.0,0.0,5.723,28.2,1752240918849
0.0,0.0,4.381,28.2,1752240919149
0.0,0.0,3.278,28.2,1752240919449
0.0,0.0,3.902,28.2,1752240919765
0.0,0.0,4.475,28.2,1752240920065
0.0,0.0,5.016,28.2,1752240920366
0.0,0.0,5.432,28.2,1752240920682
0.0,0.0,5.879,28.4,1752240920982
0.0,0.0,6.212,28.4,1752240921248
0.0,0.0,6.493,28.4,1752240921849
0.0,0.0,6.806,28.4,1752240922232
0.0,0.0,7.201,28.4,1752240922532
0.0,0.0,7.503,28.4,1752240922782
0.0,0.0,7.898,28.4,1752240923265
0.0,0.0,8.179,28.4,1752240923548
0.0,0.0,7.232,28.4,1752240923699
0.0,0.0,6.369,28.4,1752240923732
0.0,0.0,5.578,28.4,1752240923830
0.0,0.0,4.766,28.4,1752240923898
0.0,0.0,4.079,28.4,1752240923968
0.0,0.0,3.507,28.4,1752240924033
0.0,0.0,2.83,28.4,1752240924101
0.0,0.0,2.32,28.4,1752240924170
0.0,0.0,2.102,28.4,1752240924241
0.0,0.0,1.987,28.4,1752240924303
0.0,0.0,1.925,28.4,1752240924382
0.0,0.0,1.925,28.4,1752240924451
0.0,0.0,2.268,28.4,1752240924517
0.0,0.0,2.549,28.4,1752240924599
0.0,0.0,2.799,28.4,1752240924671
0.0,0.0,3.038,28.4,1752240924735
0.0,0.0,3.194,28.4,1752240924803
0.0,0.0,3.257,28.4,1752240924869
0.0,0.0,3.392,28.4,1752240924999
0.0,0.0,3.455,28.4,1752240925082
0.0,0.0,3.403,28.4,1752240925150
0.0,0.0,3.371,28.4,1752240925399
0.0,0.0,3.257,28.4,1752240925432
0.0,0.0,3.142,28.4,1752240925517
0.0,0.0,2.965,28.4,1752240925585
0.0,0.0,2.924,28.4,1752240925653
0.0,0.0,2.82,28.4,1752240925718
0.0,0.0,2.778,28.4,1752240925785
0.0,0.0,2.695,28.4,1752240925851
0.0,0.0,2.685,28.4,1752240925919
0.0,0.0,2.632,28.4,1752240925985
31.71031379699707,-97.18827056884766,2.632,28.4,1752240926000
0.0,0.0,2.622,28.4,1752240926065
0.0,0.0,2.643,28.4,1752240926133
0.0,0.0,2.695,28.4,1752240926211
0.0,0.0,2.747,28.4,1752240926284
0.0,0.0,2.757,28.4,1752240926399
0.0,0.0,2.799,28.4,1752240926432
0.0,0.0,2.737,28.4,1752240926498
0.0,0.0,2.737,28.4,1752240926566
0.0,0.0,2.716,28.4,1752240926631
0.0,0.0,2.685,28.4,1752240926700
0.0,0.0,2.622,28.4,1752240926782
0.0,0.0,2.591,28.4,1752240926815
0.0,0.0,2.601,28.4,1752240926912
0.0,0.0,2.539,28.4,1752240926949
31.71031951904297,-97.18827056884766,2.539,28.4,1752240927000
0.0,0.0,2.456,28.6,1752240927056
0.0,0.0,2.414,28.6,1752240927116
0.0,0.0,2.435,28.6,1752240927192
0.0,0.0,2.456,28.6,1752240927257
0.0,0.0,2.518,28.6,1752240927406
0.0,0.0,2.497,28.6,1752240927440
0.0,0.0,2.497,28.6,1752240927701
0.0,0.0,2.508,28.6,1752240927742
0.0,0.0,2.497,28.6,1752240927821
31.710325241088867,-97.18827056884766,2.497,28.6,1752240928000
0.0,0.0,2.497,28.6,1752240928068
0.0,0.0,2.435,28.6,1752240928147
0.0,0.0,2.456,28.6,1752240928198
0.0,0.0,2.445,28.6,1752240928276
0.0,0.0,2.414,28.6,1752240928315
0.0,0.0,2.341,28.6,1752240928394
0.0,0.0,2.247,28.6,1752240928434
0.0,0.0,2.154,28.6,1752240928513
0.0,0.0,2.102,28.6,1752240928553
0.0,0.0,2.06,28.6,1752240928841
0.0,0.0,2.029,28.6,1752240928878
0.0,0.0,1.966,28.6,1752240928943
0.0,0.0,1.935,28.6,1752240928975
31.710329055786133,-97.18827056884766,1.935,28.6,1752240929000
0.0,0.0,1.925,28.6,1752240929041
0.0,0.0,1.883,28.6,1752240929074
0.0,0.0,1.852,28.6,1752240929142
0.0,0.0,1.852,28.6,1752240929190
0.0,0.0,1.862,28.6,1752240929271
0.0,0.0,1.873,28.6,1752240929310
0.0,0.0,1.873,28.6,1752240929389
0.0,0.0,1.842,28.6,1752240929427
0.0,0.0,1.81,28.6,1752240929506
0.0,0.0,1.8,28.6,1752240929763
0.0,0.0,1.758,28.6,1752240929834
0.0,0.0,1.717,28.6,1752240929869
0.0,0.0,1.654,28.6,1752240929935
0.0,0.0,1.592,28.6,1752240929968
31.7103328704834,-97.18826293945312,1.592,28.6,1752240930000
0.0,0.0,1.54,28.6,1752240930032
0.0,0.0,1.488,28.6,1752240930065
0.0,0.0,1.425,28.6,1752240930133
0.0,0.0,1.394,28.6,1752240930184
0.0,0.0,1.363,28.6,1752240930263
0.0,0.0,1.321,28.6,1752240930302
0.0,0.0,1.259,28.6,1752240930381
0.0,0.0,1.207,28.6,1752240930420
0.0,0.0,1.175,28.6,1752240930505
0.0,0.0,1.144,28.6,1752240930769
0.0,0.0,1.134,28.6,1752240930842
0.0,0.0,1.113,28.6,1752240930876
0.0,0.0,1.082,28.6,1752240930943
0.0,0.0,1.071,28.6,1752240930976
31.710338592529297,-97.18826293945312,1.071,28.6,1752240931000
0.0,0.0,1.071,28.6,1752240931040
0.0,0.0,1.051,28.6,1752240931073
0.0,0.0,1.03,28.6,1752240931140
0.0,0.0,1.03,28.6,1752240931188
0.0,0.0,1.019,28.6,1752240931271
0.0,0.0,1.009,28.6,1752240931310
0.0,0.0,1.009,28.6,1752240931390
0.0,0.0,1.009,28.6,1752240931430
0.0,0.0,1.009,28.6,1752240931509
0.0,0.0,0.999,28.6,1752240931768
0.0,0.0,1.009,28.6,1752240931835
0.0,0.0,1.019,28.6,1752240931867
0.0,0.0,1.009,28.6,1752240931935
0.0,0.0,1.019,28.6,1752240931967
31.710342407226562,-97.18826293945312,1.019,28.6,1752240932000
0.0,0.0,1.03,28.6,1752240932033
0.0,0.0,1.03,28.6,1752240932065
0.0,0.0,1.03,28.6,1752240932134
0.0,0.0,1.019,28.6,1752240932180
0.0,0.0,0.999,28.6,1752240932264
0.0,0.0,0.978,28.6,1752240932305
0.0,0.0,0.967,28.6,1752240932384
0.0,0.0,0.957,28.6,1752240932424
0.0,0.0,0.936,28.6,1752240932501
0.0,0.0,0.915,28.6,1752240932765
0.0,0.0,0.895,28.6,1752240932832
0.0,0.0,0.895,28.6,1752240932865
0.0,0.0,0.874,28.6,1752240932934
0.0,0.0,0.853,28.6,1752240932967
31.710346221923828,-97.18826293945312,0.842,28.8,1752240933000
0.0,0.0,0.842,28.8,1752240933032
0.0,0.0,0.842,28.8,1752240933072
0.0,0.0,0.853,28.8,1752240933148
0.0,0.0,0.853,28.8,1752240933190
0.0,0.0,0.863,28.8,1752240933269
0.0,0.0,0.863,28.8,1752240933308
0.0,0.0,0.874,28.8,1752240933387
0.0,0.0,0.874,28.8,1752240933426
0.0,0.0,0.884,28.8,1752240933506
0.0,0.0,0.884,28.8,1752240933766
0.0,0.0,0.874,28.8,1752240933832
0.0,0.0,0.884,28.8,1752240933863
0.0,0.0,0.874,28.8,1752240933929
0.0,0.0,0.874,28.8,1752240933963
31.710351943969727,-97.18826293945312,0.853,28.8,1752240934000
0.0,0.0,0.853,28.8,1752240934028
0.0,0.0,0.863,28.8,1752240934061
0.0,0.0,0.842,28.8,1752240934127
0.0,0.0,0.842,28.8,1752240934168
0.0,0.0,0.842,28.8,1752240934257
0.0,0.0,0.842,28.8,1752240934295
0.0,0.0,0.842,28.8,1752240934374
0.0,0.0,0.863,28.8,1752240934413
0.0,0.0,0.874,28.8,1752240934492
0.0,0.0,0.884,28.8,1752240934751
0.0,0.0,0.874,28.8,1752240934817
0.0,0.0,0.874,28.8,1752240934850
0.0,0.0,0.884,28.8,1752240934918
0.0,0.0,0.863,28.8,1752240934950
31.710355758666992,-97.1882553100586,0.884,28.8,1752240935000
0.0,0.0,0.884,28.8,1752240935015
0.0,0.0,0.884,28.8,1752240935047
0.0,0.0,0.874,28.8,1752240935115
0.0,0.0,0.863,28.8,1752240935153
0.0,0.0,0.874,28.8,1752240935244
0.0,0.0,0.863,28.8,1752240935283
0.0,0.0,0.853,28.8,1752240935362
0.0,0.0,0.853,28.8,1752240935401
0.0,0.0,0.863,28.8,1752240935482
0.0,0.0,0.863,28.8,1752240935738
0.0,0.0,0.863,28.8,1752240935803
0.0,0.0,0.884,28.8,1752240935838
0.0,0.0,0.874,28.8,1752240935904
0.0,0.0,0.863,28.8,1752240935936
31.710359573364258,-97.1882553100586,0.874,28.8,1752240936000
0.0,0.0,0.874,28.8,1752240936002
0.0,0.0,0.884,28.8,1752240936034
0.0,0.0,0.884,28.8,1752240936102
0.0,0.0,0.895,28.8,1752240936142
0.0,0.0,0.895,28.8,1752240936231
0.0,0.0,0.905,28.8,1752240936269
0.0,0.0,0.884,28.8,1752240936349
0.0,0.0,0.884,28.8,1752240936388
0.0,0.0,0.884,28.8,1752240936467
0.0,0.0,0.874,28.8,1752240936724
0.0,0.0,0.874,28.8,1752240936789
0.0,0.0,0.884,28.8,1752240936822
0.0,0.0,0.874,28.8,1752240936890
0.0,0.0,0.874,28.8,1752240936922
0.0,0.0,0.874,28.8,1752240936988
31.710365295410156,-97.18824768066406,0.874,28.8,1752240937000
0.0,0.0,0.874,28.8,1752240937020
0.0,0.0,0.874,28.8,1752240937085
0.0,0.0,0.863,28.8,1752240937118
0.0,0.0,0.874,28.8,1752240937202
0.0,0.0,0.895,28.8,1752240937246
0.0,0.0,0.895,28.8,1752240937326
0.0,0.0,0.905,28.8,1752240937364
0.0,0.0,0.915,28.8,1752240937443
0.0,0.0,0.915,28.8,1752240937482
0.0,0.0,0.915,28.8,1752240937774
0.0,0.0,0.905,28.8,1752240937806
0.0,0.0,0.926,28.8,1752240937874
0.0,0.0,0.915,28.8,1752240937907
0.0,0.0,0.926,28.8,1752240937972
31.710369110107422,-97.18824768066406,0.915,28.8,1752240938000
0.0,0.0,0.915,28.8,1752240938004
0.0,0.0,0.905,28.8,1752240938069
0.0,0.0,0.905,28.8,1752240938101
0.0,0.0,0.884,28.8,1752240938181
0.0,0.0,0.895,28.8,1752240938228
0.0,0.0,0.884,28.8,1752240938308
0.0,0.0,0.895,28.8,1752240938346
0.0,0.0,0.895,28.8,1752240938425
0.0,0.0,0.905,28.8,1752240938464
0.0,0.0,0.884,28.8,1752240938759
0.0,0.0,0.884,28.8,1752240938790
0.0,0.0,0.884,28.8,1752240938859
0.0,0.0,0.895,28.8,1752240938892
0.0,0.0,0.895,28.8,1752240938957
0.0,0.0,0.905,28.8,1752240938990
31.710372924804688,-97.18824768066406,0.905,28.8,1752240939000
0.0,0.0,0.895,28.8,1752240939057
0.0,0.0,0.895,28.8,1752240939089
0.0,0.0,0.895,28.8,1752240939157
0.0,0.0,0.874,28.8,1752240939204
0.0,0.0,0.874,28.8,1752240939285
0.0,0.0,0.853,28.8,1752240939324
0.0,0.0,0.842,28.8,1752240939403
0.0,0.0,0.832,28.8,1752240939442
0.0,0.0,0.842,28.8,1752240939523
0.0,0.0,0.832,28.8,1752240939783
0.0,0.0,0.832,28.8,1752240939853
0.0,0.0,0.822,28.8,1752240939885
0.0,0.0,0.811,28.8,1752240939950
0.0,0.0,0.79,28.8,1752240939983
31.710378646850586,-97.18824768066406,0.79,28.8,1752240940000
0.0,0.0,0.801,28.8,1752240940051
0.0,0.0,0.801,28.8,1752240940083
0.0,0.0,0.79,28.8,1752240940157
0.0,0.0,0.801,28.8,1752240940206
0.0,0.0,0.79,28.8,1752240940287
0.0,0.0,0.79,28.8,1752240940326
0.0,0.0,0.77,28.8,1752240940406
0.0,0.0,0.759,28.8,1752240940445
0.0,0.0,0.738,28.8,1752240940524
0.0,0.0,0.738,28.8,1752240940791
0.0,0.0,0.728,28.8,1752240940862
0.0,0.0,0.738,28.8,1752240940897
0.0,0.0,0.738,28.8,1752240940964
0.0,0.0,0.738,28.8,1752240940996
31.71038246154785,-97.18824768066406,0.738,28.8,1752240941000
0.0,0.0,0.738,28.8,1752240941061
0.0,0.0,0.738,28.8,1752240941093
0.0,0.0,0.749,28.8,1752240941162
0.0,0.0,0.718,28.8,1752240941212
0.0,0.0,0.738,28.8,1752240941293
0.0,0.0,0.749,28.8,1752240941332
0.0,0.0,0.759,28.8,1752240941412
0.0,0.0,0.759,28.8,1752240941451
0.0,0.0,0.77,28.8,1752240941531
0.0,0.0,0.759,28.8,1752240941795
0.0,0.0,0.77,28.8,1752240941863
0.0,0.0,0.77,28.8,1752240941898
0.0,0.0,0.78,28.8,1752240941965
0.0,0.0,0.77,28.8,1752240941997
31.710386276245117,-97.18824768066406,0.77,28.8,1752240942000
0.0,0.0,0.77,28.8,1752240942063
0.0,0.0,0.79,28.8,1752240942097
0.0,0.0,0.79,28.8,1752240942166
0.0,0.0,0.79,28.8,1752240942216
0.0,0.0,0.79,28.8,1752240942296
0.0,0.0,0.79,28.8,1752240942335
0.0,0.0,0.77,28.8,1752240942414
0.0,0.0,0.759,28.8,1752240942453
0.0,0.0,0.77,28.8,1752240942532
0.0,0.0,0.749,28.8,1752240942793
0.0,0.0,0.749,28.8,1752240942866
0.0,0.0,0.749,28.8,1752240942898
0.0,0.0,0.738,28.8,1752240942967
0.0,0.0,0.718,28.8,1752240943000
31.710390090942383,-97.18824768066406,0.718,28.8,1752240943000
0.0,0.0,0.707,28.8,1752240943065
0.0,0.0,0.686,28.8,1752240943100
0.0,0.0,0.686,28.8,1752240943184
0.0,0.0,0.697,28.8,1752240943231
0.0,0.0,0.718,28.8,1752240943311
0.0,0.0,0.718,28.8,1752240943350
0.0,0.0,0.707,28.8,1752240943430
0.0,0.0,0.728,28.8,1752240943469
0.0,0.0,0.738,28.8,1752240943771
0.0,0.0,0.738,28.8,1752240943803
0.0,0.0,0.749,28.8,1752240943869
0.0,0.0,0.77,28.8,1752240943904
0.0,0.0,0.78,28.8,1752240943970
31.71039390563965,-97.18824005126953,0.79,28.8,1752240944000
0.0,0.0,0.79,28.8,1752240944002
0.0,0.0,0.801,28.8,1752240944068
0.0,0.0,0.79,28.8,1752240944101
0.0,0.0,0.78,28.8,1752240944183
0.0,0.0,0.78,28.8,1752240944230
0.0,0.0,0.77,28.8,1752240944310
0.0,0.0,0.77,28.8,1752240944349
0.0,0.0,0.749,28.8,1752240944428
0.0,0.0,0.728,28.8,1752240944467
0.0,0.0,0.728,28.8,1752240944776
0.0,0.0,0.707,28.8,1752240944809
0.0,0.0,0.707,28.8,1752240944874
0.0,0.0,0.707,28.8,1752240944960
0.0,0.0,0.686,28.8,1752240944998
31.710397720336914,-97.18824005126953,0.686,28.8,1752240945000
0.0,0.0,0.676,29.0,1752240945034
0.0,0.0,0.676,29.0,1752240945072
0.0,0.0,0.655,29.0,1752240945110
0.0,0.0,0.655,29.0,1752240945130
0.0,0.0,0.655,29.0,1752240945173
0.0,0.0,0.645,29.0,1752240945243
0.0,0.0,0.655,29.0,1752240945289
0.0,0.0,0.645,29.0,1752240945313
0.0,0.0,0.634,29.0,1752240945354
0.0,0.0,0.624,29.0,1752240945418
0.0,0.0,0.603,29.0,1752240945466
0.0,0.0,0.603,29.0,1752240945510
0.0,0.0,0.614,29.0,1752240945570
0.0,0.0,0.603,29.0,1752240945792
0.0,0.0,0.603,29.0,1752240945852
0.0,0.0,0.603,29.0,1752240945889
0.0,0.0,0.603,29.0,1752240945909
0.0,0.0,0.593,29.0,1752240945945
0.0,0.0,0.603,29.0,1752240945998
31.71040153503418,-97.18824005126953,0.603,29.0,1752240946000
0.0,0.0,0.634,29.0,1752240946034
0.0,0.0,0.634,29.0,1752240946053
0.0,0.0,0.645,29.0,1752240946090
0.0,0.0,0.666,29.0,1752240946186
0.0,0.0,0.666,29.0,1752240946235
0.0,0.0,0.666,29.0,1752240946279
0.0,0.0,0.676,29.0,1752240946381
0.0,0.0,0.666,29.0,1752240946417
0.0,0.0,0.666,29.0,1752240946522
0.0,0.0,0.655,29.0,1752240946779
0.0,0.0,0.645,29.0,1752240946822
0.0,0.0,0.614,29.0,1752240946854
0.0,0.0,0.593,29.0,1752240946910
0.0,0.0,0.593,29.0,1752240946946
0.0,0.0,0.582,29.0,1752240946994
31.710407257080078,-97.18824005126953,0.582,29.0,1752240947000
0.0,0.0,0.572,29.0,1752240947062
0.0,0.0,0.561,29.0,1752240947126
0.0,0.0,0.561,29.0,1752240947190
0.0,0.0,0.561,29.0,1752240947317
0.0,0.0,0.603,29.0,1752240947397
0.0,0.0,0.603,29.0,1752240947476
0.0,0.0,0.603,29.0,1752240947506
0.0,0.0,0.614,29.0,1752240947820
0.0,0.0,0.624,29.0,1752240947833
0.0,0.0,0.634,29.0,1752240947848
0.0,0.0,0.634,29.0,1752240947884
0.0,0.0,0.634,29.0,1752240947937
0.0,0.0,0.634,29.0,1752240947994
31.71040916442871,-97.18824005126953,0.634,29.0,1752240948000
0.0,0.0,0.645,29.0,1752240948044
0.0,0.0,0.645,29.0,1752240948110
0.0,0.0,0.655,29.0,1752240948191
0.0,0.0,0.603,29.0,1752240948258
0.0,0.0,0.614,29.0,1752240948344
0.0,0.0,0.614,29.0,1752240948410
0.0,0.0,0.634,29.0,1752240948452
0.0,0.0,0.645,29.0,1752240948786
0.0,0.0,0.645,29.0,1752240948815
0.0,0.0,0.655,29.0,1752240948852
0.0,0.0,0.666,29.0,1752240948888
0.0,0.0,0.686,29.0,1752240948929
0.0,0.0,0.707,29.0,1752240948952
0.0,0.0,0.707,29.0,1752240948990
31.71041488647461,-97.18824005126953,0.707,29.0,1752240949000
0.0,0.0,0.718,29.0,1752240949045
0.0,0.0,0.728,29.0,1752240949102
0.0,0.0,0.738,29.0,1752240949178
0.0,0.0,0.738,29.0,1752240949227
0.0,0.0,0.738,29.0,1752240949310
0.0,0.0,0.738,29.0,1752240949389
0.0,0.0,0.749,29.0,1752240949448
0.0,0.0,0.77,29.0,1752240949528
0.0,0.0,0.78,29.0,1752240949808
0.0,0.0,0.77,29.0,1752240949831
0.0,0.0,0.78,29.0,1752240949847
0.0,0.0,0.78,29.0,1752240949891
0.0,0.0,0.801,29.0,1752240949948
0.0,0.0,0.822,29.0,1752240949985
31.710418701171875,-97.188232421875,0.832,29.0,1752240950000
0.0,0.0,0.832,29.0,1752240950004
0.0,0.0,0.842,29.0,1752240950099
0.0,0.0,0.853,29.0,1752240950132
0.0,0.0,0.863,29.0,1752240950245
0.0,0.0,0.874,29.0,1752240950283
0.0,0.0,0.863,29.0,1752240950364
0.0,0.0,0.842,29.0,1752240950442
0.0,0.0,0.842,29.0,1752240950504
0.0,0.0,0.822,29.0,1752240950806
0.0,0.0,0.832,29.0,1752240950825
0.0,0.0,0.832,29.0,1752240950848
0.0,0.0,0.801,29.0,1752240950882
0.0,0.0,0.79,29.0,1752240950935
0.0,0.0,0.79,29.0,1752240950970
31.71042251586914,-97.188232421875,0.78,29.0,1752240951000
0.0,0.0,0.78,29.0,1752240951020
0.0,0.0,0.77,29.0,1752240951060
0.0,0.0,0.77,29.0,1752240951108
0.0,0.0,0.79,29.0,1752240951233
0.0,0.0,0.811,29.0,1752240951324
0.0,0.0,0.874,29.0,1752240951413
0.0,0.0,0.905,29.0,1752240951450
0.0,0.0,0.905,29.0,1752240951778
31.710424423217773,-97.188232421875,0.915,29.0,1752240952000
0.0,0.0,0.915,29.0,1752240952064
0.0,0.0,0.915,29.0,1752240952146
0.0,0.0,0.926,29.0,1752240952224
0.0,0.0,0.936,29.0,1752240952310
0.0,0.0,0.957,29.0,1752240952350
0.0,0.0,0.967,29.0,1752240952453
0.0,0.0,0.967,29.0,1752240952797
31.71042823791504,-97.18822479248047,0.957,29.0,1752240953000
0.0,0.0,0.957,29.0,1752240953187
0.0,0.0,0.978,29.0,1752240953266
0.0,0.0,0.915,29.0,1752240953344
0.0,0.0,0.905,29.0,1752240953425
0.0,0.0,0.863,29.0,1752240953507
0.0,0.0,1.082,29.0,1752240953591
31.710433959960938,-97.18822479248047,1.103,29.0,1752240954000
0.0,0.0,1.103,29.0,1752240954331
0.0,0.0,1.113,29.0,1752240954632
0.0,0.0,1.134,29.0,1752240954649
0.0,0.0,1.134,29.0,1752240954666
0.0,0.0,1.155,29.0,1752240954704
31.71043586730957,-97.18822479248047,1.165,29.0,1752240955000
0.0,0.0,1.165,29.0,1752240955081
0.0,0.0,1.155,29.0,1752240955097
0.0,0.0,1.123,29.0,1752240955114
0.0,0.0,1.144,29.0,1752240955148
0.0,0.0,1.134,29.0,1752240955219
0.0,0.0,1.155,29.0,1752240955309
0.0,0.0,0.895,29.0,1752240955345
0.0,0.0,0.853,29.0,1752240955387
0.0,0.0,0.822,29.0,1752240955490
0.0,0.0,0.79,29.0,1752240955555
0.0,0.0,0.77,29.0,1752240955845
0.0,0.0,0.718,29.0,1752240955865
0.0,0.0,0.666,29.0,1752240955881
0.0,0.0,0.676,29.0,1752240955919
0.0,0.0,0.676,29.0,1752240955975
31.710439682006836,-97.18822479248047,0.686,29.0,1752240956000
0.0,0.0,0.686,29.0,1752240956012
0.0,0.0,0.728,29.0,1752240956030
0.0,0.0,0.728,29.0,1752240956120
0.0,0.0,0.874,29.0,1752240956158
0.0,0.0,0.915,29.0,1752240956246
0.0,0.0,0.947,29.0,1752240956322
0.0,0.0,0.957,29.0,1752240956388
0.0,0.0,0.988,29.0,1752240956800
0.0,0.0,1.04,29.0,1752240956964
31.710445404052734,-97.18821716308594,1.04,29.0,1752240957000
0.0,0.0,1.082,29.0,1752240957380
0.0,0.0,1.103,29.0,1752240957665
31.71044921875,-97.18821716308594,1.009,29.0,1752240958000
0.0,0.0,1.009,29.0,1752240958064
0.0,0.0,1.009,29.0,1752240958080
0.0,0.0,0.988,29.0,1752240958366
0.0,0.0,1.373,29.0,1752240958830
0.0,0.0,1.363,29.0,1752240958930
0.0,0.0,1.79,29.0,1752240959011
0.0,0.0,2.414,29.0,1752240959913
0.0,0.0,3.434,29.0,1752240962314
0.0,0.0,3.507,29.0,1752240973330
0.0,0.0,4.797,29.0,1752240981996
0.0,0.0,6.16,29.0,1752240982312
0.0,0.0,7.493,29.0,1752240982612
0.0,0.0,9.636,29.0,1752240991378
0.0,0.0,10.906,28.6,1752241002479
0.0,0.0,11.468,28.6,1752241003662
0.0,0.0,12.28,28.6,1752241005562
0.0,0.0,13.643,28.6,1752241006185
0.0,0.0,14.517,28.6,1752241006996
0.0,0.0,15.1,28.4,1752241011185
0.0,0.0,15.183,28.4,1752241011496
0.0,0.0,16.484,28.4,1752241012112
0.0,0.0,16.339,28.4,1752241012729
0.0,0.0,16.047,28.4,1752241013946
0.0,0.0,15.839,28.2,1752241014213
0.0,0.0,14.725,28.2,1752241014563
0.0,0.0,14.465,28.2,1752241017812
0.0,0.0,15.038,28.2,1752241018462
0.0,0.0,15.11,28.2,1752241019378
0.0,0.0,14.819,28.2,1752241019995
31.710426330566406,-97.18824005126953,14.819,28.2,1752241020000
0.0,0.0,14.882,28.2,1752241020245
0.0,0.0,15.069,28.2,1752241020612
31.71042251586914,-97.18824005126953,15.496,28.2,1752241021000
0.0,0.0,15.496,28.2,1752241021345
0.0,0.0,15.256,28.2,1752241021732
0.0,0.0,15.808,28.2,1752241022398
0.0,0.0,16.391,28.0,1752241023531
0.0,0.0,16.786,28.0,1752241024129
0.0,0.0,17.733,28.0,1752241024495
0.0,0.0,18.056,28.0,1752241025112
0.0,0.0,17.91,28.0,1752241026246
0.0,0.0,18.087,28.0,1752241026546
0.0,0.0,18.753,28.0,1752241027778
0.0,0.0,18.701,28.0,1752241028079
0.0,0.0,18.67,28.0,1752241028695
0.0,0.0,18.659,28.0,1752241030246
0.0,0.0,18.399,28.0,1752241030546
0.0,0.0,18.295,28.0,1752241030845
31.710355758666992,-97.18824768066406,18.638,28.0,1752241031000
0.0,0.0,18.638,28.0,1752241031062
0.0,0.0,18.753,28.0,1752241031662
0.0,0.0,18.732,28.0,1752241031979
31.71034812927246,-97.18824768066406,18.732,28.0,1752241032000
0.0,0.0,18.795,28.0,1752241032864
0.0,0.0,18.878,28.0,1752241033438
0.0,0.0,18.857,28.0,1752241033631
0.0,0.0,18.566,28.0,1752241033864
31.710330963134766,-97.18824768066406,18.566,28.0,1752241034000
0.0,0.0,18.586,28.0,1752241034681
0.0,0.0,18.628,28.0,1752241035064
0.0,0.0,18.69,28.0,1752241035965
31.710317611694336,-97.18824768066406,18.69,28.0,1752241036000
0.0,0.0,18.659,28.0,1752241036193
0.0,0.0,18.899,28.0,1752241036381
0.0,0.0,18.888,28.0,1752241036545
31.710309982299805,-97.18824005126953,18.888,28.0,1752241037000
0.0,0.0,18.743,28.0,1752241037698
0.0,0.0,18.805,28.0,1752241038250
0.0,0.0,18.566,28.0,1752241038464
0.0,0.0,18.534,28.0,1752241038648
31.710304260253906,-97.18824005126953,18.618,28.0,1752241039000
0.0,0.0,18.618,28.0,1752241039148
0.0,0.0,18.826,28.0,1752241039348
0.0,0.0,2.279,28.2,1752241077159
0.0,0.0,2.258,28.2,1752241077212
0.0,0.0,2.279,28.2,1752241077269
0.0,0.0,2.279,28.2,1752241077323
0.0,0.0,2.279,28.2,1752241077357
0.0,0.0,2.299,28.2,1752241077452
0.0,0.0,2.31,28.2,1752241077521
0.0,0.0,2.32,28.2,1752241077651
0.0,0.0,2.331,28.2,1752241077900
0.0,0.0,2.331,28.2,1752241077967
0.0,0.0,2.341,28.2,1752241078029
0.0,0.0,2.341,28.2,1752241078090
0.0,0.0,2.351,28.2,1752241078131
0.0,0.0,2.351,28.2,1752241078218
0.0,0.0,2.362,28.2,1752241078278
0.0,0.0,2.362,28.2,1752241078336
0.0,0.0,2.362,28.2,1752241078395
0.0,0.0,2.341,28.2,1752241078454
0.0,0.0,2.341,28.4,1752241078592
0.0,0.0,2.341,28.4,1752241078699
0.0,0.0,2.331,28.4,1752241078747
0.0,0.0,2.362,28.4,1752241078846
0.0,0.0,2.372,28.4,1752241078961
0.0,0.0,2.383,28.4,1752241079093
0.0,0.0,2.404,28.4,1752241079145
0.0,0.0,2.393,28.4,1752241079211
0.0,0.0,2.393,28.4,1752241079288
0.0,0.0,2.414,28.4,1752241079346
0.0,0.0,2.424,28.4,1752241079425
0.0,0.0,2.456,28.4,1752241079479
0.0,0.0,2.466,28.4,1752241079560
0.0,0.0,2.476,28.4,1752241079615
0.0,0.0,2.476,28.4,1752241079694
0.0,0.0,2.466,28.4,1752241079764
0.0,0.0,2.445,28.4,1752241079842
0.0,0.0,2.435,28.4,1752241079896
0.0,0.0,2.435,28.4,1752241079975
0.0,0.0,2.424,28.4,1752241080048
0.0,0.0,2.445,28.4,1752241080102
0.0,0.0,2.414,28.4,1752241080192
0.0,0.0,2.414,28.4,1752241080266
0.0,0.0,2.383,28.4,1752241080318
0.0,0.0,2.372,28.4,1752241080401
0.0,0.0,2.383,28.4,1752241080450
0.0,0.0,2.393,28.4,1752241080531
0.0,0.0,2.404,28.4,1752241080600
0.0,0.0,2.424,28.4,1752241080676
0.0,0.0,2.424,28.4,1752241080748
0.0,0.0,2.435,28.4,1752241080801
0.0,0.0,2.456,28.4,1752241080882
0.0,0.0,2.456,28.4,1752241080951
0.0,0.0,2.476,28.4,1752241081026
0.0,0.0,2.487,28.4,1752241081105
0.0,0.0,2.497,28.4,1752241081134
0.0,0.0,2.508,28.4,1752241081244
0.0,0.0,2.508,28.4,1752241081296
0.0,0.0,2.508,28.4,1752241081375
0.0,0.0,2.508,28.4,1752241081447
0.0,0.0,2.497,28.4,1752241081499
0.0,0.0,2.497,28.4,1752241081581
0.0,0.0,2.487,28.6,1752241081652
0.0,0.0,2.456,28.6,1752241081736
0.0,0.0,2.445,28.6,1752241081785
0.0,0.0,2.445,28.6,1752241081870
0.0,0.0,2.466,28.6,1752241081919
31.709951400756836,-97.18827056884766,2.466,28.6,1752241082000
0.0,0.0,2.466,28.6,1752241082001
0.0,0.0,2.466,28.6,1752241082074
0.0,0.0,2.466,28.6,1752241082129
0.0,0.0,2.476,28.6,1752241082221
0.0,0.0,2.497,28.6,1752241082290
0.0,0.0,2.508,28.6,1752241082347
0.0,0.0,2.528,28.6,1752241082426
0.0,0.0,2.549,28.6,1752241082499
0.0,0.0,2.57,28.6,1752241082551
0.0,0.0,2.58,28.6,1752241082637
0.0,0.0,2.58,28.6,1752241082707
0.0,0.0,2.57,28.6,1752241082764
0.0,0.0,2.58,28.6,1752241082845
0.0,0.0,2.58,28.6,1752241082919
31.709957122802734,-97.18827056884766,2.591,28.6,1752241083000
0.0,0.0,2.591,28.6,1752241083007
0.0,0.0,2.58,28.6,1752241083043
0.0,0.0,2.58,28.6,1752241083157
0.0,0.0,2.56,28.6,1752241083202
0.0,0.0,2.549,28.6,1752241083762
0.0,0.0,2.539,28.6,1752241083812
0.0,0.0,2.56,28.6,1752241083900
0.0,0.0,2.57,28.6,1752241083941
31.7099609375,-97.18827056884766,2.591,28.6,1752241084000
0.0,0.0,2.591,28.6,1752241084030
0.0,0.0,2.612,28.6,1752241084072
0.0,0.0,2.601,28.6,1752241084163
0.0,0.0,2.632,28.6,1752241084215
0.0,0.0,2.643,28.6,1752241084309
0.0,0.0,2.674,28.6,1752241084398
0.0,0.0,2.653,28.6,1752241084481
0.0,0.0,2.674,28.6,1752241084514
0.0,0.0,2.705,28.6,1752241084829
0.0,0.0,2.705,28.6,1752241084925
0.0,0.0,2.674,28.6,1752241084961
31.709970474243164,-97.18826293945312,2.674,28.6,1752241085000
0.0,0.0,2.674,28.6,1752241085050
0.0,0.0,2.674,28.6,1752241085092
0.0,0.0,2.664,28.6,1752241085184
0.0,0.0,2.664,28.6,1752241085234
0.0,0.0,2.653,28.6,1752241085326
0.0,0.0,2.653,28.6,1752241085369
0.0,0.0,2.643,28.6,1752241085457
0.0,0.0,2.664,28.6,1752241085499
0.0,0.0,2.695,28.6,1752241085588
0.0,0.0,2.674,28.6,1752241085859
0.0,0.0,2.695,28.6,1752241085948
0.0,0.0,2.705,28.6,1752241085990
31.709978103637695,-97.18826293945312,2.705,28.6,1752241086000
0.0,0.0,2.705,28.6,1752241086080
0.0,0.0,2.705,28.6,1752241086124
0.0,0.0,2.716,28.6,1752241086223
0.0,0.0,2.726,28.6,1752241086264
0.0,0.0,2.747,28.6,1752241086353
0.0,0.0,2.757,28.6,1752241086396
0.0,0.0,2.757,28.6,1752241086484
0.0,0.0,2.747,28.6,1752241086526
0.0,0.0,2.747,28.6,1752241086614
0.0,0.0,2.757,28.6,1752241086888
0.0,0.0,2.747,28.6,1752241086977
0.0,0.0,2.757,28.6,1752241087023
0.0,0.0,2.757,28.6,1752241087113
0.0,0.0,2.768,28.6,1752241087159
0.0,0.0,2.778,28.6,1752241087256
0.0,0.0,2.768,28.6,1752241087298
0.0,0.0,2.789,28.6,1752241087388
0.0,0.0,2.778,28.6,1752241087447
0.0,0.0,2.799,28.6,1752241087562
0.0,0.0,2.809,28.6,1752241087616
0.0,0.0,2.809,28.6,1752241087945
31.709983825683594,-97.18826293945312,2.809,28.6,1752241088000
0.0,0.0,2.809,28.6,1752241088038
0.0,0.0,2.82,28.6,1752241088071
0.0,0.0,2.82,28.6,1752241088159
0.0,0.0,2.82,28.6,1752241088214
0.0,0.0,2.83,28.6,1752241088308
0.0,0.0,2.82,28.6,1752241088351
0.0,0.0,2.83,28.6,1752241088441
0.0,0.0,2.82,28.6,1752241088482
0.0,0.0,2.82,28.6,1752241088571
0.0,0.0,2.809,28.6,1752241088614
0.0,0.0,2.82,28.6,1752241088703
0.0,0.0,2.82,28.6,1752241088745
0.0,0.0,2.83,28.6,1752241088833
0.0,0.0,2.82,28.6,1752241088924
31.70998764038086,-97.18826293945312,2.82,28.6,1752241089000
0.0,0.0,2.82,28.6,1752241089010
0.0,0.0,2.841,28.6,1752241089044
0.0,0.0,2.83,28.6,1752241089138
0.0,0.0,2.83,28.6,1752241089189
0.0,0.0,2.83,28.6,1752241089279
0.0,0.0,2.851,28.6,1752241089320
0.0,0.0,2.841,28.6,1752241089408
0.0,0.0,2.851,28.6,1752241089450
0.0,0.0,2.851,28.6,1752241089538
0.0,0.0,2.851,28.6,1752241089811
0.0,0.0,2.851,28.6,1752241089899
0.0,0.0,2.861,28.6,1752241089941
31.709993362426758,-97.18826293945312,2.861,28.6,1752241090000
0.0,0.0,2.861,28.6,1752241090029
0.0,0.0,2.851,28.6,1752241090071
0.0,0.0,2.851,28.6,1752241090160
0.0,0.0,2.851,28.6,1752241090213
0.0,0.0,2.851,28.6,1752241090306
0.0,0.0,2.841,28.6,1752241090347
0.0,0.0,2.851,28.6,1752241090436
0.0,0.0,2.851,28.6,1752241090478
0.0,0.0,2.841,28.6,1752241090585
0.0,0.0,2.841,28.6,1752241090858
0.0,0.0,2.841,28.8,1752241090958
31.709999084472656,-97.18826293945312,2.841,28.8,1752241091000
0.0,0.0,2.841,28.8,1752241091003
0.0,0.0,2.851,28.8,1752241091092
0.0,0.0,2.861,28.8,1752241091134
0.0,0.0,2.861,28.8,1752241091233
0.0,0.0,2.861,28.8,1752241091278
0.0,0.0,2.861,28.8,1752241091398
0.0,0.0,2.861,28.8,1752241091451
0.0,0.0,2.861,28.8,1752241091567
0.0,0.0,2.861,28.8,1752241091626
0.0,0.0,2.872,28.8,1752241091953
0.0,0.0,2.872,28.8,1752241091995
0.0,0.0,2.872,28.8,1752241092083
0.0,0.0,2.872,28.8,1752241092125
0.0,0.0,2.872,28.8,1752241092224
0.0,0.0,2.861,28.8,1752241092266
0.0,0.0,2.861,28.8,1752241092354
0.0,0.0,2.861,28.8,1752241092396
0.0,0.0,2.851,28.8,1752241092513
0.0,0.0,2.851,28.8,1752241092566
0.0,0.0,2.851,28.8,1752241092686
0.0,0.0,2.851,28.8,1752241092957
31.710002899169922,-97.18826293945312,2.851,28.8,1752241093000
31.71000862121582,-97.18826293945312,2.851,28.8,1752241093000
0.0,0.0,2.851,28.8,1752241093045
0.0,0.0,2.841,28.8,1752241093091
0.0,0.0,2.841,28.8,1752241093183
0.0,0.0,2.841,28.8,1752241093233
0.0,0.0,2.841,28.8,1752241093323
0.0,0.0,2.841,28.8,1752241093365
0.0,0.0,2.841,28.8,1752241093455
0.0,0.0,2.841,28.8,1752241093496
0.0,0.0,2.841,28.8,1752241093586
0.0,0.0,2.851,28.8,1752241093629
0.0,0.0,2.851,28.8,1752241093717
0.0,0.0,2.851,28.8,1752241093760
0.0,0.0,2.851,28.8,1752241093850
0.0,0.0,2.841,28.8,1752241093892
0.0,0.0,2.851,28.8,1752241093983
0.0,0.0,2.851,28.8,1752241094029
0.0,0.0,2.851,28.8,1752241094119
0.0,0.0,2.851,28.8,1752241094166
0.0,0.0,2.851,28.8,1752241094263
0.0,0.0,2.851,28.8,1752241094305
0.0,0.0,2.851,28.8,1752241094394
0.0,0.0,2.851,28.8,1752241094436
0.0,0.0,2.851,28.8,1752241094525
0.0,0.0,2.851,28.8,1752241094567
0.0,0.0,2.851,28.8,1752241094962
31.710012435913086,-97.18826293945312,2.851,28.8,1752241095000
0.0,0.0,2.851,28.8,1752241095021
0.0,0.0,2.851,28.8,1752241095141
0.0,0.0,2.851,28.8,1752241095430
0.0,0.0,2.872,28.8,1752241095520
0.0,0.0,2.861,28.8,1752241095561
0.0,0.0,2.861,28.8,1752241095657
0.0,0.0,2.861,28.8,1752241095699
0.0,0.0,2.861,28.8,1752241095790
0.0,0.0,2.861,28.8,1752241095831
0.0,0.0,2.861,28.8,1752241095921
0.0,0.0,2.861,28.8,1752241095963
31.710018157958984,-97.18826293945312,2.861,28.8,1752241096000
0.0,0.0,2.861,28.8,1752241096054
0.0,0.0,2.861,28.8,1752241096095
0.0,0.0,2.861,28.8,1752241096188
0.0,0.0,2.861,28.8,1752241096239
0.0,0.0,2.851,28.8,1752241096330
0.0,0.0,2.861,28.8,1752241096371
0.0,0.0,2.851,28.8,1752241096475
0.0,0.0,2.872,28.8,1752241096533
0.0,0.0,2.861,28.8,1752241096660
0.0,0.0,2.861,29.0,1752241096928
0.0,0.0,2.861,29.0,1752241097032
0.0,0.0,2.861,29.0,1752241097074
0.0,0.0,2.861,29.0,1752241097165
0.0,0.0,2.861,29.0,1752241097217
0.0,0.0,2.872,29.0,1752241097319
0.0,0.0,2.861,29.0,1752241097439
0.0,0.0,2.872,29.0,1752241097517
0.0,0.0,2.872,29.0,1752241097575
0.0,0.0,2.872,29.0,1752241097691
0.0,0.0,2.861,29.0,1752241097965
31.710025787353516,-97.18826293945312,2.861,29.0,1752241098000
0.0,0.0,2.861,29.0,1752241098057
0.0,0.0,2.861,29.0,1752241098103
0.0,0.0,2.861,29.0,1752241098195
0.0,0.0,2.861,29.0,1752241098246
0.0,0.0,2.851,29.0,1752241098338
0.0,0.0,2.841,29.0,1752241098381
0.0,0.0,2.841,29.0,1752241098472
0.0,0.0,2.851,29.0,1752241098514
0.0,0.0,2.851,29.0,1752241098605
0.0,0.0,2.851,29.0,1752241098647
0.0,0.0,2.851,29.0,1752241098738
0.0,0.0,2.861,29.0,1752241098780
0.0,0.0,2.861,29.0,1752241098871
0.0,0.0,2.861,29.0,1752241098913
31.71002960205078,-97.18826293945312,2.861,29.0,1752241099000
0.0,0.0,2.861,29.0,1752241099004
0.0,0.0,2.872,29.0,1752241099050
0.0,0.0,2.872,29.0,1752241099140
0.0,0.0,2.882,29.0,1752241099193
0.0,0.0,2.882,29.0,1752241099285
0.0,0.0,2.872,29.0,1752241099327
0.0,0.0,2.882,29.0,1752241099423
0.0,0.0,2.882,29.0,1752241099482
0.0,0.0,2.882,29.0,1752241099820
0.0,0.0,2.882,29.0,1752241099863
0.0,0.0,2.872,29.0,1752241099955
0.0,0.0,2.882,29.0,1752241099997
31.71003532409668,-97.18826293945312,2.882,29.0,1752241100000
0.0,0.0,2.882,29.0,1752241100087
0.0,0.0,2.872,29.0,1752241100129
0.0,0.0,2.872,29.0,1752241100237
0.0,0.0,2.882,29.0,1752241100297
0.0,0.0,2.882,29.0,1752241100425
0.0,0.0,2.882,29.0,1752241100479
0.0,0.0,2.882,29.0,1752241100602
0.0,0.0,2.882,29.0,1752241100661
0.0,0.0,2.882,29.0,1752241100785
31.710039138793945,-97.18826293945312,2.882,29.0,1752241101000
0.0,0.0,2.882,29.0,1752241101062
0.0,0.0,2.882,29.0,1752241101153
0.0,0.0,2.882,29.0,1752241101205
0.0,0.0,2.893,29.0,1752241101301
0.0,0.0,2.893,29.0,1752241101361
0.0,0.0,2.893,29.0,1752241101486
0.0,0.0,2.893,29.0,1752241101544
0.0,0.0,2.893,29.0,1752241101670
0.0,0.0,2.882,29.0,1752241101784
0.0,0.0,2.882,29.0,1752241102080
0.0,0.0,2.882,29.0,1752241102124
0.0,0.0,2.882,29.0,1752241102225
0.0,0.0,2.882,29.0,1752241102267
0.0,0.0,2.882,29.0,1752241102396
0.0,0.0,2.882,29.0,1752241102451
0.0,0.0,2.882,29.0,1752241102576
0.0,0.0,2.882,29.0,1752241102635
0.0,0.0,2.882,29.0,1752241102756
31.710044860839844,-97.18826293945312,2.882,29.0,1752241103000
0.0,0.0,2.882,29.0,1752241103034
0.0,0.0,2.882,29.0,1752241103127
0.0,0.0,2.882,29.0,1752241103173
0.0,0.0,2.893,29.0,1752241103276
0.0,0.0,2.893,29.0,1752241103318
0.0,0.0,2.893,29.0,1752241103411
0.0,0.0,2.893,29.0,1752241103453
0.0,0.0,2.882,29.0,1752241103545
0.0,0.0,2.903,29.0,1752241103587
0.0,0.0,2.903,29.0,1752241103679
0.0,0.0,2.903,29.0,1752241103721
0.0,0.0,2.903,29.0,1752241103812
0.0,0.0,2.913,29.0,1752241103855
0.0,0.0,2.913,29.0,1752241103946
0.0,0.0,2.913,29.0,1752241103989
31.710050582885742,-97.18827056884766,2.913,29.0,1752241104000
0.0,0.0,2.913,29.0,1752241104080
0.0,0.0,2.913,29.0,1752241104121
0.0,0.0,2.903,29.0,1752241104225
0.0,0.0,2.903,29.0,1752241104267
0.0,0.0,2.913,29.0,1752241104369
0.0,0.0,2.903,29.0,1752241104428
0.0,0.0,2.903,29.0,1752241104555
0.0,0.0,2.903,29.0,1752241104615
0.0,0.0,2.903,29.0,1752241104744
31.710054397583008,-97.18827056884766,2.893,29.0,1752241105000
0.0,0.0,2.893,29.0,1752241105022
0.0,0.0,2.893,29.0,1752241105114
0.0,0.0,2.893,29.0,1752241105162
0.0,0.0,2.903,29.0,1752241105275
0.0,0.0,2.893,29.0,1752241105333
0.0,0.0,2.893,29.0,1752241105462
0.0,0.0,2.903,29.0,1752241105515
0.0,0.0,2.903,29.0,1752241105648
0.0,0.0,2.893,29.0,1752241105703
0.0,0.0,2.903,29.0,1752241106037
0.0,0.0,2.903,29.0,1752241106080
0.0,0.0,2.882,29.0,1752241106172
0.0,0.0,2.882,29.0,1752241106226
0.0,0.0,2.882,29.0,1752241106355
0.0,0.0,2.872,29.0,1752241106416
0.0,0.0,2.861,29.0,1752241106539
0.0,0.0,2.841,29.0,1752241106599
0.0,0.0,2.841,29.0,1752241106723
31.710060119628906,-97.18827056884766,2.841,29.0,1752241107000
0.0,0.0,2.841,29.0,1752241107001
0.0,0.0,2.841,29.0,1752241107094
0.0,0.0,2.851,29.0,1752241107136
0.0,0.0,2.851,29.0,1752241107242
0.0,0.0,2.851,29.0,1752241107285
0.0,0.0,2.861,29.0,1752241107376
0.0,0.0,2.872,29.0,1752241107420
0.0,0.0,2.872,29.0,1752241107511
0.0,0.0,2.861,29.0,1752241107553
0.0,0.0,2.882,29.0,1752241107645
0.0,0.0,2.903,29.0,1752241107687
0.0,0.0,2.893,29.0,1752241107779
0.0,0.0,2.893,29.0,1752241107822
0.0,0.0,2.893,29.0,1752241107913
0.0,0.0,2.893,29.0,1752241107955
31.710065841674805,-97.18827056884766,2.893,29.0,1752241108000
0.0,0.0,2.893,29.0,1752241108047
0.0,0.0,2.893,29.0,1752241108093
0.0,0.0,2.872,29.0,1752241108186
0.0,0.0,2.861,29.0,1752241108238
0.0,0.0,2.872,29.0,1752241108369
0.0,0.0,2.861,29.0,1752241108428
0.0,0.0,2.851,29.0,1752241108556
0.0,0.0,2.841,29.0,1752241108616
0.0,0.0,2.841,29.0,1752241108948
0.0,0.0,2.82,29.0,1752241108991
31.71006965637207,-97.18827056884766,2.82,29.0,1752241109000
0.0,0.0,2.841,29.0,1752241109081
0.0,0.0,2.83,29.0,1752241109123
0.0,0.0,2.82,29.0,1752241109220
0.0,0.0,2.809,29.0,1752241109258
0.0,0.0,2.809,29.0,1752241109374
0.0,0.0,2.82,29.0,1752241109426
0.0,0.0,2.809,29.0,1752241109551
0.0,0.0,2.768,29.0,1752241109603
0.0,0.0,2.757,29.0,1752241109718
0.0,0.0,2.726,29.0,1752241109795
31.71007537841797,-97.18827056884766,2.705,29.0,1752241110000
0.0,0.0,2.705,29.0,1752241110068
0.0,0.0,2.664,29.0,1752241110155
0.0,0.0,2.632,29.0,1752241110204
0.0,0.0,2.612,29.0,1752241110303
0.0,0.0,2.622,29.0,1752241110355
0.0,0.0,2.612,29.0,1752241110476
0.0,0.0,2.58,29.0,1752241110528
0.0,0.0,2.539,29.0,1752241110646
0.0,0.0,2.508,29.0,1752241110698
0.0,0.0,2.518,29.0,1752241110806
0.0,0.0,2.487,29.0,1752241111081
0.0,0.0,2.487,29.0,1752241111166
0.0,0.0,2.476,29.0,1752241111217
0.0,0.0,2.497,29.0,1752241111316
0.0,0.0,2.508,29.0,1752241111367
0.0,0.0,2.497,29.0,1752241111486
0.0,0.0,2.445,29.0,1752241111534
0.0,0.0,2.435,29.0,1752241111652
0.0,0.0,2.445,29.0,1752241111705
0.0,0.0,2.456,29.2,1752241111824
31.710079193115234,-97.18827056884766,2.445,29.2,1752241112000
0.0,0.0,2.445,29.2,1752241112095
0.0,0.0,2.424,29.2,1752241112179
0.0,0.0,2.435,29.2,1752241112229
0.0,0.0,2.424,29.2,1752241112314
0.0,0.0,2.414,29.2,1752241112355
0.0,0.0,2.372,29.2,1752241112441
0.0,0.0,2.372,29.2,1752241112479
0.0,0.0,2.351,29.2,1752241112565
0.0,0.0,2.372,29.2,1752241112603
0.0,0.0,2.383,29.2,1752241112688
0.0,0.0,2.383,29.2,1752241112726
0.0,0.0,2.383,29.2,1752241112810
0.0,0.0,2.383,29.2,1752241112849
0.0,0.0,2.393,29.2,1752241112934
0.0,0.0,2.383,29.2,1752241112971
31.710084915161133,-97.18826293945312,2.383,29.2,1752241113000
0.0,0.0,2.393,29.2,1752241113056
0.0,0.0,2.372,29.2,1752241113093
0.0,0.0,2.393,29.2,1752241113181
0.0,0.0,2.404,29.2,1752241113229
0.0,0.0,2.404,29.2,1752241113340
0.0,0.0,2.393,29.2,1752241113394
0.0,0.0,2.393,29.2,1752241113513
0.0,0.0,2.393,29.2,1752241113565
0.0,0.0,2.393,29.2,1752241113684
0.0,0.0,2.393,29.2,1752241113773
31.71009063720703,-97.18826293945312,2.383,29.2,1752241114000
0.0,0.0,2.383,29.2,1752241114043
0.0,0.0,2.404,29.2,1752241114080
0.0,0.0,2.393,29.2,1752241114166
0.0,0.0,2.424,29.2,1752241114227
0.0,0.0,2.456,29.2,1752241114346
0.0,0.0,2.456,29.2,1752241114399
0.0,0.0,2.466,29.2,1752241114519
0.0,0.0,2.466,29.2,1752241114566
0.0,0.0,2.466,29.2,1752241114690
0.0,0.0,2.466,29.2,1752241114738
0.0,0.0,2.476,29.2,1752241115078
0.0,0.0,2.497,29.2,1752241115111
0.0,0.0,2.497,29.2,1752241115199
0.0,0.0,2.487,29.2,1752241115252
0.0,0.0,2.508,29.2,1752241115366
0.0,0.0,2.487,29.2,1752241115418
0.0,0.0,2.445,29.2,1752241115536
0.0,0.0,2.466,29.2,1752241115587
0.0,0.0,2.466,29.2,1752241115700
0.0,0.0,2.466,29.2,1752241115753
31.710092544555664,-97.18826293945312,2.466,29.2,1752241116000
31.710098266601562,-97.18826293945312,2.466,29.2,1752241116000
0.0,0.0,2.466,29.2,1752241116069
0.0,0.0,2.476,29.2,1752241116110
0.0,0.0,2.487,29.2,1752241116196
0.0,0.0,2.476,29.2,1752241116241
0.0,0.0,2.508,29.2,1752241116326
0.0,0.0,2.528,29.2,1752241116363
0.0,0.0,2.528,29.2,1752241116446
0.0,0.0,2.539,29.2,1752241116484
0.0,0.0,2.58,29.2,1752241116567
0.0,0.0,2.56,29.2,1752241116604
0.0,0.0,2.58,29.2,1752241116689
0.0,0.0,2.601,29.2,1752241116726
0.0,0.0,2.612,29.2,1752241116810
0.0,0.0,2.653,29.2,1752241116847
0.0,0.0,2.653,29.2,1752241116930
0.0,0.0,2.674,29.2,1752241116972
0.0,0.0,2.643,29.2,1752241117056
0.0,0.0,2.643,29.2,1752241117095
0.0,0.0,2.653,29.2,1752241117182
0.0,0.0,2.664,29.2,1752241117227
0.0,0.0,2.674,29.2,1752241117337
0.0,0.0,2.726,29.2,1752241117388
0.0,0.0,2.747,29.2,1752241117506
0.0,0.0,2.747,29.2,1752241117561
0.0,0.0,2.757,29.2,1752241117679
0.0,0.0,2.737,29.2,1752241117731
31.71010398864746,-97.18826293945312,2.737,29.2,1752241118000
0.0,0.0,2.737,29.2,1752241118141
0.0,0.0,2.737,29.2,1752241118207
0.0,0.0,2.768,29.2,1752241118325
0.0,0.0,2.768,29.2,1752241118591
0.0,0.0,2.778,29.2,1752241118679
0.0,0.0,2.778,29.2,1752241118717
0.0,0.0,2.789,29.2,1752241118801
0.0,0.0,2.778,29.2,1752241118838
0.0,0.0,2.778,29.2,1752241118922
0.0,0.0,2.789,29.2,1752241118959
31.710107803344727,-97.18826293945312,2.789,29.2,1752241119000
0.0,0.0,2.789,29.2,1752241119043
0.0,0.0,2.809,29.2,1752241119080
0.0,0.0,2.83,29.2,1752241119164
0.0,0.0,2.841,29.2,1752241119212
0.0,0.0,2.851,29.2,1752241119331
0.0,0.0,2.861,29.2,1752241119383
0.0,0.0,2.872,29.2,1752241119500
0.0,0.0,2.872,29.2,1752241119552
0.0,0.0,2.882,29.2,1752241119670
0.0,0.0,2.882,29.2,1752241119722
0.0,0.0,2.882,29.2,1752241120042
0.0,0.0,2.893,29.2,1752241120079
0.0,0.0,2.882,29.2,1752241120164
0.0,0.0,2.882,29.2,1752241120222
0.0,0.0,2.872,29.2,1752241120334
0.0,0.0,2.872,29.2,1752241120385
0.0,0.0,2.861,29.2,1752241120503
0.0,0.0,2.851,29.2,1752241120549
0.0,0.0,2.851,29.2,1752241120667
0.0,0.0,2.851,29.2,1752241120718
31.710113525390625,-97.18826293945312,2.851,29.2,1752241121000
0.0,0.0,2.851,29.2,1752241121038
0.0,0.0,2.851,29.2,1752241121075
0.0,0.0,2.861,29.2,1752241121162
0.0,0.0,2.861,29.2,1752241121213
0.0,0.0,2.861,29.2,1752241121298
0.0,0.0,2.841,29.2,1752241121336
0.0,0.0,2.83,29.2,1752241121420
0.0,0.0,2.83,29.2,1752241121458
0.0,0.0,2.83,29.2,1752241121540
0.0,0.0,2.82,29.2,1752241121577
0.0,0.0,2.82,29.2,1752241121661
0.0,0.0,2.82,29.2,1752241121700
0.0,0.0,2.809,29.2,1752241121783
0.0,0.0,2.789,29.2,1752241121821
0.0,0.0,2.768,29.2,1752241121906
0.0,0.0,2.768,29.2,1752241121943
31.710119247436523,-97.18826293945312,2.768,29.2,1752241122000
0.0,0.0,2.768,29.2,1752241122027
0.0,0.0,2.778,29.2,1752241122071
0.0,0.0,2.768,29.2,1752241122154
0.0,0.0,2.757,29.2,1752241122220
0.0,0.0,2.737,29.2,1752241122338
0.0,0.0,2.716,29.2,1752241122392
0.0,0.0,2.716,29.2,1752241122510
0.0,0.0,2.716,29.2,1752241122563
0.0,0.0,2.705,29.2,1752241122675
0.0,0.0,2.695,29.2,1752241122935
31.71012306213379,-97.1882553100586,2.716,29.2,1752241123000
0.0,0.0,2.716,29.2,1752241123019
0.0,0.0,2.685,29.2,1752241123056
0.0,0.0,2.674,29.2,1752241123140
0.0,0.0,2.653,29.2,1752241123192
0.0,0.0,2.674,29.2,1752241123315
0.0,0.0,2.664,29.2,1752241123368
0.0,0.0,2.674,29.2,1752241123485
0.0,0.0,2.664,29.2,1752241123537
0.0,0.0,2.664,29.2,1752241123649
0.0,0.0,2.643,29.2,1752241123701
31.710128784179688,-97.1882553100586,2.653,29.2,1752241124000
0.0,0.0,2.653,29.2,1752241124019
0.0,0.0,2.674,29.2,1752241124101
0.0,0.0,2.653,29.2,1752241124143
0.0,0.0,2.685,29.2,1752241124255
0.0,0.0,2.674,29.2,1752241124306
0.0,0.0,2.664,29.2,1752241124423
0.0,0.0,2.643,29.2,1752241124480
0.0,0.0,2.653,29.2,1752241124597
0.0,0.0,2.632,29.2,1752241124650
0.0,0.0,2.632,29.2,1752241124977
31.710132598876953,-97.1882553100586,2.632,29.2,1752241125000
0.0,0.0,2.632,29.2,1752241125015
0.0,0.0,2.612,29.2,1752241125098
0.0,0.0,2.601,29.2,1752241125139
0.0,0.0,2.56,29.2,1752241125245
0.0,0.0,2.57,29.2,1752241125297
0.0,0.0,2.528,29.2,1752241125417
0.0,0.0,2.508,29.2,1752241125468
0.0,0.0,2.508,29.2,1752241125581
0.0,0.0,2.497,29.2,1752241125635
0.0,0.0,2.466,29.2,1752241125743
0.0,0.0,2.456,29.2,1752241126014
0.0,0.0,2.445,29.2,1752241126097
0.0,0.0,2.424,29.2,1752241126135
0.0,0.0,2.435,29.2,1752241126250
0.0,0.0,2.435,29.2,1752241126297
0.0,0.0,2.435,29.2,1752241126415
0.0,0.0,2.424,29.2,1752241126467
0.0,0.0,2.445,29.2,1752241126579
0.0,0.0,2.435,29.2,1752241126632
0.0,0.0,2.424,29.2,1752241126740
31.71013832092285,-97.1882553100586,2.424,29.2,1752241127000
0.0,0.0,2.424,29.2,1752241127005
0.0,0.0,2.435,29.2,1752241127089
0.0,0.0,2.414,29.2,1752241127126
0.0,0.0,2.404,29.2,1752241127221
0.0,0.0,2.393,29.2,1752241127259
0.0,0.0,2.372,29.2,1752241127347
0.0,0.0,2.372,29.2,1752241127384
0.0,0.0,2.362,29.2,1752241127470
0.0,0.0,2.351,29.2,1752241127507
0.0,0.0,2.341,29.2,1752241127590
0.0,0.0,2.331,29.2,1752241127627
0.0,0.0,2.331,29.2,1752241127711
0.0,0.0,2.32,29.2,1752241127749
0.0,0.0,2.32,29.2,1752241127832
0.0,0.0,2.32,29.2,1752241127870
0.0,0.0,2.331,29.2,1752241127954
0.0,0.0,2.341,29.2,1752241127991
31.71014404296875,-97.1882553100586,2.341,29.2,1752241128000
0.0,0.0,2.331,29.2,1752241128075
0.0,0.0,2.331,29.2,1752241128112
0.0,0.0,2.341,29.2,1752241128208
0.0,0.0,2.341,29.2,1752241128249
0.0,0.0,2.341,29.2,1752241128349
0.0,0.0,2.341,29.2,1752241128404
0.0,0.0,2.331,29.2,1752241128521
0.0,0.0,2.341,29.2,1752241128572
0.0,0.0,2.341,29.2,1752241128690
0.0,0.0,2.32,29.2,1752241128741
31.71014976501465,-97.1882553100586,2.32,29.2,1752241129000
0.0,0.0,2.32,29.2,1752241129061
0.0,0.0,2.31,29.2,1752241129098
0.0,0.0,2.31,29.2,1752241129182
0.0,0.0,2.31,29.2,1752241129231
0.0,0.0,2.299,29.2,1752241129354
0.0,0.0,2.299,29.2,1752241129406
0.0,0.0,2.289,29.2,1752241129525
0.0,0.0,2.289,29.2,1752241129572
0.0,0.0,2.289,29.2,1752241129689
0.0,0.0,2.289,29.2,1752241129739
31.710153579711914,-97.1882553100586,2.289,29.2,1752241130000
0.0,0.0,2.289,29.2,1752241130059
0.0,0.0,2.289,29.2,1752241130096
0.0,0.0,2.289,29.2,1752241130183
0.0,0.0,2.289,29.2,1752241130233
0.0,0.0,2.289,29.2,1752241130350
0.0,0.0,2.289,29.2,1752241130402
0.0,0.0,2.289,29.2,1752241130517
0.0,0.0,2.289,29.2,1752241130568
0.0,0.0,2.289,29.2,1752241130688
0.0,0.0,2.289,29.2,1752241130739
0.0,0.0,2.279,29.2,1752241131062
0.0,0.0,2.268,29.2,1752241131099
0.0,0.0,2.268,29.2,1752241131186
0.0,0.0,2.268,29.2,1752241131235
0.0,0.0,2.268,29.2,1752241131351
0.0,0.0,2.258,29.2,1752241131403
0.0,0.0,2.258,29.2,1752241131544
0.0,0.0,2.258,29.2,1752241131588
0.0,0.0,2.247,29.2,1752241131699
0.0,0.0,2.237,29.2,1752241131981
31.71015739440918,-97.1882553100586,2.237,29.2,1752241132000
31.710163116455078,-97.1882553100586,2.237,29.2,1752241132000
0.0,0.0,2.237,29.2,1752241132065
0.0,0.0,2.237,29.2,1752241132102
0.0,0.0,2.227,29.2,1752241132191
0.0,0.0,2.237,29.2,1752241132236
0.0,0.0,2.216,29.2,1752241132320
0.0,0.0,2.216,29.2,1752241132359
0.0,0.0,2.195,29.2,1752241132442
0.0,0.0,2.195,29.2,1752241132479
0.0,0.0,2.175,29.2,1752241132563
0.0,0.0,2.154,29.2,1752241132601
0.0,0.0,2.164,29.2,1752241132683
0.0,0.0,2.164,29.2,1752241132720
0.0,0.0,2.154,29.2,1752241132803
0.0,0.0,2.133,29.2,1752241132841
0.0,0.0,2.112,29.2,1752241132924
0.0,0.0,2.091,29.2,1752241132961
0.0,0.0,2.102,29.2,1752241133049
0.0,0.0,2.091,29.2,1752241133087
0.0,0.0,2.081,29.2,1752241133170
0.0,0.0,2.07,29.2,1752241133219
0.0,0.0,2.07,29.2,1752241133331
0.0,0.0,2.06,29.2,1752241133382
0.0,0.0,2.039,29.2,1752241133499
0.0,0.0,2.039,29.2,1752241133551
0.0,0.0,2.029,29.2,1752241133663
0.0,0.0,2.018,29.2,1752241133714
31.710168838500977,-97.1882553100586,1.998,29.2,1752241134000
0.0,0.0,1.998,29.2,1752241134144
0.0,0.0,1.998,29.2,1752241134210
0.0,0.0,1.977,29.2,1752241134325
0.0,0.0,1.966,29.2,1752241134603
0.0,0.0,1.956,29.2,1752241134691
0.0,0.0,1.946,29.2,1752241134729
0.0,0.0,1.925,29.2,1752241134813
0.0,0.0,1.914,29.2,1752241134850
0.0,0.0,1.914,29.2,1752241134934
0.0,0.0,1.904,29.2,1752241134972
31.710172653198242,-97.1882553100586,1.904,29.2,1752241135000
0.0,0.0,1.894,29.2,1752241135055
0.0,0.0,1.883,29.2,1752241135092
0.0,0.0,1.873,29.2,1752241135176
0.0,0.0,1.862,29.2,1752241135223
0.0,0.0,1.862,29.2,1752241135337
0.0,0.0,1.852,29.2,1752241135384
0.0,0.0,1.842,29.2,1752241135500
0.0,0.0,1.831,29.2,1752241135552
0.0,0.0,1.821,29.2,1752241135670
0.0,0.0,1.81,29.2,1752241135726
0.0,0.0,1.79,29.2,1752241136045
0.0,0.0,1.779,29.2,1752241136083
0.0,0.0,1.779,29.2,1752241136166
0.0,0.0,1.769,29.2,1752241136218
0.0,0.0,1.758,29.2,1752241136333
0.0,0.0,1.748,29.2,1752241136383
0.0,0.0,1.727,29.2,1752241136500
0.0,0.0,1.696,29.2,1752241136552
0.0,0.0,1.685,29.2,1752241136666
0.0,0.0,1.696,29.2,1752241136718
31.71017837524414,-97.18824768066406,1.685,29.2,1752241137000
31.71018409729004,-97.18824768066406,1.685,29.2,1752241137000
0.0,0.0,1.685,29.2,1752241137027
0.0,0.0,1.675,29.2,1752241137065
0.0,0.0,1.675,29.2,1752241137153
0.0,0.0,1.665,29.2,1752241137201
0.0,0.0,1.644,29.2,1752241137285
0.0,0.0,1.613,29.2,1752241137324
0.0,0.0,1.602,29.2,1752241137409
0.0,0.0,1.581,29.2,1752241137446
0.0,0.0,1.561,29.2,1752241137530
0.0,0.0,1.561,29.2,1752241137567
0.0,0.0,1.54,29.2,1752241137653
0.0,0.0,1.519,29.2,1752241137691
0.0,0.0,1.498,29.2,1752241137775
0.0,0.0,1.498,29.2,1752241137813
0.0,0.0,1.477,29.2,1752241137897
0.0,0.0,1.456,29.2,1752241137934
0.0,0.0,1.436,29.2,1752241138022
0.0,0.0,1.436,29.2,1752241138061
0.0,0.0,1.436,29.2,1752241138146
0.0,0.0,1.436,29.2,1752241138193
0.0,0.0,1.436,29.4,1752241138302
0.0,0.0,1.425,29.4,1752241138357
0.0,0.0,1.415,29.4,1752241138476
0.0,0.0,1.394,29.4,1752241138528
0.0,0.0,1.373,29.4,1752241138646
0.0,0.0,1.363,29.4,1752241138993
31.710186004638672,-97.18824768066406,1.363,29.4,1752241139000
0.0,0.0,1.363,29.4,1752241139105
0.0,0.0,1.363,29.4,1752241139156
0.0,0.0,1.352,29.4,1752241139280
0.0,0.0,1.342,29.4,1752241139554
0.0,0.0,1.321,29.4,1752241139639
0.0,0.0,1.3,29.4,1752241139680
0.0,0.0,1.28,29.4,1752241139764
0.0,0.0,1.259,29.4,1752241139802
0.0,0.0,1.259,29.4,1752241139886
0.0,0.0,1.269,29.4,1752241139924
31.710189819335938,-97.18824768066406,1.259,29.4,1752241140000
0.0,0.0,1.259,29.4,1752241140008
0.0,0.0,1.259,29.4,1752241140046
0.0,0.0,1.228,29.4,1752241140130
0.0,0.0,1.217,29.4,1752241140170
0.0,0.0,1.217,29.4,1752241140296
0.0,0.0,1.207,29.4,1752241140348
0.0,0.0,1.207,29.4,1752241140464
0.0,0.0,1.196,29.4,1752241140512
0.0,0.0,1.196,29.4,1752241140630
0.0,0.0,1.207,29.4,1752241140723
0.0,0.0,1.217,29.4,1752241140997
0.0,0.0,1.186,29.4,1752241141035
0.0,0.0,1.175,29.4,1752241141119
0.0,0.0,1.175,29.4,1752241141159
0.0,0.0,1.186,29.4,1752241141265
0.0,0.0,1.175,29.4,1752241141317
0.0,0.0,1.144,29.4,1752241141429
0.0,0.0,1.134,29.4,1752241141481
0.0,0.0,1.113,29.4,1752241141593
0.0,0.0,1.082,29.4,1752241141645
0.0,0.0,1.061,29.4,1752241141754
31.710195541381836,-97.18824768066406,1.03,29.4,1752241142000
31.7101993560791,-97.18824768066406,1.03,29.4,1752241142000
0.0,0.0,1.03,29.4,1752241142050
0.0,0.0,1.009,29.4,1752241142087
0.0,0.0,0.999,29.4,1752241142175
0.0,0.0,0.978,29.4,1752241142228
0.0,0.0,0.957,29.4,1752241142313
0.0,0.0,0.936,29.4,1752241142351
0.0,0.0,0.936,29.4,1752241142436
0.0,0.0,0.947,29.4,1752241142474
0.0,0.0,0.936,29.4,1752241142557
0.0,0.0,0.947,29.4,1752241142595
0.0,0.0,0.957,29.4,1752241142679
0.0,0.0,0.957,29.4,1752241142716
0.0,0.0,0.957,29.4,1752241142801
0.0,0.0,0.957,29.4,1752241142838
0.0,0.0,0.967,29.4,1752241142922
0.0,0.0,0.967,29.4,1752241142963
0.0,0.0,0.957,29.4,1752241143047
0.0,0.0,0.947,29.4,1752241143086
0.0,0.0,0.915,29.4,1752241143169
0.0,0.0,0.895,29.4,1752241143218
0.0,0.0,0.874,29.4,1752241143322
0.0,0.0,0.853,29.4,1752241143375
0.0,0.0,0.832,29.4,1752241143495
0.0,0.0,0.811,29.4,1752241143547
0.0,0.0,0.78,29.4,1752241143661
0.0,0.0,0.78,29.4,1752241143769
31.710205078125,-97.18824768066406,0.749,29.4,1752241144000
0.0,0.0,0.749,29.4,1752241144117
0.0,0.0,0.728,29.4,1752241144173
0.0,0.0,0.718,29.4,1752241144295
0.0,0.0,0.728,29.4,1752241144566
0.0,0.0,0.738,29.4,1752241144654
0.0,0.0,0.718,29.4,1752241144692
0.0,0.0,0.707,29.4,1752241144776
0.0,0.0,0.707,29.4,1752241144813
0.0,0.0,0.697,29.4,1752241144897
0.0,0.0,0.697,29.4,1752241144934
31.7102108001709,-97.18824005126953,0.697,29.4,1752241145000
0.0,0.0,0.697,29.4,1752241145019
0.0,0.0,0.676,29.4,1752241145056
0.0,0.0,0.686,29.4,1752241145140
0.0,0.0,0.697,29.4,1752241145188
0.0,0.0,0.697,29.4,1752241145306
0.0,0.0,0.697,29.4,1752241145358
0.0,0.0,0.686,29.4,1752241145471
0.0,0.0,0.686,29.4,1752241145524
0.0,0.0,0.686,29.4,1752241145647
0.0,0.0,0.666,29.4,1752241145732
31.71021270751953,-97.18824005126953,0.686,29.4,1752241146000
0.0,0.0,0.686,29.4,1752241146005
0.0,0.0,0.676,29.4,1752241146042
0.0,0.0,0.686,29.4,1752241146126
0.0,0.0,0.686,29.4,1752241146167
0.0,0.0,0.686,29.4,1752241146295
0.0,0.0,0.686,29.4,1752241146323
0.0,0.0,0.697,29.4,1752241146346
0.0,0.0,0.707,29.4,1752241146404
0.0,0.0,0.749,29.4,1752241146498
0.0,0.0,0.77,29.4,1752241146644
0.0,0.0,0.78,29.4,1752241146671
0.0,0.0,0.842,29.4,1752241147019
0.0,0.0,0.905,29.4,1752241147058
0.0,0.0,0.967,29.4,1752241147142
0.0,0.0,1.123,29.4,1752241147250
0.0,0.0,1.28,29.4,1752241147297
0.0,0.0,1.415,29.4,1752241147415
0.0,0.0,1.55,29.4,1752241147469
0.0,0.0,1.675,29.4,1752241147582
0.0,0.0,1.821,29.4,1752241147612
0.0,0.0,1.956,29.4,1752241147636
0.0,0.0,2.56,29.4,1752241148691
0.0,0.0,3.33,29.4,1752241149009
0.0,0.0,4.089,29.4,1752241149203
0.0,0.0,4.818,29.4,1752241149558
0.0,0.0,5.515,29.4,1752241149707
0.0,0.0,6.431,29.4,1752241150241
0.0,0.0,7.191,29.4,1752241150357
0.0,0.0,8.013,29.4,1752241150557
0.0,0.0,8.918,29.4,1752241151024
0.0,0.0,9.126,29.4,1752241151141
0.0,0.0,9.522,29.4,1752241151358
0.0,0.0,10.271,29.4,1752241151657
0.0,0.0,9.938,29.4,1752241151942
0.0,0.0,9.47,29.4,1752241152074
0.0,0.0,9.158,29.4,1752241152204
0.0,0.0,8.897,29.4,1752241152440
0.0,0.0,9.074,29.4,1752241152774
0.0,0.0,8.7,29.4,1752241152911
0.0,0.0,8.44,29.4,1752241153108
0.0,0.0,8.034,29.4,1752241153140
0.0,0.0,7.617,29.4,1752241153407
0.0,0.0,7.846,29.4,1752241153740
0.0,0.0,7.867,29.4,1752241153825
0.0,0.0,7.545,29.4,1752241153904
0.0,0.0,8.169,29.4,1752241153987
0.0,0.0,8.897,29.4,1752241154219
0.0,0.0,9.543,29.4,1752241154390
0.0,0.0,10.438,29.4,1752241154624
0.0,0.0,10.573,29.4,1752241154657
0.0,0.0,11.364,29.4,1752241154747
0.0,0.0,11.916,29.4,1752241154892
0.0,0.0,12.353,29.4,1752241155074
0.0,0.0,12.686,29.4,1752241155107
0.0,0.0,12.748,29.4,1752241155243
0.0,0.0,12.675,29.4,1752241155278
0.0,0.0,12.967,29.4,1752241155371
0.0,0.0,12.925,29.4,1752241155590
0.0,0.0,12.342,29.4,1752241155774
0.0,0.0,12.321,29.4,1752241156039
0.0,0.0,11.811,29.4,1752241156142
0.0,0.0,11.655,29.4,1752241156187
0.0,0.0,11.406,29.4,1752241156345
0.0,0.0,11.302,29.4,1752241156438
0.0,0.0,11.406,29.4,1752241156622
0.0,0.0,11.499,29.4,1752241156657
0.0,0.0,11.53,29.4,1752241156907
0.0,0.0,11.572,29.4,1752241156992
0.0,0.0,11.354,29.4,1752241157074
0.0,0.0,11.01,29.4,1752241157107
0.0,0.0,11.395,29.4,1752241157358
0.0,0.0,11.052,29.4,1752241157442
0.0,0.0,11.062,29.4,1752241157526
0.0,0.0,11.281,29.4,1752241157610
0.0,0.0,11.437,29.4,1752241157729
0.0,0.0,11.77,29.4,1752241157874
0.0,0.0,11.718,29.4,1752241157954
0.0,0.0,11.957,29.4,1752241158176
0.0,0.0,12.165,29.4,1752241158269
0.0,0.0,12.446,29.4,1752241158524
0.0,0.0,12.311,29.4,1752241158604
0.0,0.0,12.415,29.4,1752241158692
0.0,0.0,12.04,29.4,1752241158776
0.0,0.0,12.144,29.4,1752241158893
31.710294723510742,-97.18822479248047,12.613,29.4,1752241159000
0.0,0.0,12.613,29.4,1752241159020
0.0,0.0,12.519,29.4,1752241159054
0.0,0.0,12.571,29.4,1752241159215
0.0,0.0,12.478,29.4,1752241159357
0.0,0.0,12.405,29.4,1752241159557
0.0,0.0,12.207,29.4,1752241159590
0.0,0.0,12.29,29.4,1752241160139
0.0,0.0,12.02,29.4,1752241160196
0.0,0.0,12.415,29.4,1752241160289
0.0,0.0,12.571,29.4,1752241160333
0.0,0.0,12.915,29.4,1752241160429
0.0,0.0,13.268,29.4,1752241160539
0.0,0.0,13.185,29.4,1752241160643
0.0,0.0,13.466,29.4,1752241160674
0.0,0.0,13.789,29.4,1752241160994
0.0,0.0,14.184,29.4,1752241161025
0.0,0.0,14.611,29.4,1752241161058
31.71027946472168,-97.18824768066406,14.642,29.4,1752241163000
0.0,0.0,14.642,29.4,1752241163141
0.0,0.0,14.715,29.4,1752241163258
0.0,0.0,14.663,29.4,1752241163291
0.0,0.0,14.528,29.4,1752241163326
0.0,0.0,14.236,29.4,1752241163427
0.0,0.0,14.174,29.4,1752241163642
0.0,0.0,13.737,29.4,1752241163709
0.0,0.0,13.799,29.4,1752241164365
0.0,0.0,13.674,29.4,1752241164400
0.0,0.0,13.487,29.4,1752241164442
0.0,0.0,13.341,29.4,1752241164474
0.0,0.0,13.456,29.4,1752241164509
0.0,0.0,13.893,29.4,1752241164540
0.0,0.0,14.028,29.4,1752241164575
0.0,0.0,14.382,29.4,1752241164608
0.0,0.0,14.486,29.4,1752241164887
0.0,0.0,14.965,29.4,1752241164924
0.0,0.0,15.308,29.4,1752241164959
0.0,0.0,15.818,29.4,1752241165007
0.0,0.0,16.089,29.4,1752241166791
0.0,0.0,16.401,29.4,1752241166940
0.0,0.0,16.536,29.4,1752241168107
0.0,0.0,16.547,29.2,1752241169240
0.0,0.0,16.661,29.2,1752241169540
0.0,0.0,16.713,29.2,1752241169856
0.0,0.0,16.911,29.2,1752241171690
0.0,0.0,17.161,29.2,1752241172240
0.0,0.0,17.442,29.2,1752241172541
31.710262298583984,-97.18824768066406,17.504,29.2,1752241173000
0.0,0.0,17.504,29.2,1752241173256
0.0,0.0,17.577,29.2,1752241173423
0.0,0.0,17.556,29.2,1752241173774
31.710256576538086,-97.18824768066406,17.556,29.2,1752241174000
0.0,0.0,17.483,29.2,1752241174922
31.71025276184082,-97.18824005126953,17.483,29.2,1752241175000
0.0,0.0,17.702,29.2,1752241175423
0.0,0.0,17.858,29.2,1752241175589
0.0,0.0,18.17,29.2,1752241175969
31.710247039794922,-97.18824005126953,18.17,29.2,1752241176000
0.0,0.0,18.222,29.2,1752241176607
0.0,0.0,18.42,29.2,1752241176853
31.71023941040039,-97.18824005126953,18.42,29.2,1752241177000
0.0,0.0,18.493,29.2,1752241177206
0.0,0.0,18.493,29.0,1752241177723
0.0,0.0,18.42,29.0,1752241178019
0.0,0.0,18.347,29.0,1752241179074
0.0,0.0,18.264,29.0,1752241179557
31.710224151611328,-97.18822479248047,18.16,29.0,1752241180000
31.710216522216797,-97.18822479248047,18.16,29.0,1752241180000
0.0,0.0,18.16,29.0,1752241180073
0.0,0.0,18.233,29.0,1752241180389
0.0,0.0,18.16,29.0,1752241180706
0.0,0.0,18.191,29.0,1752241180940
0.0,0.0,18.274,29.0,1752241182296
0.0,0.0,18.378,29.0,1752241182782
31.710205078125,-97.1882095336914,18.378,29.0,1752241183000
0.0,0.0,18.347,29.0,1752241183484
0.0,0.0,18.441,29.0,1752241183806
0.0,0.0,18.503,29.0,1752241183956
31.71019744873047,-97.18820190429688,18.503,29.0,1752241184000
0.0,0.0,18.409,29.0,1752241184907
0.0,0.0,18.462,29.0,1752241185773
0.0,0.0,18.441,29.0,1752241186224
0.0,0.0,18.586,28.8,1752241187655
0.0,0.0,18.566,28.8,1752241188590
0.0,0.0,18.701,28.8,1752241189089
0.0,0.0,18.576,28.8,1752241189972
0.0,0.0,18.399,28.8,1752241190955
0.0,0.0,18.378,28.8,1752241191540
0.0,0.0,18.42,28.8,1752241191873
0.0,0.0,18.357,28.8,1752241192156
0.0,0.0,18.326,28.8,1752241192705
0.0,0.0,18.576,28.8,1752241194217
0.0,0.0,18.586,28.8,1752241194839
31.710166931152344,-97.18811798095703,18.68,28.8,1752241195000
0.0,0.0,18.68,28.8,1752241195138
0.0,0.0,18.68,28.6,1752241195705
31.71016502380371,-97.1881103515625,18.628,28.6,1752241196000
0.0,0.0,18.628,28.6,1752241196053
0.0,0.0,18.524,28.6,1752241196373
0.0,0.0,18.67,28.6,1752241196921
0.0,0.0,18.732,28.6,1752241197588
0.0,0.0,18.638,28.6,1752241198788
0.0,0.0,18.638,28.6,1752241199005
0.0,0.0,18.722,28.6,1752241199938
31.71016502380371,-97.18807983398438,18.722,28.6,1752241200000
0.0,0.0,18.878,28.6,1752241200271
0.0,0.0,18.815,28.6,1752241200555
0.0,0.0,18.961,28.6,1752241201122
0.0,0.0,18.867,28.6,1752241202021
31.710163116455078,-97.18806457519531,18.899,28.6,1752241203000
0.0,0.0,18.899,28.6,1752241203021
0.0,0.0,18.888,28.6,1752241203238
0.0,0.0,18.94,28.6,1752241203854
31.710161209106445,-97.18806457519531,18.784,28.6,1752241204000
0.0,0.0,18.784,28.6,1752241204138
0.0,0.0,18.857,28.4,1752241205056
0.0,0.0,19.076,28.4,1752241205248
0.0,0.0,19.086,28.4,1752241206138
0.0,0.0,19.148,28.4,1752241207538
0.0,0.0,19.096,28.4,1752241208671
0.0,0.0,19.117,28.4,1752241208954
31.71015739440918,-97.18806457519531,19.117,28.4,1752241209000
0.0,0.0,18.805,28.4,1752241209272
0.0,0.0,18.878,28.4,1752241209887
31.71015739440918,-97.18806457519531,18.878,28.4,1752241210000
0.0,0.0,18.919,28.4,1752241210199
0.0,0.0,18.909,28.4,1752241210487
31.71015739440918,-97.18806457519531,18.961,28.4,1752241211000
0.0,0.0,18.961,28.4,1752241211404
0.0,0.0,18.982,28.4,1752241211802
0.0,0.0,18.94,28.4,1752241212339
31.710161209106445,-97.18807220458984,18.805,28.4,1752241213000
0.0,0.0,18.805,28.4,1752241213271
0.0,0.0,18.795,28.4,1752241213421
0.0,0.0,18.847,28.4,1752241213572
0.0,0.0,18.878,28.4,1752241213788
31.71015739440918,-97.18807220458984,18.961,28.4,1752241214000
0.0,0.0,18.961,28.4,1752241214087
0.0,0.0,19.2,28.4,1752241215173
0.0,0.0,19.211,28.4,1752241215342
0.0,0.0,19.232,28.4,1752241216321
0.0,0.0,19.252,28.4,1752241217454
0.0,0.0,19.273,28.4,1752241217770
0.0,0.0,19.398,28.4,1752241218603
0.0,0.0,19.315,28.4,1752241218887
0.0,0.0,18.992,28.2,1752241222536
0.0,0.0,18.69,28.2,1752241222924
0.0,0.0,17.598,28.2,1752241224356
0.0,0.0,16.588,28.2,1752241224423
0.0,0.0,15.496,28.2,1752241224488
0.0,0.0,14.372,28.2,1752241224557
0.0,0.0,13.81,28.2,1752241224621
0.0,0.0,13.373,28.2,1752241224767
0.0,0.0,12.852,28.2,1752241224847
0.0,0.0,12.498,28.2,1752241224888
0.0,0.0,11.895,28.2,1752241224922
0.0,0.0,11.458,28.2,1752241225037
0.0,0.0,11.291,28.2,1752241225195
0.0,0.0,11.218,28.2,1752241225255
0.0,0.0,12.051,28.2,1752241225350
0.0,0.0,12.738,28.2,1752241225453
0.0,0.0,13.352,28.2,1752241225520
0.0,0.0,14.236,28.2,1752241225591
0.0,0.0,14.163,28.2,1752241225688
0.0,0.0,13.893,28.2,1752241225735
0.0,0.0,13.653,28.2,1752241225820
0.0,0.0,13.601,28.2,1752241225886
0.0,0.0,13.362,28.2,1752241226037
0.0,0.0,13.102,28.2,1752241226070
0.0,0.0,12.758,28.2,1752241226153
0.0,0.0,12.373,28.2,1752241226235
0.0,0.0,11.499,28.2,1752241226289
0.0,0.0,10.75,28.2,1752241226367
0.0,0.0,9.969,28.2,1752241226437
0.0,0.0,9.074,28.2,1752241226503
0.0,0.0,8.783,28.2,1752241226653
0.0,0.0,8.564,28.2,1752241226685
0.0,0.0,8.606,28.2,1752241226721
0.0,0.0,8.356,28.2,1752241226770
0.0,0.0,8.637,28.2,1752241226853
0.0,0.0,8.918,28.2,1752241226920
0.0,0.0,9.22,28.2,1752241226988
0.0,0.0,9.553,28.2,1752241227069
0.0,0.0,9.876,28.2,1752241227137
0.0,0.0,10.021,28.2,1752241227212
0.0,0.0,10.167,28.2,1752241227270
0.0,0.0,10.178,28.2,1752241227336
0.0,0.0,10.302,28.2,1752241227403
0.0,0.0,10.469,28.2,1752241227471
0.0,0.0,10.438,28.2,1752241227553
0.0,0.0,10.469,28.2,1752241227686
0.0,0.0,10.365,28.2,1752241227722
0.0,0.0,10.334,28.2,1752241227837
0.0,0.0,10.354,28.2,1752241227987
31.709882736206055,-97.18814849853516,10.354,28.2,1752241228000
0.0,0.0,10.209,28.2,1752241228021
0.0,0.0,10.126,28.2,1752241228056
0.0,0.0,10.126,28.2,1752241228117
0.0,0.0,10.157,28.2,1752241228174
0.0,0.0,10.073,28.2,1752241228254
0.0,0.0,10.115,28.2,1752241228334
0.0,0.0,10.105,28.2,1752241228388
0.0,0.0,10.063,28.2,1752241228453
0.0,0.0,10.032,28.2,1752241228519
0.0,0.0,10.084,28.2,1752241228589
0.0,0.0,10.042,28.2,1752241228687
0.0,0.0,10.032,28.2,1752241228742
0.0,0.0,10.011,28.2,1752241228836
0.0,0.0,10.011,28.2,1752241228889
0.0,0.0,9.969,28.2,1752241228967
0.0,0.0,9.98,28.2,1752241229022
0.0,0.0,9.959,28.2,1752241229102
0.0,0.0,9.876,28.2,1752241229153
0.0,0.0,9.813,28.2,1752241229236
0.0,0.0,9.824,28.2,1752241229303
0.0,0.0,9.917,28.2,1752241229387
0.0,0.0,9.626,28.2,1752241229519
0.0,0.0,9.387,28.2,1752241229820
0.0,0.0,9.147,28.2,1752241229852
0.0,0.0,8.866,28.2,1752241229887
0.0,0.0,8.7,28.2,1752241229919
0.0,0.0,8.429,28.2,1752241229953
0.0,0.0,8.221,28.2,1752241230200
0.0,0.0,8.002,28.2,1752241230238
0.0,0.0,7.846,28.2,1752241230306
0.0,0.0,7.586,28.2,1752241230357
0.0,0.0,7.295,28.2,1752241230454
0.0,0.0,6.941,28.2,1752241230503
0.0,0.0,6.774,28.2,1752241230554
0.0,0.0,6.67,28.2,1752241230619
0.0,0.0,6.577,28.2,1752241230770
0.0,0.0,6.441,28.2,1752241231269
0.0,0.0,6.285,28.2,1752241231302
0.0,0.0,6.15,28.2,1752241231402
0.0,0.0,6.036,28.2,1752241231569
0.0,0.0,5.911,28.2,1752241231602
0.0,0.0,5.786,28.2,1752241231769
0.0,0.0,5.661,28.2,1752241231802
0.0,0.0,5.588,28.2,1752241231886
0.0,0.0,5.557,28.2,1752241231969
0.0,0.0,5.432,28.2,1752241232102
0.0,0.0,5.276,28.2,1752241232172
0.0,0.0,5.078,28.2,1752241232253
0.0,0.0,4.932,28.2,1752241232319
0.0,0.0,4.776,28.2,1752241232403
0.0,0.0,4.693,28.2,1752241232504
0.0,0.0,4.589,28.2,1752241232536
0.0,0.0,4.433,28.2,1752241232819
0.0,0.0,4.475,28.2,1752241232870
0.0,0.0,4.558,28.2,1752241232952
31.709890365600586,-97.1881332397461,4.651,28.2,1752241233000
0.0,0.0,4.651,28.2,1752241233019
0.0,0.0,4.766,28.2,1752241233086
0.0,0.0,4.766,28.2,1752241233172
0.0,0.0,4.86,28.2,1752241233237
0.0,0.0,4.88,28.2,1752241233319
0.0,0.0,4.901,28.2,1752241233422
0.0,0.0,4.912,28.2,1752241233761
0.0,0.0,4.984,28.2,1752241233830
0.0,0.0,5.026,28.2,1752241233872
0.0,0.0,5.047,28.2,1752241233970
31.70989418029785,-97.1881332397461,5.068,28.2,1752241234000
0.0,0.0,5.068,28.2,1752241234013
0.0,0.0,5.057,28.2,1752241234111
0.0,0.0,5.068,28.2,1752241234155
0.0,0.0,5.078,28.2,1752241234266
0.0,0.0,5.078,28.2,1752241234357
0.0,0.0,5.089,28.2,1752241234430
0.0,0.0,5.109,28.2,1752241234489
0.0,0.0,5.12,28.2,1752241234624
0.0,0.0,5.13,28.2,1752241234943
0.0,0.0,5.109,28.4,1752241235054
0.0,0.0,5.089,28.4,1752241235101
0.0,0.0,5.068,28.4,1752241235204
0.0,0.0,5.047,28.4,1752241235271
0.0,0.0,5.047,28.4,1752241235408
0.0,0.0,5.047,28.4,1752241235467
0.0,0.0,5.047,28.4,1752241235599
0.0,0.0,5.047,28.4,1752241235658
0.0,0.0,5.026,28.4,1752241235787
31.70989418029785,-97.1881332397461,5.005,28.4,1752241236000
0.0,0.0,5.005,28.4,1752241236069
0.0,0.0,4.984,28.4,1752241236167
0.0,0.0,4.974,28.4,1752241236222
0.0,0.0,4.974,28.4,1752241236319
0.0,0.0,4.964,28.4,1752241236365
0.0,0.0,4.974,28.4,1752241236462
0.0,0.0,4.964,28.4,1752241236505
0.0,0.0,4.974,28.4,1752241236602
0.0,0.0,4.974,28.4,1752241236645
0.0,0.0,4.974,28.4,1752241236744
0.0,0.0,4.984,28.4,1752241236787
0.0,0.0,4.974,28.4,1752241236884
0.0,0.0,4.984,28.4,1752241236928
31.709897994995117,-97.1881332397461,4.984,28.4,1752241237000
0.0,0.0,4.984,28.4,1752241237026
0.0,0.0,4.995,28.4,1752241237068
0.0,0.0,4.995,28.4,1752241237167
0.0,0.0,4.995,28.4,1752241237220
0.0,0.0,4.995,28.4,1752241237346
0.0,0.0,4.995,28.4,1752241237412
0.0,0.0,4.984,28.4,1752241237550
0.0,0.0,4.974,28.4,1752241237610
0.0,0.0,4.974,28.4,1752241237740
0.0,0.0,4.964,28.4,1752241238029
0.0,0.0,4.964,28.4,1752241238126
0.0,0.0,4.964,28.4,1752241238173
0.0,0.0,4.964,28.4,1752241238296
0.0,0.0,4.964,28.4,1752241238355
0.0,0.0,4.964,28.4,1752241238496
0.0,0.0,4.964,28.4,1752241238554
0.0,0.0,4.953,28.4,1752241238688
0.0,0.0,4.953,28.4,1752241238749
31.709903717041016,-97.1881332397461,4.953,28.4,1752241239000
0.0,0.0,4.953,28.4,1752241239097
0.0,0.0,4.953,28.4,1752241239139
0.0,0.0,4.953,28.4,1752241239252
0.0,0.0,4.953,28.4,1752241239295
0.0,0.0,4.953,28.4,1752241239391
0.0,0.0,4.953,28.4,1752241239436
0.0,0.0,4.953,28.4,1752241239533
0.0,0.0,4.953,28.4,1752241239575
0.0,0.0,4.964,28.4,1752241239674
0.0,0.0,4.964,28.4,1752241239716
0.0,0.0,4.964,28.4,1752241239814
0.0,0.0,4.964,28.4,1752241239856
0.0,0.0,4.964,28.4,1752241239954
0.0,0.0,4.953,28.4,1752241239996
31.70990753173828,-97.1881332397461,4.953,28.4,1752241240000
0.0,0.0,4.943,28.4,1752241240095
0.0,0.0,4.953,28.4,1752241240138
0.0,0.0,4.953,28.4,1752241240254
0.0,0.0,4.953,28.4,1752241240297
0.0,0.0,4.943,28.4,1752241240428
0.0,0.0,4.943,28.4,1752241240487
0.0,0.0,4.922,28.4,1752241240624
0.0,0.0,4.912,28.4,1752241240684
31.70991325378418,-97.1881332397461,4.922,28.6,1752241241000
0.0,0.0,4.922,28.6,1752241241106
0.0,0.0,4.922,28.6,1752241241141
0.0,0.0,4.922,28.6,1752241241252
0.0,0.0,4.912,28.6,1752241241298
0.0,0.0,4.912,28.6,1752241241434
0.0,0.0,4.901,28.6,1752241241495
0.0,0.0,4.891,28.6,1752241241628
0.0,0.0,4.891,28.6,1752241241692
0.0,0.0,4.901,28.6,1752241241819
0.0,0.0,4.901,28.6,1752241242106
0.0,0.0,4.912,28.6,1752241242212
0.0,0.0,4.912,28.6,1752241242261
0.0,0.0,4.912,28.6,1752241242374
0.0,0.0,4.901,28.6,1752241242433
0.0,0.0,4.901,28.6,1752241242564
0.0,0.0,4.901,28.6,1752241242624
0.0,0.0,4.901,28.6,1752241242761
0.0,0.0,4.912,28.6,1752241242815
31.709918975830078,-97.1881332397461,4.901,28.6,1752241243000
0.0,0.0,4.901,28.6,1752241243167
0.0,0.0,4.901,28.6,1752241243222
0.0,0.0,4.901,28.6,1752241243320
0.0,0.0,4.88,28.6,1752241243363
0.0,0.0,4.87,28.6,1752241243464
0.0,0.0,4.87,28.6,1752241243507
0.0,0.0,4.87,28.6,1752241243605
0.0,0.0,4.86,28.6,1752241243648
0.0,0.0,4.849,28.8,1752241243758
0.0,0.0,4.849,28.8,1752241243802
0.0,0.0,4.849,28.8,1752241243900
0.0,0.0,4.849,28.8,1752241243942
31.709922790527344,-97.1881332397461,4.839,28.8,1752241244000
0.0,0.0,4.839,28.8,1752241244041
0.0,0.0,4.839,28.8,1752241244083
0.0,0.0,4.839,28.8,1752241244182
0.0,0.0,4.839,28.8,1752241244233
0.0,0.0,4.849,28.8,1752241244362
0.0,0.0,4.839,28.8,1752241244493
0.0,0.0,4.828,28.8,1752241244589
0.0,0.0,4.828,28.8,1752241244649
0.0,0.0,4.828,28.8,1752241244815
31.709928512573242,-97.1881332397461,4.818,28.8,1752241245000
0.0,0.0,4.818,28.8,1752241245046
0.0,0.0,4.818,28.8,1752241245143
0.0,0.0,4.818,28.8,1752241245198
0.0,0.0,4.808,28.8,1752241245323
0.0,0.0,4.808,28.8,1752241245382
0.0,0.0,4.808,28.8,1752241245520
0.0,0.0,4.797,28.8,1752241245574
0.0,0.0,4.797,28.8,1752241245717
0.0,0.0,4.787,28.8,1752241245771
0.0,0.0,4.787,28.8,1752241246117
0.0,0.0,4.766,28.8,1752241246162
0.0,0.0,4.766,28.8,1752241246270
0.0,0.0,4.756,28.8,1752241246320
0.0,0.0,4.756,28.8,1752241246453
0.0,0.0,4.745,28.8,1752241246513
0.0,0.0,4.745,28.8,1752241246651
0.0,0.0,4.735,28.8,1752241246711
0.0,0.0,4.735,28.8,1752241246841
31.70993423461914,-97.1881332397461,4.735,28.8,1752241247000
0.0,0.0,4.735,28.8,1752241247129
0.0,0.0,4.724,28.8,1752241247238
0.0,0.0,4.714,28.8,1752241247284
0.0,0.0,4.714,28.8,1752241247383
0.0,0.0,4.714,28.8,1752241247425
0.0,0.0,4.714,28.8,1752241247523
0.0,0.0,4.693,28.8,1752241247565
0.0,0.0,4.693,28.8,1752241247663
0.0,0.0,4.683,28.8,1752241247705
0.0,0.0,4.672,28.8,1752241247804
0.0,0.0,4.683,28.8,1752241247899
0.0,0.0,4.672,28.8,1752241247935
31.709938049316406,-97.1881332397461,4.651,28.8,1752241248000
0.0,0.0,4.651,28.8,1752241248034
0.0,0.0,4.651,28.8,1752241248076
0.0,0.0,4.641,28.8,1752241248176
0.0,0.0,4.641,28.8,1752241248229
0.0,0.0,4.62,28.8,1752241248363
0.0,0.0,4.61,28.8,1752241248422
0.0,0.0,4.61,28.8,1752241248561
0.0,0.0,4.589,28.8,1752241248622
0.0,0.0,4.599,28.8,1752241248748
31.709943771362305,-97.1881332397461,4.599,28.8,1752241249000
0.0,0.0,4.599,28.8,1752241249032
0.0,0.0,4.579,28.8,1752241249130
0.0,0.0,4.568,28.8,1752241249181
0.0,0.0,4.579,28.8,1752241249304
0.0,0.0,4.568,28.8,1752241249366
0.0,0.0,4.547,28.8,1752241249503
0.0,0.0,4.547,28.8,1752241249558
0.0,0.0,4.547,28.8,1752241249698
0.0,0.0,4.547,28.8,1752241249755
0.0,0.0,4.547,28.8,1752241250104
0.0,0.0,4.516,28.8,1752241250146
0.0,0.0,4.516,28.8,1752241250258
0.0,0.0,4.495,28.8,1752241250303
0.0,0.0,4.506,28.8,1752241250440
0.0,0.0,4.475,28.8,1752241250498
0.0,0.0,4.475,28.8,1752241250635
0.0,0.0,4.464,28.8,1752241250697
0.0,0.0,4.464,28.8,1752241250823
31.70994758605957,-97.1881332397461,4.422,28.8,1752241251000
0.0,0.0,4.422,28.8,1752241251113
0.0,0.0,4.412,28.8,1752241251221
0.0,0.0,4.381,28.8,1752241251264
0.0,0.0,4.37,28.8,1752241251362
0.0,0.0,4.36,28.8,1752241251406
0.0,0.0,4.36,28.8,1752241251507
0.0,0.0,4.35,28.8,1752241251550
0.0,0.0,4.329,28.8,1752241251648
0.0,0.0,4.35,28.8,1752241251691
0.0,0.0,4.35,28.8,1752241251789
0.0,0.0,4.329,28.8,1752241251832
0.0,0.0,4.318,28.8,1752241251929
0.0,0.0,4.36,28.8,1752241251973
31.70995330810547,-97.18812561035156,4.36,28.8,1752241252000
0.0,0.0,4.35,28.8,1752241252071
0.0,0.0,4.36,28.8,1752241252113
0.0,0.0,4.36,28.8,1752241252223
0.0,0.0,4.391,28.8,1752241252266
0.0,0.0,4.381,28.8,1752241252386
0.0,0.0,4.381,28.8,1752241252445
0.0,0.0,4.381,28.8,1752241252587
0.0,0.0,4.381,28.8,1752241252647
0.0,0.0,4.37,28.8,1752241252777
0.0,0.0,4.381,28.8,1752241253064
0.0,0.0,4.381,28.8,1752241253160
0.0,0.0,4.381,28.8,1752241253218
0.0,0.0,4.36,28.8,1752241253330
0.0,0.0,4.36,28.8,1752241253389
0.0,0.0,4.36,28.8,1752241253522
0.0,0.0,4.329,28.8,1752241253581
0.0,0.0,4.298,28.8,1752241253718
0.0,0.0,4.308,28.8,1752241253773
31.709959030151367,-97.18812561035156,4.277,28.8,1752241254000
0.0,0.0,4.277,28.8,1752241254122
0.0,0.0,4.287,28.8,1752241254168
0.0,0.0,4.287,28.8,1752241254278
0.0,0.0,4.287,28.8,1752241254320
0.0,0.0,4.298,28.8,1752241254417
0.0,0.0,4.277,28.8,1752241254460
0.0,0.0,4.287,28.8,1752241254557
0.0,0.0,4.246,28.8,1752241254602
0.0,0.0,4.183,28.8,1752241254698
0.0,0.0,4.183,28.8,1752241254741
0.0,0.0,4.194,28.8,1752241254838
0.0,0.0,4.131,28.8,1752241254881
0.0,0.0,4.214,28.8,1752241254976
31.709962844848633,-97.18812561035156,4.162,28.8,1752241255000
0.0,0.0,4.162,28.8,1752241255020
0.0,0.0,4.11,28.8,1752241255117
0.0,0.0,4.069,28.8,1752241255165
0.0,0.0,4.027,28.8,1752241255273
0.0,0.0,3.996,28.8,1752241255401
0.0,0.0,3.933,28.8,1752241255489
0.0,0.0,3.933,28.8,1752241255548
0.0,0.0,3.933,28.8,1752241255682
0.0,0.0,3.923,29.0,1752241255797
31.70996856689453,-97.18812561035156,3.85,29.0,1752241256000
0.0,0.0,3.85,29.0,1752241256087
0.0,0.0,3.861,29.0,1752241256131
0.0,0.0,3.746,29.0,1752241256238
0.0,0.0,3.736,29.0,1752241256286
0.0,0.0,3.725,29.0,1752241256419
0.0,0.0,3.694,29.0,1752241256478
0.0,0.0,3.684,29.0,1752241256607
0.0,0.0,3.652,29.0,1752241256672
0.0,0.0,3.663,29.0,1752241256798
0.0,0.0,3.632,29.0,1752241257086
0.0,0.0,3.59,29.0,1752241257178
0.0,0.0,3.517,29.0,1752241257237
0.0,0.0,3.496,29.0,1752241257342
0.0,0.0,3.475,29.0,1752241257403
0.0,0.0,3.475,29.0,1752241257533
0.0,0.0,3.434,29.0,1752241257587
0.0,0.0,3.392,29.0,1752241257722
0.0,0.0,3.371,29.0,1752241257776
31.709972381591797,-97.18812561035156,3.351,29.0,1752241258000
0.0,0.0,3.351,29.0,1752241258125
0.0,0.0,3.319,29.0,1752241258170
0.0,0.0,3.278,29.0,1752241258268
0.0,0.0,3.246,29.0,1752241258313
0.0,0.0,3.184,29.0,1752241258408
0.0,0.0,3.174,29.0,1752241258451
0.0,0.0,3.153,29.0,1752241258542
0.0,0.0,3.059,29.0,1752241258586
0.0,0.0,3.028,29.0,1752241258677
0.0,0.0,2.997,29.0,1752241258721
0.0,0.0,2.955,29.0,1752241258812
0.0,0.0,2.924,29.0,1752241258854
0.0,0.0,2.893,29.0,1752241258946
0.0,0.0,2.861,29.0,1752241258988
31.709976196289062,-97.18811798095703,2.861,29.0,1752241259000
0.0,0.0,2.82,29.0,1752241259078
0.0,0.0,2.789,29.0,1752241259126
0.0,0.0,2.757,29.0,1752241259226
0.0,0.0,2.726,29.0,1752241259277
0.0,0.0,2.674,29.0,1752241259402
0.0,0.0,2.674,29.0,1752241259462
0.0,0.0,2.632,29.0,1752241259588
0.0,0.0,2.601,29.0,1752241259648
0.0,0.0,2.601,29.0,1752241259998
31.70998191833496,-97.18811798095703,2.601,29.0,1752241260000
0.0,0.0,2.57,29.0,1752241260040
0.0,0.0,2.549,29.0,1752241260129
0.0,0.0,2.539,29.0,1752241260185
0.0,0.0,2.528,29.0,1752241260290
0.0,0.0,2.487,29.0,1752241260349
0.0,0.0,2.476,29.0,1752241260468
0.0,0.0,2.466,29.0,1752241260532
0.0,0.0,2.466,29.0,1752241260651
0.0,0.0,2.456,29.0,1752241260711
0.0,0.0,2.456,29.0,1752241261059
0.0,0.0,2.456,29.0,1752241261101
0.0,0.0,2.424,29.0,1752241261193
0.0,0.0,2.435,29.0,1752241261246
0.0,0.0,2.456,29.0,1752241261371
0.0,0.0,2.476,29.0,1752241261430
0.0,0.0,2.487,29.0,1752241261546
0.0,0.0,2.487,29.0,1752241261607
0.0,0.0,2.476,29.0,1752241261724
31.709985733032227,-97.18811798095703,2.487,29.0,1752241262000
0.0,0.0,2.487,29.0,1752241262019
0.0,0.0,2.487,29.0,1752241262106
0.0,0.0,2.497,29.0,1752241262148
0.0,0.0,2.528,29.0,1752241262249
0.0,0.0,2.56,29.0,1752241262292
0.0,0.0,2.57,29.0,1752241262377
0.0,0.0,2.57,29.0,1752241262420
0.0,0.0,2.539,29.0,1752241262506
0.0,0.0,2.539,29.0,1752241262548
0.0,0.0,2.549,29.0,1752241262633
0.0,0.0,2.549,29.0,1752241262675
0.0,0.0,2.57,29.0,1752241262759
0.0,0.0,2.549,29.0,1752241262802
0.0,0.0,2.539,29.0,1752241262887
0.0,0.0,2.56,29.0,1752241262931
31.709991455078125,-97.18811798095703,2.549,29.0,1752241263000
0.0,0.0,2.549,29.0,1752241263027
0.0,0.0,2.528,29.0,1752241263071
0.0,0.0,2.549,29.0,1752241263173
0.0,0.0,2.57,29.0,1752241263228
0.0,0.0,2.591,29.0,1752241263347
0.0,0.0,2.601,29.2,1752241263408
0.0,0.0,2.601,29.2,1752241263561
0.0,0.0,2.612,29.2,1752241263623
0.0,0.0,2.612,29.2,1752241263748
31.70999526977539,-97.18811798095703,2.643,29.2,1752241264000
0.0,0.0,2.643,29.2,1752241264044
0.0,0.0,2.674,29.2,1752241264140
0.0,0.0,2.664,29.2,1752241264194
0.0,0.0,2.653,29.2,1752241264332
0.0,0.0,2.674,29.2,1752241264393
0.0,0.0,2.664,29.2,1752241264532
0.0,0.0,2.664,29.2,1752241264592
0.0,0.0,2.664,29.2,1752241264739
0.0,0.0,2.664,29.2,1752241264797
0.0,0.0,2.664,29.2,1752241265149
0.0,0.0,2.653,29.2,1752241265203
0.0,0.0,2.632,29.2,1752241265315
0.0,0.0,2.591,29.2,1752241265363
0.0,0.0,2.58,29.2,1752241265510
0.0,0.0,2.57,29.2,1752241265573
0.0,0.0,2.56,29.2,1752241265720
0.0,0.0,2.549,29.2,1752241265777
0.0,0.0,2.539,29.2,1752241265949
31.709999084472656,-97.18811798095703,2.539,29.2,1752241266000
0.0,0.0,2.528,29.2,1752241266207
0.0,0.0,2.528,29.2,1752241266311
0.0,0.0,2.518,29.2,1752241266353
0.0,0.0,2.508,29.2,1752241266458
0.0,0.0,2.466,29.2,1752241266506
0.0,0.0,2.456,29.2,1752241266609
0.0,0.0,2.445,29.2,1752241266654
0.0,0.0,2.435,29.2,1752241266757
0.0,0.0,2.414,29.2,1752241266802
0.0,0.0,2.435,29.2,1752241266906
0.0,0.0,2.414,29.2,1752241266948
31.710004806518555,-97.1881103515625,2.414,29.2,1752241267000
0.0,0.0,2.393,29.2,1752241267053
0.0,0.0,2.383,29.2,1752241267096
0.0,0.0,2.362,29.2,1752241267219
0.0,0.0,2.362,29.2,1752241267265
0.0,0.0,2.362,29.2,1752241267389
0.0,0.0,2.362,29.2,1752241267449
0.0,0.0,2.351,29.2,1752241267583
0.0,0.0,2.31,29.2,1752241267648
0.0,0.0,2.31,29.2,1752241267779
0.0,0.0,2.289,29.2,1752241268070
0.0,0.0,2.237,29.2,1752241268163
0.0,0.0,2.206,29.2,1752241268221
0.0,0.0,2.195,29.2,1752241268330
0.0,0.0,2.143,29.2,1752241268392
0.0,0.0,2.112,29.2,1752241268520
0.0,0.0,2.06,29.2,1752241268581
0.0,0.0,2.029,29.2,1752241268713
0.0,0.0,1.998,29.2,1752241268769
31.71000862121582,-97.1881103515625,1.956,29.2,1752241269000
0.0,0.0,1.956,29.2,1752241269117
0.0,0.0,1.956,29.2,1752241269163
0.0,0.0,1.914,29.2,1752241269265
0.0,0.0,1.914,29.2,1752241269311
0.0,0.0,1.914,29.2,1752241269405
0.0,0.0,1.914,29.2,1752241269448
0.0,0.0,1.883,29.2,1752241269542
0.0,0.0,1.894,29.2,1752241269584
0.0,0.0,1.935,29.2,1752241269679
0.0,0.0,1.946,29.2,1752241269722
0.0,0.0,1.956,29.2,1752241269817
0.0,0.0,1.966,29.2,1752241269859
0.0,0.0,1.977,29.2,1752241269951
0.0,0.0,1.956,29.2,1752241269991
31.710012435913086,-97.1881103515625,1.956,29.2,1752241270000
0.0,0.0,1.998,29.2,1752241270081
0.0,0.0,1.977,29.2,1752241270121
0.0,0.0,1.998,29.2,1752241270222
0.0,0.0,1.977,29.2,1752241270266
0.0,0.0,1.998,29.2,1752241270384
0.0,0.0,2.008,29.2,1752241270440
0.0,0.0,1.998,29.2,1752241270570
0.0,0.0,1.987,29.2,1752241270626
0.0,0.0,1.987,29.2,1752241270747
31.710018157958984,-97.1881103515625,1.998,29.2,1752241271000
0.0,0.0,1.998,29.2,1752241271044
0.0,0.0,1.998,29.2,1752241271136
0.0,0.0,2.008,29.2,1752241271185
0.0,0.0,1.977,29.2,1752241271296
0.0,0.0,1.998,29.2,1752241271352
0.0,0.0,1.987,29.2,1752241271473
0.0,0.0,1.998,29.2,1752241271528
0.0,0.0,1.987,29.2,1752241271657
0.0,0.0,1.987,29.2,1752241271707
0.0,0.0,1.977,29.2,1752241272062
0.0,0.0,1.998,29.2,1752241272103
0.0,0.0,1.987,29.2,1752241272199
0.0,0.0,1.987,29.2,1752241272249
0.0,0.0,1.987,29.2,1752241272377
0.0,0.0,2.008,29.2,1752241272434
0.0,0.0,2.039,29.2,1752241272556
0.0,0.0,2.05,29.2,1752241272614
0.0,0.0,2.05,29.2,1752241272736
31.710023880004883,-97.1881103515625,2.06,29.2,1752241273000
0.0,0.0,2.06,29.2,1752241273030
0.0,0.0,2.081,29.2,1752241273122
0.0,0.0,2.102,29.2,1752241273163
0.0,0.0,2.112,29.2,1752241273264
0.0,0.0,2.112,29.2,1752241273303
0.0,0.0,2.123,29.2,1752241273400
0.0,0.0,2.133,29.2,1752241273441
0.0,0.0,2.123,29.2,1752241273532
0.0,0.0,2.123,29.2,1752241273573
0.0,0.0,2.123,29.2,1752241273664
0.0,0.0,2.123,29.2,1752241273706
0.0,0.0,2.133,29.2,1752241273796
0.0,0.0,2.133,29.2,1752241273837
0.0,0.0,2.112,29.2,1752241273930
0.0,0.0,2.102,29.2,1752241273969
31.71002769470215,-97.1881103515625,2.102,29.2,1752241274000
0.0,0.0,2.091,29.2,1752241274062
0.0,0.0,2.112,29.2,1752241274102
0.0,0.0,2.112,29.2,1752241274197
0.0,0.0,2.123,29.2,1752241274244
0.0,0.0,2.123,29.2,1752241274348
0.0,0.0,2.123,29.2,1752241274402
0.0,0.0,2.133,29.2,1752241274529
0.0,0.0,2.112,29.2,1752241274584
0.0,0.0,2.112,29.2,1752241274711
31.710033416748047,-97.1881103515625,2.123,29.2,1752241275000
0.0,0.0,2.123,29.2,1752241275022
0.0,0.0,2.133,29.2,1752241275113
0.0,0.0,2.133,29.2,1752241275157
0.0,0.0,2.123,29.2,1752241275273
0.0,0.0,2.112,29.2,1752241275323
0.0,0.0,2.112,29.2,1752241275450
0.0,0.0,2.112,29.2,1752241275506
0.0,0.0,2.091,29.2,1752241275633
0.0,0.0,2.081,29.2,1752241275690
0.0,0.0,2.06,29.2,1752241276051
0.0,0.0,2.06,29.2,1752241276091
0.0,0.0,2.06,29.2,1752241276186
0.0,0.0,2.05,29.2,1752241276237
0.0,0.0,2.039,29.2,1752241276363
0.0,0.0,2.029,29.2,1752241276418
0.0,0.0,2.018,29.2,1752241276547
0.0,0.0,2.008,29.2,1752241276602
0.0,0.0,2.008,29.2,1752241276729
31.710037231445312,-97.18810272216797,2.008,29.2,1752241277000
0.0,0.0,2.008,29.2,1752241277021
0.0,0.0,1.998,29.2,1752241277114
0.0,0.0,1.987,29.2,1752241277153
0.0,0.0,1.977,29.2,1752241277256
0.0,0.0,1.935,29.2,1752241277297
0.0,0.0,1.914,29.2,1752241277392
0.0,0.0,1.925,29.2,1752241277433
0.0,0.0,1.894,29.2,1752241277522
0.0,0.0,1.883,29.2,1752241277562
0.0,0.0,1.862,29.2,1752241277653
0.0,0.0,1.842,29.2,1752241277693
0.0,0.0,1.8,29.2,1752241277784
0.0,0.0,1.8,29.2,1752241277824
0.0,0.0,1.79,29.2,1752241277913
0.0,0.0,1.758,29.2,1752241277954
31.710039138793945,-97.18810272216797,1.758,29.2,1752241278000
0.0,0.0,1.758,29.2,1752241278044
0.0,0.0,1.779,29.2,1752241278085
0.0,0.0,1.748,29.2,1752241278175
0.0,0.0,1.717,29.2,1752241278226
0.0,0.0,1.685,29.2,1752241278344
0.0,0.0,1.654,29.2,1752241278400
0.0,0.0,1.665,29.2,1752241278525
0.0,0.0,1.623,29.2,1752241278582
0.0,0.0,1.633,29.2,1752241278708
31.710044860839844,-97.18810272216797,1.602,29.2,1752241279000
0.0,0.0,1.602,29.2,1752241279004
0.0,0.0,1.592,29.2,1752241279094
0.0,0.0,1.592,29.2,1752241279138
0.0,0.0,1.55,29.2,1752241279254
0.0,0.0,1.498,29.2,1752241279309
0.0,0.0,1.509,29.2,1752241279430
0.0,0.0,1.477,29.2,1752241279485
0.0,0.0,1.477,29.2,1752241279622
0.0,0.0,1.488,29.2,1752241279680
0.0,0.0,1.488,29.2,1752241280051
0.0,0.0,1.488,29.2,1752241280091
0.0,0.0,1.477,29.2,1752241280200
0.0,0.0,1.488,29.2,1752241280261
0.0,0.0,1.467,29.2,1752241280394
0.0,0.0,1.446,29.2,1752241280449
0.0,0.0,1.456,29.2,1752241280583
0.0,0.0,1.467,29.2,1752241280640
0.0,0.0,1.467,29.2,1752241280773
31.710050582885742,-97.18810272216797,1.477,29.2,1752241281000
0.0,0.0,1.477,29.2,1752241281093
0.0,0.0,1.477,29.2,1752241281193
0.0,0.0,1.456,29.2,1752241281239
0.0,0.0,1.425,29.2,1752241281335
0.0,0.0,1.394,29.2,1752241281374
0.0,0.0,1.363,29.2,1752241281473
0.0,0.0,1.311,29.2,1752241281517
0.0,0.0,1.3,29.2,1752241281613
0.0,0.0,1.3,29.2,1752241281655
0.0,0.0,1.259,29.2,1752241281754
0.0,0.0,1.238,29.2,1752241281793
0.0,0.0,1.207,29.2,1752241281889
0.0,0.0,1.165,29.2,1752241281930
31.710054397583008,-97.18810272216797,1.123,29.2,1752241282000
0.0,0.0,1.123,29.2,1752241282029
0.0,0.0,1.092,29.2,1752241282068
0.0,0.0,1.082,29.2,1752241282188
0.0,0.0,1.071,29.2,1752241282243
0.0,0.0,1.082,29.2,1752241282373
0.0,0.0,1.092,29.2,1752241282428
0.0,0.0,1.082,29.2,1752241282567
0.0,0.0,1.071,29.2,1752241282623
0.0,0.0,1.092,29.2,1752241282741
0.0,0.0,1.092,29.2,1752241283026
0.0,0.0,1.092,29.2,1752241283121
0.0,0.0,1.092,29.2,1752241283188
0.0,0.0,1.092,29.2,1752241283302
0.0,0.0,1.103,29.2,1752241283356
0.0,0.0,1.092,29.2,1752241283490
0.0,0.0,1.082,29.2,1752241283546
0.0,0.0,1.071,29.2,1752241283675
0.0,0.0,1.061,29.2,1752241283730
31.710060119628906,-97.18810272216797,1.051,29.2,1752241284000
0.0,0.0,1.051,29.2,1752241284073
0.0,0.0,1.04,29.2,1752241284167
0.0,0.0,1.019,29.2,1752241284241
0.0,0.0,1.019,29.2,1752241284281
0.0,0.0,0.988,29.2,1752241284377
0.0,0.0,1.009,29.2,1752241284416
0.0,0.0,0.999,29.2,1752241284511
0.0,0.0,0.988,29.2,1752241284551
0.0,0.0,0.978,29.2,1752241284646
0.0,0.0,0.988,29.2,1752241284686
0.0,0.0,0.967,29.2,1752241284781
0.0,0.0,0.967,29.2,1752241284820
0.0,0.0,0.947,29.2,1752241284919
0.0,0.0,0.947,29.2,1752241284958
31.710063934326172,-97.18809509277344,0.947,29.2,1752241285000
0.0,0.0,0.936,29.2,1752241285057
0.0,0.0,0.915,29.2,1752241285096
0.0,0.0,0.905,29.2,1752241285219
0.0,0.0,0.895,29.2,1752241285262
0.0,0.0,0.874,29.2,1752241285369
0.0,0.0,0.853,29.2,1752241285425
0.0,0.0,0.863,29.2,1752241285557
0.0,0.0,0.842,29.2,1752241285612
0.0,0.0,0.832,29.2,1752241285744
31.710067749023438,-97.18809509277344,0.842,29.2,1752241286000
0.0,0.0,0.842,29.2,1752241286035
0.0,0.0,0.832,29.2,1752241286130
0.0,0.0,0.811,29.2,1752241286193
0.0,0.0,0.811,29.2,1752241286309
0.0,0.0,0.801,29.2,1752241286363
0.0,0.0,0.79,29.2,1752241286494
0.0,0.0,0.79,29.2,1752241286551
0.0,0.0,0.78,29.2,1752241286684
0.0,0.0,0.78,29.2,1752241286734
0.0,0.0,0.759,29.2,1752241287082
0.0,0.0,0.759,29.2,1752241287121
0.0,0.0,0.749,29.2,1752241287234
0.0,0.0,0.718,29.2,1752241287274
0.0,0.0,0.718,29.2,1752241287407
0.0,0.0,0.718,29.2,1752241287463
0.0,0.0,0.718,29.2,1752241287594
0.0,0.0,0.707,29.2,1752241287650
0.0,0.0,0.697,29.2,1752241287777
31.710073471069336,-97.18809509277344,0.697,29.2,1752241288000
0.0,0.0,0.697,29.2,1752241288062
0.0,0.0,0.697,29.2,1752241288159
0.0,0.0,0.676,29.2,1752241288212
0.0,0.0,0.676,29.2,1752241288310
0.0,0.0,0.666,29.2,1752241288333
0.0,0.0,0.676,29.2,1752241288400
0.0,0.0,0.676,29.2,1752241288495
0.0,0.0,0.655,29.2,1752241288517
0.0,0.0,0.645,29.2,1752241288534
0.0,0.0,0.645,29.2,1752241288584
0.0,0.0,0.645,29.2,1752241288714
0.0,0.0,0.645,29.2,1752241288738
0.0,0.0,0.614,29.2,1752241288755
0.0,0.0,0.614,29.4,1752241288804
0.0,0.0,0.624,29.4,1752241288894
0.0,0.0,0.603,29.4,1752241288948
0.0,0.0,0.624,29.4,1752241288972
31.710079193115234,-97.18809509277344,0.614,29.4,1752241289000
0.0,0.0,0.614,29.4,1752241289023
0.0,0.0,0.614,29.4,1752241289111
0.0,0.0,0.634,29.4,1752241289163
0.0,0.0,0.624,29.4,1752241289193
0.0,0.0,0.634,29.4,1752241289248
0.0,0.0,0.614,29.4,1752241289355
0.0,0.0,0.614,29.4,1752241289429
0.0,0.0,0.634,29.4,1752241289502
0.0,0.0,0.624,29.4,1752241289534
0.0,0.0,0.624,29.4,1752241289601
0.0,0.0,0.614,29.4,1752241289686
0.0,0.0,0.603,29.4,1752241289986
31.7100830078125,-97.18809509277344,0.603,29.4,1752241290000
0.0,0.0,0.593,29.4,1752241290038
0.0,0.0,0.603,29.4,1752241290061
0.0,0.0,0.582,29.4,1752241290113
0.0,0.0,0.582,29.4,1752241290221
0.0,0.0,0.582,29.4,1752241290281
0.0,0.0,0.582,29.4,1752241290317
0.0,0.0,0.582,29.4,1752241290383
0.0,0.0,0.582,29.4,1752241290487
0.0,0.0,0.593,29.4,1752241290562
0.0,0.0,0.603,29.4,1752241290628
0.0,0.0,0.614,29.4,1752241290661
0.0,0.0,0.614,29.4,1752241290726
31.7100887298584,-97.18809509277344,0.624,29.4,1752241291000
0.0,0.0,0.624,29.4,1752241291053
0.0,0.0,0.624,29.4,1752241291107
0.0,0.0,0.634,29.4,1752241291162
0.0,0.0,0.634,29.4,1752241291204
0.0,0.0,0.624,29.4,1752241291258
0.0,0.0,0.624,29.4,1752241291350
0.0,0.0,0.634,29.4,1752241291420
0.0,0.0,0.624,29.4,1752241291447
0.0,0.0,0.614,29.4,1752241291519
0.0,0.0,0.603,29.4,1752241291624
0.0,0.0,0.582,29.4,1752241291692
0.0,0.0,0.582,29.4,1752241291764
0.0,0.0,0.582,29.4,1752241291794
31.710092544555664,-97.18809509277344,0.582,29.4,1752241292000
0.0,0.0,0.582,29.4,1752241292090
0.0,0.0,0.582,29.4,1752241292169
0.0,0.0,0.582,29.4,1752241292231
0.0,0.0,0.593,29.4,1752241292293
0.0,0.0,0.593,29.4,1752241292318
0.0,0.0,0.572,29.4,1752241292371
0.0,0.0,0.582,29.4,1752241292541
0.0,0.0,0.582,29.4,1752241292575
0.0,0.0,0.582,29.4,1752241292600
0.0,0.0,0.593,29.4,1752241292670
0.0,0.0,0.593,29.4,1752241292773
0.0,0.0,0.593,29.4,1752241292844
0.0,0.0,0.603,29.4,1752241292906
31.710098266601562,-97.18809509277344,0.603,29.4,1752241293000
0.0,0.0,0.614,29.4,1752241293178
0.0,0.0,0.624,29.4,1752241293317
0.0,0.0,0.603,29.4,1752241293347
0.0,0.0,0.614,29.4,1752241293364
0.0,0.0,0.603,29.4,1752241293415
0.0,0.0,0.614,29.4,1752241293509
0.0,0.0,0.614,29.4,1752241293583
0.0,0.0,0.614,29.4,1752241293652
0.0,0.0,0.603,29.4,1752241293688
0.0,0.0,0.614,29.4,1752241293853
0.0,0.0,0.614,29.4,1752241293885
0.0,0.0,0.603,29.4,1752241293910
0.0,0.0,0.614,29.4,1752241293962
31.71010398864746,-97.1880874633789,0.614,29.4,1752241294000
31.710107803344727,-97.1880874633789,0.614,29.4,1752241294000
0.0,0.0,0.593,29.4,1752241294273
0.0,0.0,0.603,29.4,1752241294329
0.0,0.0,0.614,29.4,1752241294353
0.0,0.0,0.624,29.4,1752241294409
0.0,0.0,0.634,29.4,1752241294488
0.0,0.0,0.645,29.4,1752241294556
0.0,0.0,0.666,29.4,1752241294646
31.710113525390625,-97.1880874633789,0.666,29.4,1752241295000
0.0,0.0,0.686,29.4,1752241295418
0.0,0.0,0.666,29.4,1752241295532
0.0,0.0,2.039,29.4,1752241300331
0.0,0.0,2.841,29.4,1752241300564
0.0,0.0,3.725,29.4,1752241300583
0.0,0.0,4.537,29.4,1752241300678
0.0,0.0,5.286,29.4,1752241300801
0.0,0.0,6.15,29.4,1752241300895
0.0,0.0,6.941,29.4,1752241300981
0.0,0.0,7.617,29.4,1752241301413
0.0,0.0,8.502,29.4,1752241301764
0.0,0.0,8.95,29.4,1752241301783
0.0,0.0,9.147,29.4,1752241301937
0.0,0.0,9.907,29.4,1752241302051
0.0,0.0,9.345,29.4,1752241302949
0.0,0.0,9.491,29.4,1752241303348
0.0,0.0,9.459,29.4,1752241303397
0.0,0.0,9.449,29.4,1752241303491
0.0,0.0,9.283,29.4,1752241303681
0.0,0.0,8.877,29.4,1752241303768
0.0,0.0,8.752,29.4,1752241303801
0.0,0.0,8.669,29.4,1752241303898
0.0,0.0,8.471,29.4,1752241304082
0.0,0.0,8.575,29.4,1752241304168
0.0,0.0,9.126,29.4,1752241304416
0.0,0.0,9.126,29.4,1752241304583
0.0,0.0,9.688,29.4,1752241304900
0.0,0.0,9.605,29.4,1752241304946
0.0,0.0,9.824,29.4,1752241305039
0.0,0.0,10.126,29.4,1752241305333
0.0,0.0,10.386,29.4,1752241305552
0.0,0.0,10.989,29.4,1752241305698
0.0,0.0,11.385,29.4,1752241305804
0.0,0.0,11.811,29.4,1752241305919
0.0,0.0,11.739,29.4,1752241305963
0.0,0.0,11.916,29.4,1752241306056
0.0,0.0,11.51,29.4,1752241306100
0.0,0.0,11.416,29.4,1752241306209
0.0,0.0,11.27,29.4,1752241306255
0.0,0.0,11.572,29.4,1752241306381
0.0,0.0,11.583,29.4,1752241306398
0.0,0.0,11.603,29.4,1752241306415
0.0,0.0,11.791,29.4,1752241306466
0.0,0.0,11.926,29.4,1752241306541
0.0,0.0,12.176,29.4,1752241306597
0.0,0.0,11.916,29.4,1752241306649
0.0,0.0,11.687,29.4,1752241306677
0.0,0.0,11.166,29.4,1752241306731
0.0,0.0,10.968,29.4,1752241306812
0.0,0.0,10.75,29.4,1752241306893
0.0,0.0,10.854,29.4,1752241306945
0.0,0.0,10.698,29.4,1752241307044
0.0,0.0,10.594,29.4,1752241307072
0.0,0.0,10.563,29.4,1752241307088
0.0,0.0,10.198,29.4,1752241307141
0.0,0.0,9.886,29.4,1752241307233
0.0,0.0,9.845,29.4,1752241307315
0.0,0.0,10.021,29.4,1752241307371
0.0,0.0,9.98,29.4,1752241307440
0.0,0.0,10.24,29.4,1752241307648
0.0,0.0,10.24,29.4,1752241307769
0.0,0.0,10.198,29.4,1752241307812
0.0,0.0,10.105,29.4,1752241307863
0.0,0.0,10.073,29.4,1752241307907
0.0,0.0,9.959,29.4,1752241307930
31.710180282592773,-97.18806457519531,9.959,29.4,1752241308000
0.0,0.0,9.938,29.4,1752241308232
0.0,0.0,10.615,29.6,1752241311949
0.0,0.0,11.437,29.6,1752241312169
0.0,0.0,11.374,29.6,1752241317463
0.0,0.0,11.853,28.8,1752241337011
0.0,0.0,12.488,28.8,1752241337363
0.0,0.0,13.008,28.8,1752241338846
0.0,0.0,13.612,28.6,1752241339747
0.0,0.0,14.215,28.6,1752241341880
0.0,0.0,14.975,28.6,1752241342480
0.0,0.0,15.579,28.6,1752241343027
0.0,0.0,16.339,28.4,1752241346026
0.0,0.0,17.098,28.4,1752241347027
0.0,0.0,16.932,28.4,1752241347313
0.0,0.0,16.765,28.4,1752241347929
31.710126876831055,-97.18804168701172,16.765,28.4,1752241348000
0.0,0.0,17.514,28.4,1752241348427
0.0,0.0,17.41,28.4,1752241348727
0.0,0.0,17.442,28.4,1752241350364
0.0,0.0,17.431,28.4,1752241350729
0.0,0.0,17.213,28.4,1752241352443
0.0,0.0,17.15,28.4,1752241354189
0.0,0.0,16.869,28.4,1752241354478
0.0,0.0,16.838,28.4,1752241354763
0.0,0.0,16.64,28.4,1752241356643
0.0,0.0,16.505,28.4,1752241356946
31.710132598876953,-97.18804168701172,16.505,28.4,1752241357000
0.0,0.0,16.817,28.4,1752241357245
0.0,0.0,17.015,28.4,1752241357529
0.0,0.0,16.88,28.2,1752241357810
0.0,0.0,17.296,28.2,1752241359913
0.0,0.0,17.4,28.2,1752241360127
0.0,0.0,17.65,28.2,1752241360793
0.0,0.0,18.233,28.2,1752241361126
0.0,0.0,18.514,28.2,1752241361444
31.71013641357422,-97.18805694580078,18.607,28.2,1752241362000
0.0,0.0,18.607,28.2,1752241362063
0.0,0.0,18.576,28.2,1752241362893
0.0,0.0,18.826,28.2,1752241363309
0.0,0.0,18.815,28.2,1752241365079
0.0,0.0,18.753,28.2,1752241365659
0.0,0.0,18.784,28.0,1752241367378
0.0,0.0,18.732,28.0,1752241374060
0.0,0.0,18.69,28.0,1752241374729
0.0,0.0,18.899,28.0,1752241375078
0.0,0.0,18.795,28.0,1752241375877
0.0,0.0,17.514,28.0,1752241378842
0.0,0.0,16.11,28.0,1752241379658
0.0,0.0,14.746,28.0,1752241379755
0.0,0.0,13.414,28.0,1752241379793
0.0,0.0,12.113,28.0,1752241379921
0.0,0.0,10.812,28.0,1752241379959
0.0,0.0,9.47,28.0,1752241380071
0.0,0.0,8.117,28.0,1752241380109
0.0,0.0,6.962,28.0,1752241380209
0.0,0.0,5.661,28.0,1752241380344
0.0,0.0,4.849,28.0,1752241380361
0.0,0.0,4.225,28.0,1752241380493
0.0,0.0,4.714,28.0,1752241380528
0.0,0.0,5.411,28.0,1752241380708
0.0,0.0,5.994,28.0,1752241380821
0.0,0.0,6.608,28.0,1752241380860
0.0,0.0,7.16,28.0,1752241380969
0.0,0.0,7.722,28.0,1752241381003
0.0,0.0,8.283,28.0,1752241381118
0.0,0.0,8.658,28.0,1752241381149
0.0,0.0,8.981,28.0,1752241381344
0.0,0.0,9.262,28.0,1752241381425
0.0,0.0,9.064,28.0,1752241381508
0.0,0.0,8.762,28.0,1752241381592
0.0,0.0,7.857,28.0,1752241381680
0.0,0.0,6.91,28.0,1752241381714
0.0,0.0,6.015,28.0,1752241381802
0.0,0.0,5.213,28.0,1752241381892
0.0,0.0,4.495,28.0,1752241381951
0.0,0.0,3.746,28.0,1752241381993
0.0,0.0,3.09,28.0,1752241382080
0.0,0.0,2.56,28.0,1752241382175
0.0,0.0,2.518,28.0,1752241382217
0.0,0.0,2.622,28.0,1752241382305
0.0,0.0,2.924,28.0,1752241382347
0.0,0.0,3.215,28.0,1752241382433
0.0,0.0,3.548,28.0,1752241382477
0.0,0.0,3.829,28.0,1752241382589
0.0,0.0,4.079,28.0,1752241382648
0.0,0.0,4.287,28.0,1752241382693
0.0,0.0,4.475,28.0,1752241382780
0.0,0.0,4.62,28.0,1752241382824
0.0,0.0,4.464,28.0,1752241382936
0.0,0.0,4.298,28.0,1752241382970
0.0,0.0,4.069,28.0,1752241383053
0.0,0.0,3.871,28.0,1752241383143
0.0,0.0,3.715,28.0,1752241383209
0.0,0.0,3.569,28.0,1752241383256
0.0,0.0,3.434,28.0,1752241383343
0.0,0.0,3.309,28.0,1752241383392
0.0,0.0,3.236,28.0,1752241383502
0.0,0.0,3.194,28.0,1752241383566
0.0,0.0,3.174,28.0,1752241383612
0.0,0.0,3.194,28.0,1752241383698
0.0,0.0,3.174,28.0,1752241383740
0.0,0.0,3.153,28.0,1752241383826
0.0,0.0,3.174,28.0,1752241383911
0.0,0.0,3.163,28.0,1752241383969
0.0,0.0,3.184,28.0,1752241384012
0.0,0.0,3.194,28.0,1752241384121
0.0,0.0,3.174,28.0,1752241384164
0.0,0.0,3.174,28.0,1752241384255
0.0,0.0,3.163,28.0,1752241384296
0.0,0.0,3.132,28.0,1752241384403
0.0,0.0,3.09,28.0,1752241384463
0.0,0.0,3.028,28.0,1752241384506
0.0,0.0,2.986,28.0,1752241384619
0.0,0.0,2.955,28.0,1752241384679
0.0,0.0,2.924,28.0,1752241384724
0.0,0.0,2.924,28.0,1752241384810
0.0,0.0,2.903,28.0,1752241384852
0.0,0.0,2.882,28.0,1752241384945
0.0,0.0,2.882,28.0,1752241384985
31.710264205932617,-97.18804931640625,2.882,28.0,1752241385000
0.0,0.0,2.851,28.0,1752241385095
0.0,0.0,2.851,28.0,1752241385129
0.0,0.0,2.872,28.0,1752241385225
0.0,0.0,2.903,28.0,1752241385268
0.0,0.0,2.924,28.0,1752241385354
0.0,0.0,2.893,28.0,1752241385443
0.0,0.0,2.872,28.0,1752241385463
0.0,0.0,2.872,28.0,1752241385575
0.0,0.0,2.913,28.0,1752241385610
0.0,0.0,2.893,28.0,1752241385698
0.0,0.0,2.882,28.0,1752241385783
0.0,0.0,2.882,28.0,1752241385868
0.0,0.0,2.861,28.0,1752241385904
31.710264205932617,-97.18804931640625,2.861,28.0,1752241386000
0.0,0.0,2.861,28.0,1752241386012
0.0,0.0,2.841,28.0,1752241386046
0.0,0.0,2.789,28.0,1752241386133
0.0,0.0,2.768,28.0,1752241386232
0.0,0.0,2.757,28.0,1752241386266
0.0,0.0,2.737,28.0,1752241386353
0.0,0.0,2.695,28.0,1752241386395
0.0,0.0,2.612,28.0,1752241386500
0.0,0.0,2.612,28.0,1752241386565
0.0,0.0,2.58,28.0,1752241386864
0.0,0.0,2.518,28.0,1752241386950
0.0,0.0,2.518,28.0,1752241386991
0.0,0.0,2.466,28.0,1752241387077
0.0,0.0,2.424,28.0,1752241387120
0.0,0.0,2.424,28.0,1752241387216
0.0,0.0,2.404,28.0,1752241387258
0.0,0.0,2.383,28.0,1752241387355
0.0,0.0,2.362,28.0,1752241387414
0.0,0.0,2.362,28.0,1752241387533
0.0,0.0,2.372,28.0,1752241387593
0.0,0.0,2.31,28.2,1752241387717
0.0,0.0,2.279,28.2,1752241387797
0.0,0.0,2.289,28.2,1752241388145
0.0,0.0,2.237,28.2,1752241388197
0.0,0.0,2.247,28.2,1752241388283
0.0,0.0,2.227,28.2,1752241388327
0.0,0.0,2.185,28.2,1752241388412
0.0,0.0,2.123,28.2,1752241388456
0.0,0.0,2.102,28.2,1752241388542
0.0,0.0,2.06,28.2,1752241388585
0.0,0.0,2.018,28.2,1752241388672
0.0,0.0,1.987,28.2,1752241388714
0.0,0.0,1.966,28.2,1752241388802
0.0,0.0,1.966,28.2,1752241388844
0.0,0.0,1.925,28.2,1752241388930
0.0,0.0,1.914,28.2,1752241388972
31.710264205932617,-97.18804931640625,1.914,28.2,1752241389000
31.710262298583984,-97.18804931640625,1.914,28.2,1752241389000
0.0,0.0,1.894,28.2,1752241389058
0.0,0.0,1.862,28.2,1752241389104
0.0,0.0,1.831,28.2,1752241389193
0.0,0.0,1.842,28.2,1752241389243
0.0,0.0,1.79,28.2,1752241389330
0.0,0.0,1.779,28.2,1752241389372
0.0,0.0,1.769,28.2,1752241389459
0.0,0.0,1.737,28.2,1752241389501
0.0,0.0,1.717,28.2,1752241389585
0.0,0.0,1.675,28.2,1752241389628
0.0,0.0,1.644,28.2,1752241389675
0.0,0.0,1.613,28.2,1752241389714
0.0,0.0,1.592,28.2,1752241389787
0.0,0.0,1.55,28.2,1752241389874
0.0,0.0,1.529,28.2,1752241389919
0.0,0.0,1.488,28.2,1752241390007
0.0,0.0,1.467,28.2,1752241390050
0.0,0.0,1.436,28.2,1752241390137
0.0,0.0,1.415,28.2,1752241390188
0.0,0.0,1.394,28.2,1752241390276
0.0,0.0,1.373,28.2,1752241390334
0.0,0.0,1.415,28.2,1752241390455
0.0,0.0,1.384,28.2,1752241390514
0.0,0.0,1.332,28.2,1752241390634
0.0,0.0,1.3,28.2,1752241390693
31.710262298583984,-97.18804931640625,1.29,28.4,1752241391000
0.0,0.0,1.29,28.4,1752241391148
0.0,0.0,1.28,28.4,1752241391220
0.0,0.0,1.28,28.4,1752241391342
0.0,0.0,1.269,28.4,1752241391634
0.0,0.0,1.196,28.4,1752241391721
0.0,0.0,1.134,28.4,1752241391763
0.0,0.0,1.144,28.4,1752241391850
0.0,0.0,1.134,28.4,1752241391893
0.0,0.0,1.103,28.4,1752241391979
31.71025848388672,-97.18804931640625,1.123,28.4,1752241392000
0.0,0.0,1.123,28.4,1752241392020
0.0,0.0,1.113,28.4,1752241392107
0.0,0.0,1.165,28.4,1752241392149
0.0,0.0,1.113,28.4,1752241392248
0.0,0.0,1.186,28.4,1752241392602
0.0,0.0,1.228,28.4,1752241392649
0.0,0.0,1.446,28.4,1752241393227
0.0,0.0,1.706,28.4,1752241393260
0.0,0.0,1.998,28.4,1752241393347
0.0,0.0,2.164,28.4,1752241393391
0.0,0.0,2.393,28.4,1752241393497
0.0,0.0,2.643,28.4,1752241393558
0.0,0.0,2.83,28.4,1752241393683
0.0,0.0,3.101,28.6,1752241393748
0.0,0.0,3.132,28.6,1752241394444
0.0,0.0,3.33,28.6,1752241394511
0.0,0.0,3.288,28.6,1752241394598
0.0,0.0,3.33,28.6,1752241394642
0.0,0.0,3.122,28.6,1752241394729
0.0,0.0,2.893,28.6,1752241394771
0.0,0.0,2.695,28.6,1752241394859
0.0,0.0,2.518,28.6,1752241394903
0.0,0.0,2.299,28.6,1752241394995
0.0,0.0,2.143,28.6,1752241395039
0.0,0.0,1.977,28.6,1752241395128
0.0,0.0,1.79,28.6,1752241395250
0.0,0.0,1.81,28.6,1752241395294
0.0,0.0,1.706,28.6,1752241395383
0.0,0.0,1.79,28.6,1752241395426
0.0,0.0,1.8,28.6,1752241395513
0.0,0.0,1.966,28.6,1752241395555
0.0,0.0,2.112,28.6,1752241395642
0.0,0.0,2.247,28.6,1752241395685
0.0,0.0,2.414,28.6,1752241395775
0.0,0.0,2.622,28.6,1752241395818
0.0,0.0,2.757,28.6,1752241395909
0.0,0.0,2.83,28.6,1752241395953
0.0,0.0,2.903,28.6,1752241396042
0.0,0.0,2.799,28.6,1752241396084
0.0,0.0,2.737,28.6,1752241396172
0.0,0.0,2.622,28.6,1752241396228
0.0,0.0,2.528,28.6,1752241396316
0.0,0.0,2.424,28.6,1752241396360
0.0,0.0,2.299,28.6,1752241396448
0.0,0.0,2.185,28.6,1752241396493
0.0,0.0,2.081,28.6,1752241396659
0.0,0.0,1.946,28.6,1752241396797
0.0,0.0,1.946,28.6,1752241396993
0.0,0.0,2.008,28.6,1752241397026
0.0,0.0,2.164,28.6,1752241397243
0.0,0.0,2.206,28.6,1752241397276
0.0,0.0,2.216,28.6,1752241397366
0.0,0.0,2.216,28.6,1752241397409
0.0,0.0,2.237,28.6,1752241397501
0.0,0.0,2.227,28.6,1752241397609
0.0,0.0,2.247,28.6,1752241397644
0.0,0.0,2.237,28.6,1752241397732
0.0,0.0,2.227,28.6,1752241397774
0.0,0.0,2.268,28.6,1752241397863
0.0,0.0,2.185,28.6,1752241397906
0.0,0.0,2.091,28.6,1752241397995
31.710241317749023,-97.18804931640625,2.091,28.6,1752241398000
0.0,0.0,1.862,28.6,1752241398037
0.0,0.0,1.8,28.6,1752241398127
0.0,0.0,1.81,28.6,1752241398178
0.0,0.0,1.779,28.6,1752241398271
0.0,0.0,1.737,28.6,1752241398313
0.0,0.0,1.696,28.6,1752241398404
0.0,0.0,1.665,28.6,1752241398448
0.0,0.0,1.665,28.6,1752241398537
0.0,0.0,1.644,28.6,1752241398579
0.0,0.0,1.654,28.6,1752241398667
0.0,0.0,1.685,28.6,1752241398709
0.0,0.0,1.706,28.6,1752241398796
0.0,0.0,1.8,28.6,1752241398838
0.0,0.0,1.81,28.6,1752241398926
0.0,0.0,1.748,28.6,1752241398977
31.71023941040039,-97.18804931640625,1.748,28.6,1752241399000
0.0,0.0,1.717,28.6,1752241399064
0.0,0.0,1.727,28.6,1752241399107
0.0,0.0,1.748,28.6,1752241399203
0.0,0.0,1.717,28.6,1752241399250
0.0,0.0,1.665,28.6,1752241399341
0.0,0.0,1.571,28.6,1752241399383
0.0,0.0,1.519,28.6,1752241399470
0.0,0.0,1.529,28.6,1752241399514
0.0,0.0,1.529,28.6,1752241399601
0.0,0.0,1.529,28.6,1752241399684
0.0,0.0,1.509,28.8,1752241399989
31.710237503051758,-97.18804931640625,1.509,28.8,1752241400000
0.0,0.0,1.54,28.8,1752241400035
0.0,0.0,1.529,28.8,1752241400124
0.0,0.0,1.498,28.8,1752241400170
0.0,0.0,1.467,28.8,1752241400300
0.0,0.0,1.446,28.8,1752241400360
0.0,0.0,1.446,28.8,1752241400484
0.0,0.0,1.477,28.8,1752241400684
0.0,0.0,1.498,28.8,1752241400732
31.710233688354492,-97.18804931640625,1.415,28.8,1752241401000
0.0,0.0,1.415,28.8,1752241401141
0.0,0.0,1.488,28.8,1752241401293
0.0,0.0,1.488,28.8,1752241401326
0.0,0.0,1.54,28.8,1752241401655
0.0,0.0,1.529,28.8,1752241401678
0.0,0.0,1.54,28.8,1752241401763
0.0,0.0,1.54,28.8,1752241401887
0.0,0.0,1.529,28.8,1752241402197
0.0,0.0,1.529,28.8,1752241402284
0.0,0.0,1.509,28.8,1752241402392
0.0,0.0,1.477,28.8,1752241402437
0.0,0.0,1.446,28.8,1752241402559
0.0,0.0,1.446,28.8,1752241402618
0.0,0.0,1.352,28.8,1752241402736
0.0,0.0,1.3,28.8,1752241402795
0.0,0.0,1.228,28.8,1752241402914
31.710229873657227,-97.18804931640625,1.228,28.8,1752241403000
0.0,0.0,1.165,28.8,1752241403225
0.0,0.0,1.134,28.8,1752241403325
0.0,0.0,1.155,28.8,1752241403367
0.0,0.0,1.113,28.8,1752241403455
0.0,0.0,1.134,28.8,1752241403498
0.0,0.0,1.123,28.8,1752241403546
0.0,0.0,1.103,28.8,1752241403587
0.0,0.0,1.092,28.8,1752241403612
0.0,0.0,1.061,28.8,1752241403660
0.0,0.0,1.092,28.8,1752241403730
0.0,0.0,1.082,28.8,1752241403778
0.0,0.0,1.092,28.8,1752241403803
0.0,0.0,1.071,28.8,1752241403852
0.0,0.0,1.061,28.8,1752241403922
0.0,0.0,1.03,28.8,1752241403995
31.710227966308594,-97.18804931640625,1.03,28.8,1752241404000
0.0,0.0,1.019,28.8,1752241404043
0.0,0.0,0.957,28.8,1752241404087
0.0,0.0,0.884,28.8,1752241404163
0.0,0.0,0.853,28.8,1752241404216
0.0,0.0,0.79,28.8,1752241404266
0.0,0.0,0.759,28.8,1752241404332
0.0,0.0,0.728,28.8,1752241404370
0.0,0.0,0.728,28.8,1752241404432
0.0,0.0,0.718,28.8,1752241404532
0.0,0.0,0.707,28.8,1752241404666
0.0,0.0,0.697,28.8,1752241404702
0.0,0.0,0.666,28.8,1752241404969
31.71022605895996,-97.18804931640625,0.666,28.8,1752241405000
0.0,0.0,0.666,28.8,1752241405012
0.0,0.0,0.666,28.8,1752241405090
0.0,0.0,0.676,28.8,1752241405139
0.0,0.0,0.666,28.8,1752241405167
0.0,0.0,0.655,28.8,1752241405238
0.0,0.0,0.655,28.8,1752241405337
0.0,0.0,0.666,28.8,1752241405403
0.0,0.0,0.645,28.8,1752241405500
0.0,0.0,0.645,28.8,1752241405623
0.0,0.0,0.614,28.8,1752241405659
0.0,0.0,0.603,28.8,1752241405683
31.710224151611328,-97.18804931640625,0.624,28.8,1752241406000
0.0,0.0,0.624,28.8,1752241406086
0.0,0.0,0.603,28.8,1752241406103
0.0,0.0,0.603,28.8,1752241406126
0.0,0.0,0.582,28.8,1752241406176
0.0,0.0,0.582,28.8,1752241406255
0.0,0.0,0.593,28.8,1752241406310
0.0,0.0,0.593,28.8,1752241406347
0.0,0.0,0.572,28.8,1752241406410
0.0,0.0,0.561,28.8,1752241406504
0.0,0.0,0.551,28.8,1752241406574
0.0,0.0,0.551,28.8,1752241406640
0.0,0.0,0.551,28.8,1752241406676
0.0,0.0,0.551,28.8,1752241406739
0.0,0.0,0.541,28.8,1752241406824
31.710224151611328,-97.18804931640625,0.541,28.8,1752241407000
0.0,0.0,0.541,28.8,1752241407131
0.0,0.0,0.551,28.8,1752241407181
0.0,0.0,0.561,28.8,1752241407216
0.0,0.0,0.551,28.8,1752241407264
0.0,0.0,0.541,28.8,1752241407338
0.0,0.0,0.561,28.8,1752241407395
0.0,0.0,0.561,28.8,1752241407431
0.0,0.0,0.561,28.8,1752241407497
0.0,0.0,0.561,28.8,1752241407740
0.0,0.0,0.561,28.8,1752241407765
0.0,0.0,0.572,28.8,1752241407788
0.0,0.0,0.561,28.8,1752241407850
0.0,0.0,0.561,28.8,1752241407940
31.710220336914062,-97.18805694580078,0.561,28.8,1752241408000
0.0,0.0,0.551,28.8,1752241408247
0.0,0.0,0.541,28.8,1752241408280
0.0,0.0,0.551,28.8,1752241408331
0.0,0.0,0.561,28.8,1752241408399
0.0,0.0,0.561,28.8,1752241408460
0.0,0.0,0.551,28.8,1752241408495
0.0,0.0,0.551,28.8,1752241408558
0.0,0.0,0.551,28.8,1752241408649
0.0,0.0,0.551,28.8,1752241408716
0.0,0.0,0.551,28.8,1752241408777
0.0,0.0,0.551,28.8,1752241408813
0.0,0.0,0.551,29.0,1752241408873
0.0,0.0,0.561,29.0,1752241408982
31.710216522216797,-97.18805694580078,0.561,29.0,1752241409000
0.0,0.0,0.561,29.0,1752241409287
0.0,0.0,0.561,29.0,1752241409365
0.0,0.0,0.551,29.0,1752241409414
0.0,0.0,0.551,29.0,1752241409451
0.0,0.0,0.551,29.0,1752241409476
0.0,0.0,0.551,29.0,1752241409533
0.0,0.0,0.541,29.0,1752241409620
0.0,0.0,0.53,29.0,1752241409688
0.0,0.0,0.541,29.0,1752241409746
0.0,0.0,0.551,29.0,1752241409782
0.0,0.0,0.561,29.0,1752241409841
31.71021270751953,-97.18805694580078,0.634,29.0,1752241410000
0.0,0.0,0.634,29.0,1752241410030
0.0,0.0,0.634,29.0,1752241410049
0.0,0.0,0.634,29.0,1752241410326
0.0,0.0,0.645,29.0,1752241410377
0.0,0.0,0.676,29.0,1752241410451
0.0,0.0,0.676,29.0,1752241410514
0.0,0.0,0.697,29.0,1752241410549
0.0,0.0,0.738,29.0,1752241410607
0.0,0.0,0.749,29.0,1752241410698
0.0,0.0,0.749,29.0,1752241410759
0.0,0.0,0.749,29.0,1752241410823
0.0,0.0,0.749,29.0,1752241410861
0.0,0.0,0.666,29.0,1752241410917
31.7102108001709,-97.18805694580078,0.655,29.0,1752241411000
0.0,0.0,0.655,29.0,1752241411020
0.0,0.0,0.655,29.0,1752241411120
0.0,0.0,0.645,29.0,1752241411380
0.0,0.0,0.614,29.0,1752241411415
0.0,0.0,0.614,29.0,1752241411465
0.0,0.0,0.582,29.0,1752241411553
0.0,0.0,0.541,29.0,1752241411624
0.0,0.0,0.541,29.0,1752241411661
0.0,0.0,0.541,29.0,1752241411824
0.0,0.0,0.53,29.0,1752241411865
0.0,0.0,0.53,29.0,1752241411915
0.0,0.0,0.593,29.0,1752241411950
31.710208892822266,-97.18805694580078,0.593,29.0,1752241412000
0.0,0.0,0.593,29.0,1752241412013
0.0,0.0,0.593,29.0,1752241412103
0.0,0.0,0.614,29.0,1752241412419
0.0,0.0,0.634,29.0,1752241412474
0.0,0.0,0.645,29.0,1752241412502
0.0,0.0,0.645,29.0,1752241412551
0.0,0.0,0.666,29.0,1752241412652
0.0,0.0,0.634,29.0,1752241412719
0.0,0.0,0.634,29.0,1752241412786
0.0,0.0,0.645,29.0,1752241412824
0.0,0.0,0.645,29.0,1752241412887
0.0,0.0,0.624,29.0,1752241412987
31.710205078125,-97.18805694580078,0.624,29.0,1752241413000
0.0,0.0,0.624,29.0,1752241413053
0.0,0.0,0.603,29.0,1752241413119
0.0,0.0,0.593,29.0,1752241413187
0.0,0.0,0.614,29.0,1752241413443
0.0,0.0,0.603,29.0,1752241413521
0.0,0.0,0.593,29.0,1752241413585
0.0,0.0,0.593,29.0,1752241413619
0.0,0.0,0.603,29.0,1752241413674
0.0,0.0,0.603,29.0,1752241413775
0.0,0.0,0.603,29.0,1752241413837
0.0,0.0,0.624,29.0,1752241413934
0.0,0.0,0.634,29.0,1752241413995
31.710203170776367,-97.18805694580078,0.634,29.0,1752241414000
0.0,0.0,0.634,29.0,1752241414050
0.0,0.0,0.655,29.0,1752241414081
0.0,0.0,0.634,29.0,1752241414182
0.0,0.0,0.697,29.0,1752241414540
0.0,0.0,0.707,29.0,1752241414563
0.0,0.0,0.697,29.0,1752241414586
0.0,0.0,0.697,29.0,1752241414650
0.0,0.0,0.697,29.2,1752241414747
0.0,0.0,0.697,29.2,1752241414831
0.0,0.0,0.686,29.2,1752241414897
0.0,0.0,0.655,29.2,1752241414932
0.0,0.0,0.655,29.2,1752241414988
31.7101993560791,-97.18805694580078,0.655,29.2,1752241415000
0.0,0.0,0.655,29.2,1752241415083
0.0,0.0,0.645,29.2,1752241415143
0.0,0.0,0.666,29.2,1752241415453
0.0,0.0,0.572,29.2,1752241415483
0.0,0.0,0.572,29.2,1752241415529
0.0,0.0,0.572,29.2,1752241415606
0.0,0.0,0.572,29.2,1752241415671
0.0,0.0,0.582,29.2,1752241415855
0.0,0.0,0.582,29.2,1752241415873
0.0,0.0,0.572,29.2,1752241415898
0.0,0.0,0.582,29.2,1752241415956
31.71019744873047,-97.18805694580078,0.582,29.2,1752241416000
0.0,0.0,0.572,29.2,1752241416050
0.0,0.0,0.561,29.2,1752241416111
0.0,0.0,0.561,29.2,1752241416167
0.0,0.0,0.561,29.2,1752241416453
0.0,0.0,0.614,29.2,1752241416500
0.0,0.0,0.655,29.2,1752241416643
0.0,0.0,0.697,29.2,1752241416674
0.0,0.0,0.738,29.2,1752241416699
0.0,0.0,0.759,29.2,1752241416759
0.0,0.0,0.759,29.2,1752241416862
0.0,0.0,0.759,29.2,1752241416926
0.0,0.0,0.78,29.2,1752241416958
31.710195541381836,-97.18805694580078,0.77,29.2,1752241417000
0.0,0.0,0.77,29.2,1752241417012
0.0,0.0,0.78,29.2,1752241417107
0.0,0.0,0.79,29.2,1752241417199
0.0,0.0,0.79,29.2,1752241417487
0.0,0.0,0.78,29.2,1752241417539
0.0,0.0,0.728,29.2,1752241417595
0.0,0.0,0.686,29.2,1752241417628
0.0,0.0,0.624,29.2,1752241417692
0.0,0.0,0.593,29.2,1752241417782
0.0,0.0,0.593,29.2,1752241417850
0.0,0.0,0.582,29.2,1752241417879
0.0,0.0,0.551,29.2,1752241417939
31.710189819335938,-97.18805694580078,0.53,29.2,1752241418000
0.0,0.0,0.53,29.2,1752241418028
0.0,0.0,0.53,29.2,1752241418097
0.0,0.0,0.53,29.2,1752241418183
0.0,0.0,0.53,29.2,1752241418421
0.0,0.0,0.53,29.2,1752241418473
0.0,0.0,0.561,29.2,1752241418559
0.0,0.0,0.593,29.2,1752241418616
0.0,0.0,0.624,29.2,1752241418648
0.0,0.0,0.634,29.2,1752241418708
0.0,0.0,0.645,29.2,1752241418797
0.0,0.0,0.645,29.2,1752241418863
0.0,0.0,0.655,29.2,1752241418926
0.0,0.0,0.666,29.2,1752241418960
31.710186004638672,-97.18805694580078,0.645,29.2,1752241419000
0.0,0.0,0.645,29.2,1752241419018
0.0,0.0,0.624,29.2,1752241419104
0.0,0.0,0.603,29.2,1752241419413
0.0,0.0,0.593,29.2,1752241419489
0.0,0.0,0.614,29.2,1752241419538
0.0,0.0,0.593,29.2,1752241419593
0.0,0.0,0.582,29.2,1752241419623
0.0,0.0,0.572,29.2,1752241419685
0.0,0.0,0.572,29.2,1752241419777
0.0,0.0,0.561,29.2,1752241419842
0.0,0.0,0.582,29.2,1752241419873
0.0,0.0,0.572,29.2,1752241419926
31.710182189941406,-97.18805694580078,0.561,29.2,1752241420000
0.0,0.0,0.561,29.2,1752241420021
0.0,0.0,0.561,29.2,1752241420089
0.0,0.0,0.561,29.2,1752241420142
0.0,0.0,0.572,29.2,1752241420431
0.0,0.0,0.561,29.2,1752241420480
0.0,0.0,0.582,29.2,1752241420561
0.0,0.0,0.582,29.2,1752241420625
0.0,0.0,0.582,29.2,1752241420715
0.0,0.0,0.582,29.2,1752241420775
0.0,0.0,0.582,29.2,1752241420830
0.0,0.0,0.582,29.2,1752241420919
0.0,0.0,0.582,29.2,1752241420975
31.71017837524414,-97.18806457519531,0.582,29.2,1752241421000
0.0,0.0,0.582,29.2,1752241421094
0.0,0.0,0.572,29.2,1752241421396
0.0,0.0,0.572,29.2,1752241421488
0.0,0.0,0.582,29.2,1752241421510
0.0,0.0,0.572,29.2,1752241421527
0.0,0.0,0.551,29.2,1752241421581
0.0,0.0,0.551,29.2,1752241421674
0.0,0.0,0.551,29.2,1752241421737
0.0,0.0,0.541,29.2,1752241421800
0.0,0.0,0.551,29.2,1752241422008
0.0,0.0,0.551,29.2,1752241422031
0.0,0.0,0.561,29.2,1752241422055
0.0,0.0,0.561,29.2,1752241422111
0.0,0.0,0.561,29.2,1752241422528
0.0,0.0,0.582,29.2,1752241422571
0.0,0.0,0.582,29.2,1752241422635
0.0,0.0,0.593,29.2,1752241422668
31.710172653198242,-97.18806457519531,0.614,29.2,1752241423000
31.71017074584961,-97.18805694580078,0.614,29.2,1752241423000
31.71016502380371,-97.18806457519531,0.614,29.2,1752241423000
0.0,0.0,0.614,29.2,1752241423146
0.0,0.0,0.624,29.2,1752241423179
0.0,0.0,0.624,29.2,1752241423312
0.0,0.0,0.624,29.2,1752241423359
0.0,0.0,0.624,29.2,1752241423404
0.0,0.0,0.634,29.2,1752241423554
0.0,0.0,0.624,29.2,1752241423637
0.0,0.0,0.634,29.2,1752241423875
0.0,0.0,1.998,29.2,1752241436508
0.0,0.0,3.319,29.2,1752241441021
0.0,0.0,4.589,29.2,1752241443988
0.0,0.0,5.931,29.2,1752241445237
0.0,0.0,7.284,29.2,1752241447571
0.0,0.0,8.617,29.0,1752241450023
0.0,0.0,9.917,29.0,1752241450607
0.0,0.0,11.322,29.0,1752241453321
0.0,0.0,12.634,29.0,1752241458123
0.0,0.0,13.934,29.0,1752241458520
0.0,0.0,15.225,29.0,1752241459404
0.0,0.0,16.547,28.8,1752241459623
0.0,0.0,16.328,28.8,1752241460571
0.0,0.0,16.162,28.8,1752241462637
0.0,0.0,16.016,28.8,1752241464136
0.0,0.0,15.86,28.8,1752241465706
0.0,0.0,15.6,28.8,1752241467771
0.0,0.0,15.391,28.8,1752241469287
0.0,0.0,15.225,28.8,1752241469572
0.0,0.0,14.861,28.8,1752241470337
0.0,0.0,14.715,28.8,1752241471438
0.0,0.0,14.58,28.8,1752241471722
31.71002197265625,-97.18797302246094,14.58,28.8,1752241472000
0.0,0.0,14.372,28.8,1752241472369
0.0,0.0,14.091,28.8,1752241472886
0.0,0.0,14.548,28.8,1752241473138
0.0,0.0,15.1,28.8,1752241474057
0.0,0.0,15.735,28.8,1752241474289
0.0,0.0,16.339,28.6,1752241475006
0.0,0.0,16.973,28.6,1752241475323
0.0,0.0,17.577,28.6,1752241475905
0.0,0.0,18.129,28.6,1752241476239
0.0,0.0,18.815,28.6,1752241476553
31.710012435913086,-97.18791961669922,18.795,28.6,1752241477000
0.0,0.0,18.795,28.6,1752241477069
0.0,0.0,18.784,28.6,1752241477357
0.0,0.0,18.888,28.6,1752241477970
31.710018157958984,-97.18791198730469,18.888,28.6,1752241478000
0.0,0.0,19.024,28.6,1752241478672
0.0,0.0,19.232,28.6,1752241478922
31.710018157958984,-97.18790435791016,19.232,28.6,1752241479000
0.0,0.0,19.2,28.6,1752241479522
0.0,0.0,19.19,28.6,1752241479722
0.0,0.0,19.18,28.6,1752241479906
31.710018157958984,-97.18789672851562,19.18,28.6,1752241480000
0.0,0.0,19.148,28.6,1752241480789
0.0,0.0,19.107,28.6,1752241481202
0.0,0.0,19.096,28.6,1752241482108
0.0,0.0,18.992,28.6,1752241482772
31.71002197265625,-97.18788146972656,18.992,28.6,1752241483000
31.710025787353516,-97.18787384033203,18.992,28.6,1752241483000
0.0,0.0,18.878,28.6,1752241483257
0.0,0.0,18.847,28.6,1752241483473
0.0,0.0,18.711,28.6,1752241483955
0.0,0.0,18.586,28.6,1752241484157
0.0,0.0,18.482,28.6,1752241486719
0.0,0.0,18.524,28.6,1752241486905
31.710039138793945,-97.18785858154297,18.576,28.6,1752241487000
0.0,0.0,18.576,28.6,1752241487088
0.0,0.0,18.524,28.6,1752241487287
0.0,0.0,18.451,28.6,1752241487920
31.710044860839844,-97.18785095214844,18.451,28.6,1752241488000
0.0,0.0,18.462,28.6,1752241488554
0.0,0.0,18.389,28.6,1752241488855
0.0,0.0,18.347,28.6,1752241489806
0.0,0.0,18.305,28.6,1752241490272
0.0,0.0,18.409,28.6,1752241491585
0.0,0.0,18.493,28.6,1752241491938
0.0,0.0,18.482,28.4,1752241492752
0.0,0.0,18.441,28.4,1752241493369
0.0,0.0,18.326,28.4,1752241493638
31.710067749023438,-97.1878662109375,18.347,28.4,1752241494000
0.0,0.0,18.347,28.4,1752241494268
0.0,0.0,18.347,28.4,1752241494554
0.0,0.0,18.43,28.4,1752241495188
0.0,0.0,18.503,28.4,1752241495687
31.71006965637207,-97.1878662109375,18.503,28.4,1752241496000
0.0,0.0,18.566,28.4,1752241496371
0.0,0.0,18.534,28.4,1752241496804
0.0,0.0,18.753,28.4,1752241496987
31.71006965637207,-97.1878662109375,18.753,28.4,1752241497000
0.0,0.0,18.743,28.4,1752241497571
0.0,0.0,18.545,28.4,1752241497889
31.710071563720703,-97.18787384033203,18.545,28.4,1752241498000
0.0,0.0,18.482,28.4,1752241498439
0.0,0.0,18.576,28.4,1752241498861
31.710071563720703,-97.18787384033203,18.576,28.4,1752241499000
0.0,0.0,18.784,28.4,1752241499170
0.0,0.0,18.69,28.4,1752241499956
0.0,0.0,18.711,28.4,1752241500504
0.0,0.0,18.732,28.4,1752241502138
0.0,0.0,18.638,28.4,1752241502701
0.0,0.0,18.69,28.4,1752241502885
31.710071563720703,-97.18788146972656,18.795,28.4,1752241503000
0.0,0.0,18.795,28.4,1752241503070
0.0,0.0,18.586,28.4,1752241503335
0.0,0.0,18.555,28.4,1752241503851
0.0,0.0,18.628,28.4,1752241505769
0.0,0.0,18.69,28.4,1752241505954
0.0,0.0,18.503,28.4,1752241506180
0.0,0.0,18.295,28.4,1752241506652
0.0,0.0,17.421,28.4,1752241509503
0.0,0.0,16.349,28.4,1752241510102
0.0,0.0,15.183,28.4,1752241510268
0.0,0.0,13.914,28.4,1752241510508
0.0,0.0,13.466,28.4,1752241510615
0.0,0.0,13.06,28.4,1752241510654
0.0,0.0,12.769,28.4,1752241510791
0.0,0.0,12.488,28.4,1752241510902
0.0,0.0,12.061,28.4,1752241510919
0.0,0.0,11.666,28.4,1752241511055
0.0,0.0,11.562,28.4,1752241511101
0.0,0.0,11.177,28.4,1752241511232
0.0,0.0,12.009,28.4,1752241511268
0.0,0.0,13.039,28.4,1752241511359
0.0,0.0,13.987,28.4,1752241511403
0.0,0.0,14.986,28.4,1752241511492
0.0,0.0,15.006,28.4,1752241511542
0.0,0.0,15.017,28.4,1752241511634
0.0,0.0,15.017,28.4,1752241511676
0.0,0.0,15.058,28.4,1752241511766
0.0,0.0,14.923,28.4,1752241511809
0.0,0.0,15.1,28.4,1752241511899
0.0,0.0,14.829,28.4,1752241511940
0.0,0.0,14.954,28.4,1752241512031
0.0,0.0,14.33,28.4,1752241512119
0.0,0.0,13.56,28.4,1752241512218
0.0,0.0,12.946,28.4,1752241512253
0.0,0.0,12.301,28.4,1752241512344
0.0,0.0,12.217,28.4,1752241512389
0.0,0.0,12.363,28.4,1752241517068
0.0,0.0,12.675,28.4,1752241518186
0.0,0.0,12.935,28.4,1752241519438
0.0,0.0,13.914,28.6,1752241519689
0.0,0.0,14.569,28.6,1752241520635
0.0,0.0,15.568,28.6,1752241521469
0.0,0.0,16.297,28.6,1752241522102
0.0,0.0,16.724,28.6,1752241522402
0.0,0.0,17.244,28.6,1752241523650
0.0,0.0,17.65,28.6,1752241524584
0.0,0.0,18.024,28.6,1752241525386
0.0,0.0,18.451,28.8,1752241526319
0.0,0.0,18.566,28.8,1752241526886
0.0,0.0,18.462,28.8,1752241527219
0.0,0.0,18.441,28.8,1752241529402
0.0,0.0,18.17,28.8,1752241529685
0.0,0.0,18.222,28.8,1752241530818
31.710071563720703,-97.1878890991211,18.222,28.8,1752241531000
0.0,0.0,17.993,28.8,1752241531219
0.0,0.0,17.806,28.8,1752241531402
0.0,0.0,17.733,28.8,1752241531733
31.710071563720703,-97.1878890991211,17.629,28.8,1752241532000
0.0,0.0,17.629,28.8,1752241532016
31.710071563720703,-97.18788146972656,17.567,28.8,1752241533000
0.0,0.0,17.567,28.8,1752241533173
0.0,0.0,17.525,28.8,1752241533404
0.0,0.0,17.379,28.8,1752241533653
0.0,0.0,17.41,28.8,1752241534103
0.0,0.0,16.64,28.6,1752241539849
0.0,0.0,15.766,28.6,1752241539904
0.0,0.0,14.965,28.6,1752241540180
0.0,0.0,14.809,28.6,1752241540332
0.0,0.0,14.507,28.6,1752241540415
0.0,0.0,14.59,28.8,1752241540785
0.0,0.0,14.486,28.8,1752241540965
0.0,0.0,14.132,28.8,1752241541020
0.0,0.0,13.622,28.8,1752241541101
0.0,0.0,13.164,28.8,1752241541170
0.0,0.0,13.039,28.8,1752241541384
0.0,0.0,12.654,28.8,1752241541450
0.0,0.0,13.414,28.8,1752241541520
0.0,0.0,14.08,28.8,1752241541601
0.0,0.0,14.819,28.8,1752241541666
0.0,0.0,14.653,28.8,1752241541718
0.0,0.0,14.538,28.8,1752241541800
0.0,0.0,14.163,28.8,1752241541869
0.0,0.0,13.976,28.8,1752241541951
0.0,0.0,13.83,28.8,1752241542016
0.0,0.0,13.643,28.8,1752241542068
0.0,0.0,13.414,28.8,1752241542233
0.0,0.0,12.935,28.8,1752241542286
0.0,0.0,12.696,28.8,1752241542365
0.0,0.0,11.874,28.8,1752241542448
0.0,0.0,11.125,28.8,1752241542581
0.0,0.0,10.375,28.8,1752241542636
0.0,0.0,9.98,28.8,1752241542718
0.0,0.0,9.636,28.8,1752241542798
0.0,0.0,9.272,28.8,1752241542834
0.0,0.0,9.022,28.8,1752241542916
0.0,0.0,8.731,28.8,1752241542986
0.0,0.0,8.918,28.8,1752241543068
0.0,0.0,9.126,28.8,1752241543132
0.0,0.0,9.449,28.8,1752241543216
0.0,0.0,9.376,28.8,1752241543269
0.0,0.0,9.522,28.8,1752241543350
0.0,0.0,9.449,28.8,1752241543406
0.0,0.0,9.324,28.8,1752241543484
0.0,0.0,9.366,28.8,1752241543535
0.0,0.0,9.47,28.8,1752241543618
0.0,0.0,9.418,28.8,1752241543669
0.0,0.0,9.303,28.8,1752241543767
0.0,0.0,9.293,28.8,1752241543819
0.0,0.0,9.22,28.8,1752241543900
0.0,0.0,9.168,28.8,1752241543952
0.0,0.0,8.96,28.8,1752241544032
0.0,0.0,8.845,28.8,1752241544115
0.0,0.0,8.689,28.8,1752241544181
0.0,0.0,8.752,28.8,1752241544236
0.0,0.0,8.7,28.8,1752241544316
0.0,0.0,8.658,28.8,1752241544399
0.0,0.0,8.679,28.8,1752241544452
0.0,0.0,8.575,28.8,1752241544533
0.0,0.0,8.398,28.8,1752241544586
0.0,0.0,8.336,28.8,1752241544668
0.0,0.0,8.346,28.8,1752241544732
0.0,0.0,8.523,28.8,1752241544802
0.0,0.0,8.585,28.8,1752241544884
0.0,0.0,8.585,28.8,1752241544948
0.0,0.0,8.575,28.8,1752241545001
0.0,0.0,8.669,28.8,1752241546147
0.0,0.0,8.721,28.8,1752241546367
0.0,0.0,8.512,28.8,1752241546401
0.0,0.0,8.283,28.8,1752241546438
0.0,0.0,8.263,28.8,1752241546482
0.0,0.0,8.471,28.8,1752241546566
0.0,0.0,8.419,28.8,1752241546601
0.0,0.0,8.575,28.8,1752241546650
0.0,0.0,8.273,28.8,1752241546684
0.0,0.0,7.95,28.8,1752241546798
0.0,0.0,7.774,28.8,1752241546834
0.0,0.0,7.503,28.8,1752241547769
0.0,0.0,0.582,29.6,1752241641498
0.0,0.0,0.582,29.6,1752241641914
0.0,0.0,0.634,29.6,1752241642825
0.0,0.0,0.634,29.8,1752241643167
0.0,0.0,0.655,29.8,1752241643792
31.7100830078125,-97.18791198730469,0.655,29.8,1752241644000
0.0,0.0,0.655,29.8,1752241644115
0.0,0.0,0.697,29.8,1752241644458
0.0,0.0,0.707,29.8,1752241644794
0.0,0.0,0.738,29.8,1752241645122
0.0,0.0,0.749,29.8,1752241645526
0.0,0.0,2.06,29.8,1752241650425
0.0,0.0,3.361,29.8,1752241653160
0.0,0.0,2.841,29.6,1752241679264
0.0,0.0,2.861,29.6,1752241679353
0.0,0.0,2.893,29.6,1752241679454
0.0,0.0,2.913,29.6,1752241679555
0.0,0.0,2.924,29.6,1752241679664
0.0,0.0,2.945,29.6,1752241679769
0.0,0.0,2.976,29.6,1752241679874
0.0,0.0,2.997,29.6,1752241679979
0.0,0.0,3.018,29.6,1752241680083
0.0,0.0,3.049,29.6,1752241680189
0.0,0.0,3.215,29.6,1752241680687
0.0,0.0,3.382,29.6,1752241680784
0.0,0.0,3.548,29.6,1752241680891
0.0,0.0,3.684,29.6,1752241680998
0.0,0.0,3.819,29.6,1752241681107
0.0,0.0,3.944,29.6,1752241681223
0.0,0.0,3.965,29.6,1752241681427
0.0,0.0,3.954,29.6,1752241681521
0.0,0.0,3.944,29.6,1752241681622
0.0,0.0,3.944,29.6,1752241681728
0.0,0.0,3.944,29.6,1752241681829
0.0,0.0,3.944,29.6,1752241681931
0.0,0.0,3.767,29.6,1752241682032
0.0,0.0,3.6,29.6,1752241682133
0.0,0.0,3.444,29.6,1752241682243
0.0,0.0,3.299,29.6,1752241682347
0.0,0.0,3.153,29.6,1752241682427
0.0,0.0,2.997,29.6,1752241682489
0.0,0.0,3.038,29.6,1752241682735
0.0,0.0,3.049,29.6,1752241682830
0.0,0.0,3.111,29.6,1752241682932
0.0,0.0,3.122,29.6,1752241683109
0.0,0.0,3.163,29.6,1752241683209
0.0,0.0,3.174,29.6,1752241683286
0.0,0.0,3.299,29.6,1752241683688
0.0,0.0,3.392,29.6,1752241683785
0.0,0.0,3.486,29.6,1752241683890
0.0,0.0,3.559,29.8,1752241684031
0.0,0.0,3.652,29.8,1752241684109
0.0,0.0,3.756,29.8,1752241684244
0.0,0.0,3.756,29.8,1752241684532
0.0,0.0,3.736,29.8,1752241684626
0.0,0.0,3.725,29.8,1752241684872
0.0,0.0,3.725,29.8,1752241684933
0.0,0.0,3.621,29.8,1752241685109
0.0,0.0,3.694,29.8,1752241685382
0.0,0.0,3.632,29.8,1752241685476
0.0,0.0,3.611,29.8,1752241685578
0.0,0.0,3.652,29.8,1752241685679
0.0,0.0,3.788,29.8,1752241685821
0.0,0.0,3.777,29.8,1752241685912
0.0,0.0,3.829,29.8,1752241686014
0.0,0.0,3.871,29.8,1752241686115
0.0,0.0,4.017,29.8,1752241686366
0.0,0.0,4.058,29.8,1752241686457
0.0,0.0,4.141,29.8,1752241686559
0.0,0.0,4.214,29.8,1752241686665
0.0,0.0,4.079,29.8,1752241686769
0.0,0.0,4.1,29.8,1752241686870
0.0,0.0,4.194,29.8,1752241686973
31.709880828857422,-97.18809509277344,4.194,29.8,1752241687000
0.0,0.0,4.277,29.8,1752241687075
0.0,0.0,4.256,29.8,1752241687176
0.0,0.0,4.391,29.8,1752241687289
0.0,0.0,4.37,29.8,1752241687397
0.0,0.0,4.402,29.8,1752241687472
0.0,0.0,4.298,29.8,1752241687604
0.0,0.0,4.308,29.8,1752241687678
0.0,0.0,4.318,29.8,1752241687807
0.0,0.0,4.329,29.8,1752241687880
31.709880828857422,-97.18809509277344,4.475,29.8,1752241688000
0.0,0.0,4.475,29.8,1752241688009
0.0,0.0,4.485,29.8,1752241688082
0.0,0.0,4.464,29.8,1752241688240
0.0,0.0,4.454,29.8,1752241688350
0.0,0.0,4.495,29.8,1752241688530
0.0,0.0,4.412,29.8,1752241688627
0.0,0.0,4.506,29.8,1752241688811
0.0,0.0,4.495,29.8,1752241688904
0.0,0.0,4.558,29.8,1752241689290
0.0,0.0,4.537,29.8,1752241689363
0.0,0.0,4.558,29.8,1752241689506
0.0,0.0,4.631,29.8,1752241689608
0.0,0.0,4.599,29.8,1752241689790
0.0,0.0,4.703,29.8,1752241689890
0.0,0.0,4.766,29.8,1752241690070
0.0,0.0,4.818,29.8,1752241690176
0.0,0.0,4.818,29.8,1752241690559
0.0,0.0,4.849,29.8,1752241690632
0.0,0.0,4.818,29.8,1752241690762
0.0,0.0,4.901,29.8,1752241690835
0.0,0.0,4.922,29.8,1752241690963
0.0,0.0,5.036,29.8,1752241691038
0.0,0.0,5.057,29.8,1752241691167
0.0,0.0,4.984,29.8,1752241691281
0.0,0.0,4.984,29.8,1752241691356
0.0,0.0,4.922,29.8,1752241691526
0.0,0.0,4.943,29.8,1752241691618
0.0,0.0,4.964,29.8,1752241691722
0.0,0.0,5.016,29.8,1752241691823
0.0,0.0,5.005,29.8,1752241691925
31.709890365600586,-97.18807220458984,4.984,29.8,1752241692000
0.0,0.0,4.984,29.8,1752241692027
0.0,0.0,4.984,29.8,1752241692128
0.0,0.0,4.984,29.8,1752241692238
0.0,0.0,5.005,29.8,1752241692340
0.0,0.0,5.005,29.8,1752241692441
0.0,0.0,5.026,29.8,1752241692542
0.0,0.0,5.026,29.8,1752241692650
0.0,0.0,5.047,29.8,1752241692724
0.0,0.0,5.057,29.8,1752241692853
0.0,0.0,5.109,29.8,1752241692926
0.0,0.0,5.109,29.8,1752241693055
0.0,0.0,5.141,29.8,1752241693128
0.0,0.0,5.141,29.8,1752241693277
0.0,0.0,5.141,29.8,1752241693382
0.0,0.0,5.151,29.8,1752241693558
0.0,0.0,5.13,29.8,1752241693661
0.0,0.0,5.141,29.8,1752241693842
0.0,0.0,5.13,29.8,1752241693940
31.709888458251953,-97.18807983398438,5.13,29.8,1752241694000
0.0,0.0,5.141,29.8,1752241694338
0.0,0.0,5.089,29.8,1752241694411
0.0,0.0,5.068,29.8,1752241694543
0.0,0.0,5.078,29.8,1752241694617
0.0,0.0,5.078,29.8,1752241694746
0.0,0.0,5.078,29.8,1752241694819
0.0,0.0,5.078,29.8,1752241694948
0.0,0.0,5.068,29.8,1752241695020
0.0,0.0,5.047,29.8,1752241695149
0.0,0.0,5.047,29.8,1752241695235
0.0,0.0,5.005,29.8,1752241695403
0.0,0.0,4.984,29.8,1752241695505
0.0,0.0,4.964,29.8,1752241695686
0.0,0.0,4.974,29.8,1752241695789
0.0,0.0,4.943,29.8,1752241695955
31.709888458251953,-97.1880874633789,4.943,29.8,1752241696000
0.0,0.0,4.901,29.8,1752241696299
0.0,0.0,4.901,29.8,1752241696429
0.0,0.0,4.87,29.8,1752241696506
0.0,0.0,4.86,29.8,1752241696636
0.0,0.0,4.87,29.8,1752241696709
0.0,0.0,4.86,29.8,1752241696839
0.0,0.0,4.839,29.8,1752241696912
31.709888458251953,-97.1880874633789,4.828,29.8,1752241697000
0.0,0.0,4.828,29.8,1752241697043
0.0,0.0,4.797,29.8,1752241697116
0.0,0.0,4.797,29.8,1752241697259
0.0,0.0,4.797,29.8,1752241697360
0.0,0.0,4.818,29.8,1752241697542
0.0,0.0,4.86,29.8,1752241697644
0.0,0.0,4.828,29.8,1752241697821
0.0,0.0,4.839,29.8,1752241697921
0.0,0.0,4.828,29.8,1752241698322
0.0,0.0,4.776,29.8,1752241698395
0.0,0.0,4.776,29.8,1752241698527
0.0,0.0,4.828,29.8,1752241698620
0.0,0.0,4.839,29.8,1752241698803
0.0,0.0,4.88,29.8,1752241698904
0.0,0.0,4.87,29.8,1752241699085
0.0,0.0,4.849,29.8,1752241699196
0.0,0.0,4.849,29.8,1752241699589
0.0,0.0,4.828,29.8,1752241699664
0.0,0.0,4.839,29.8,1752241699794
0.0,0.0,4.839,29.8,1752241699866
0.0,0.0,4.849,29.8,1752241699996
31.709890365600586,-97.1880874633789,4.849,29.8,1752241700000
0.0,0.0,4.901,29.8,1752241700069
0.0,0.0,4.901,29.8,1752241700208
0.0,0.0,4.891,29.8,1752241700287
0.0,0.0,4.86,29.8,1752241700416
0.0,0.0,4.839,29.8,1752241700490
0.0,0.0,4.839,29.8,1752241700620
0.0,0.0,4.839,29.8,1752241700693
0.0,0.0,4.828,29.8,1752241700825
0.0,0.0,4.828,29.8,1752241700899
31.70989227294922,-97.1880874633789,4.839,29.8,1752241701000
0.0,0.0,4.839,29.8,1752241701069
0.0,0.0,4.849,29.8,1752241701132
0.0,0.0,4.849,29.8,1752241701287
0.0,0.0,4.849,29.8,1752241701391
0.0,0.0,4.839,29.8,1752241701568
0.0,0.0,4.86,29.8,1752241701676
0.0,0.0,4.891,29.8,1752241701854
0.0,0.0,4.891,29.8,1752241701950
0.0,0.0,4.912,29.8,1752241702348
0.0,0.0,4.932,29.8,1752241702421
0.0,0.0,4.964,29.8,1752241702553
0.0,0.0,4.995,29.8,1752241702649
0.0,0.0,5.005,29.8,1752241702831
0.0,0.0,5.036,29.8,1752241702928
31.70989418029785,-97.18807983398438,5.036,29.8,1752241703000
0.0,0.0,5.036,29.8,1752241703113
0.0,0.0,5.047,29.8,1752241703224
0.0,0.0,5.068,29.8,1752241703616
0.0,0.0,5.068,29.8,1752241703690
0.0,0.0,5.057,29.8,1752241703820
0.0,0.0,5.078,29.8,1752241703897
0.0,0.0,5.089,29.8,1752241704027
0.0,0.0,5.078,29.8,1752241704100
0.0,0.0,5.047,29.8,1752241704241
0.0,0.0,5.016,29.8,1752241704335
0.0,0.0,5.005,29.8,1752241704517
0.0,0.0,4.974,29.8,1752241704619
0.0,0.0,5.005,29.8,1752241704801
0.0,0.0,4.995,29.8,1752241704897
31.70989418029785,-97.1880874633789,4.995,29.8,1752241705000
0.0,0.0,4.974,29.8,1752241705296
0.0,0.0,4.964,29.8,1752241705369
0.0,0.0,4.953,29.8,1752241705498
0.0,0.0,4.932,29.8,1752241705570
0.0,0.0,4.922,29.8,1752241705699
0.0,0.0,4.922,29.8,1752241705776
0.0,0.0,4.932,29.8,1752241705904
0.0,0.0,4.953,29.8,1752241705976
0.0,0.0,4.964,29.8,1752241706104
0.0,0.0,4.964,29.8,1752241706179
0.0,0.0,4.943,29.8,1752241706317
0.0,0.0,4.943,29.8,1752241706407
0.0,0.0,4.953,29.8,1752241706588
0.0,0.0,4.953,29.8,1752241706691
0.0,0.0,4.953,29.8,1752241706863
0.0,0.0,4.953,29.8,1752241706965
31.70989418029785,-97.18807983398438,4.953,29.8,1752241707000
0.0,0.0,4.953,29.8,1752241707366
0.0,0.0,4.943,29.8,1752241707439
0.0,0.0,4.943,29.8,1752241707564
0.0,0.0,4.943,29.8,1752241707642
0.0,0.0,4.932,29.8,1752241707767
0.0,0.0,4.932,29.8,1752241707840
0.0,0.0,4.932,29.8,1752241707966
0.0,0.0,4.932,29.8,1752241708038
0.0,0.0,4.922,29.8,1752241708162
0.0,0.0,4.922,29.8,1752241708248
0.0,0.0,4.922,29.8,1752241708410
0.0,0.0,4.922,29.8,1752241708512
0.0,0.0,4.922,29.8,1752241708689
0.0,0.0,4.922,29.8,1752241708875
31.709897994995117,-97.18807983398438,4.922,29.8,1752241709000
0.0,0.0,4.922,29.8,1752241709251
0.0,0.0,4.922,29.8,1752241709332
0.0,0.0,4.932,29.8,1752241709455
0.0,0.0,4.932,29.8,1752241709533
0.0,0.0,4.932,29.8,1752241709659
0.0,0.0,4.932,29.8,1752241709734
0.0,0.0,4.922,29.8,1752241709859
0.0,0.0,4.922,29.8,1752241709933
0.0,0.0,4.922,29.8,1752241710056
0.0,0.0,4.912,29.8,1752241710128
0.0,0.0,4.912,29.8,1752241710263
0.0,0.0,4.901,29.8,1752241710362
0.0,0.0,4.901,29.8,1752241710536
0.0,0.0,4.922,29.8,1752241710638
0.0,0.0,4.922,29.8,1752241710809
0.0,0.0,4.912,29.8,1752241710910
0.0,0.0,4.922,29.8,1752241711307
0.0,0.0,4.922,29.8,1752241711380
0.0,0.0,4.922,29.8,1752241711504
0.0,0.0,4.912,29.8,1752241711576
0.0,0.0,4.912,29.8,1752241711700
0.0,0.0,4.912,29.8,1752241711774
0.0,0.0,4.912,29.8,1752241711897
0.0,0.0,4.912,29.8,1752241711969
31.70990562438965,-97.18807983398438,4.912,29.8,1752241712000
0.0,0.0,4.912,29.8,1752241712091
0.0,0.0,4.901,29.8,1752241712167
0.0,0.0,4.901,29.8,1752241712295
0.0,0.0,4.891,29.8,1752241712368
0.0,0.0,4.891,29.8,1752241712489
0.0,0.0,4.891,29.8,1752241712561
0.0,0.0,4.891,29.8,1752241712683
0.0,0.0,4.88,29.8,1752241712759
0.0,0.0,4.88,29.8,1752241712879
0.0,0.0,4.88,29.8,1752241712952
0.0,0.0,4.88,29.8,1752241713072
0.0,0.0,4.891,29.8,1752241713144
0.0,0.0,4.87,29.8,1752241713275
0.0,0.0,4.88,29.8,1752241713367
0.0,0.0,4.87,29.8,1752241713534
0.0,0.0,4.87,29.8,1752241713638
0.0,0.0,4.88,29.8,1752241713800
0.0,0.0,4.86,29.8,1752241713902
31.70990753173828,-97.18807220458984,4.86,29.8,1752241714000
0.0,0.0,4.86,29.8,1752241714292
0.0,0.0,4.87,29.8,1752241714446
0.0,0.0,4.87,29.8,1752241714508
0.0,0.0,4.86,29.8,1752241714637
0.0,0.0,4.86,29.8,1752241714710
0.0,0.0,4.86,29.8,1752241714835
0.0,0.0,4.849,29.8,1752241714908
0.0,0.0,4.849,29.8,1752241715032
0.0,0.0,4.839,29.8,1752241715105
0.0,0.0,4.86,29.8,1752241715248
0.0,0.0,4.849,29.8,1752241715339
0.0,0.0,4.849,29.8,1752241715514
0.0,0.0,4.849,29.8,1752241715612
0.0,0.0,4.849,29.8,1752241715785
0.0,0.0,4.839,29.8,1752241715882
31.709911346435547,-97.18807220458984,4.839,29.8,1752241716000
0.0,0.0,4.839,29.8,1752241716275
0.0,0.0,4.839,29.8,1752241716347
0.0,0.0,4.839,29.8,1752241716474
0.0,0.0,4.828,29.8,1752241716547
0.0,0.0,4.828,29.8,1752241716674
0.0,0.0,4.828,29.8,1752241716748
0.0,0.0,4.818,29.8,1752241716873
0.0,0.0,4.818,29.8,1752241716946
31.709915161132812,-97.18806457519531,4.818,29.8,1752241717000
0.0,0.0,4.818,29.8,1752241717070
0.0,0.0,4.818,29.8,1752241717142
0.0,0.0,4.797,29.8,1752241717296
0.0,0.0,4.797,29.8,1752241717369
0.0,0.0,4.797,29.8,1752241717532
0.0,0.0,4.808,29.8,1752241717634
0.0,0.0,4.808,29.8,1752241717808
0.0,0.0,4.797,29.8,1752241717909
0.0,0.0,4.797,29.8,1752241718288
0.0,0.0,4.787,29.8,1752241718362
0.0,0.0,4.797,29.8,1752241718494
0.0,0.0,4.787,29.8,1752241718584
0.0,0.0,4.787,29.8,1752241718759
0.0,0.0,4.776,29.8,1752241718855
31.709918975830078,-97.18806457519531,4.776,29.8,1752241719000
0.0,0.0,4.776,29.8,1752241719022
0.0,0.0,4.776,29.8,1752241719124
0.0,0.0,4.776,29.8,1752241719520
0.0,0.0,4.756,29.8,1752241719593
0.0,0.0,4.756,29.8,1752241719717
0.0,0.0,4.745,29.8,1752241719791
0.0,0.0,4.745,29.8,1752241719917
0.0,0.0,4.756,29.8,1752241719993
0.0,0.0,4.756,29.8,1752241720118
0.0,0.0,4.745,29.8,1752241720201
0.0,0.0,4.745,29.8,1752241720331
0.0,0.0,4.745,29.8,1752241720419
0.0,0.0,4.745,29.8,1752241720591
0.0,0.0,4.735,29.8,1752241720693
0.0,0.0,4.724,29.8,1752241720865
0.0,0.0,4.724,29.8,1752241720967
31.70992088317871,-97.18805694580078,4.724,29.8,1752241721000
0.0,0.0,4.703,29.8,1752241721378
0.0,0.0,4.703,29.8,1752241721460
0.0,0.0,4.693,29.8,1752241721581
0.0,0.0,4.683,29.8,1752241721655
0.0,0.0,4.683,29.8,1752241721778
0.0,0.0,4.672,29.8,1752241721854
0.0,0.0,4.672,29.8,1752241721977
0.0,0.0,4.662,29.8,1752241722049
0.0,0.0,4.662,29.8,1752241722194
0.0,0.0,4.662,29.8,1752241722285
0.0,0.0,4.672,29.8,1752241722440
0.0,0.0,4.662,29.8,1752241722547
0.0,0.0,4.662,29.8,1752241722736
0.0,0.0,4.651,29.8,1752241722843
31.709922790527344,-97.18805694580078,4.651,29.8,1752241723000
0.0,0.0,4.662,29.8,1752241723265
0.0,0.0,4.662,29.8,1752241723348
0.0,0.0,4.662,29.8,1752241723486
0.0,0.0,4.651,29.8,1752241723562
0.0,0.0,4.662,29.8,1752241723700
0.0,0.0,4.662,29.8,1752241723780
0.0,0.0,4.651,29.8,1752241723916
0.0,0.0,4.651,29.8,1752241723992
0.0,0.0,4.631,29.8,1752241724132
0.0,0.0,4.631,29.8,1752241724217
0.0,0.0,4.62,29.8,1752241724361
0.0,0.0,4.62,29.8,1752241724447
0.0,0.0,4.62,29.8,1752241724637
0.0,0.0,4.61,29.8,1752241724743
0.0,0.0,4.599,29.8,1752241724935
31.709924697875977,-97.18805694580078,4.599,29.8,1752241725000
0.0,0.0,4.589,29.8,1752241725293
0.0,0.0,4.589,29.8,1752241725437
0.0,0.0,4.589,29.8,1752241725512
0.0,0.0,4.579,29.8,1752241725652
0.0,0.0,4.568,29.8,1752241725731
0.0,0.0,4.579,29.8,1752241725866
0.0,0.0,4.579,29.8,1752241725940
0.0,0.0,4.589,29.8,1752241726075
0.0,0.0,4.589,29.8,1752241726152
0.0,0.0,4.599,29.8,1752241726300
0.0,0.0,4.589,29.8,1752241726388
0.0,0.0,4.62,29.8,1752241726574
0.0,0.0,4.62,29.8,1752241726677
0.0,0.0,4.631,29.8,1752241726862
31.709928512573242,-97.18804931640625,4.631,29.8,1752241727000
0.0,0.0,4.641,29.8,1752241727325
0.0,0.0,4.641,29.8,1752241727387
0.0,0.0,4.672,29.8,1752241727519
0.0,0.0,4.693,29.8,1752241727593
0.0,0.0,4.714,29.8,1752241727797
0.0,0.0,4.714,29.8,1752241727860
0.0,0.0,4.745,29.8,1752241727992
0.0,0.0,4.756,29.8,1752241728062
0.0,0.0,4.756,29.8,1752241728283
0.0,0.0,4.756,29.8,1752241728345
0.0,0.0,4.766,29.8,1752241728527
0.0,0.0,4.787,29.8,1752241728766
0.0,0.0,4.787,29.8,1752241728854
31.709932327270508,-97.18804931640625,4.787,29.8,1752241729000
0.0,0.0,4.839,29.8,1752241729419
0.0,0.0,4.86,29.8,1752241729580
0.0,0.0,4.87,29.8,1752241729929
0.0,0.0,4.891,29.8,1752241729990
31.70993423461914,-97.18804168701172,4.891,29.8,1752241730000
0.0,0.0,4.943,29.8,1752241730263
0.0,0.0,4.964,29.8,1752241730324
0.0,0.0,4.995,29.8,1752241730582
0.0,0.0,5.047,29.8,1752241730670
0.0,0.0,5.089,29.8,1752241730848
0.0,0.0,4.922,29.8,1752241731084
0.0,0.0,4.912,29.8,1752241731410
0.0,0.0,4.922,29.8,1752241731559
0.0,0.0,4.922,29.8,1752241731659
0.0,0.0,4.943,29.8,1752241731888
31.709938049316406,-97.18804168701172,4.964,29.8,1752241732000
0.0,0.0,4.964,29.8,1752241732111
0.0,0.0,4.766,29.8,1752241732212
0.0,0.0,4.756,29.8,1752241732614
0.0,0.0,4.756,29.8,1752241732787
0.0,0.0,4.766,29.8,1752241732850
0.0,0.0,4.735,29.8,1752241732983
0.0,0.0,4.724,29.8,1752241733054
0.0,0.0,4.943,29.8,1752241733186
0.0,0.0,4.776,29.8,1752241733273
0.0,0.0,4.776,29.8,1752241733418
0.0,0.0,4.776,29.8,1752241733519
0.0,0.0,4.797,29.8,1752241733701
31.709941864013672,-97.18804168701172,4.797,29.8,1752241734000
0.0,0.0,4.787,29.8,1752241734338
0.0,0.0,4.964,29.8,1752241734419
0.0,0.0,4.953,29.8,1752241734745
0.0,0.0,4.766,29.8,1752241734907
0.0,0.0,4.735,29.8,1752241734970
0.0,0.0,4.683,29.8,1752241735102
0.0,0.0,4.495,29.8,1752241735175
0.0,0.0,4.194,29.8,1752241735322
0.0,0.0,4.204,29.8,1752241735392
0.0,0.0,4.183,29.8,1752241735573
0.0,0.0,4.079,29.8,1752241735678
0.0,0.0,3.975,29.8,1752241735860
0.0,0.0,3.881,29.8,1752241735960
0.0,0.0,3.736,29.8,1752241736363
0.0,0.0,3.663,29.8,1752241736434
0.0,0.0,3.871,29.8,1752241736565
0.0,0.0,3.819,29.8,1752241736636
0.0,0.0,3.767,29.8,1752241736770
0.0,0.0,3.861,29.8,1752241736840
0.0,0.0,3.954,29.8,1752241736972
31.70994758605957,-97.18803405761719,3.954,29.8,1752241737000
0.0,0.0,3.923,29.8,1752241737043
0.0,0.0,3.923,29.8,1752241737180
0.0,0.0,3.881,29.8,1752241737259
0.0,0.0,3.861,29.8,1752241737390
0.0,0.0,3.808,29.8,1752241737462
0.0,0.0,3.756,29.8,1752241737597
0.0,0.0,3.694,29.8,1752241737670
0.0,0.0,3.548,29.8,1752241737801
0.0,0.0,3.569,29.8,1752241737873
0.0,0.0,3.507,29.8,1752241738043
0.0,0.0,3.361,29.8,1752241738106
0.0,0.0,3.226,29.8,1752241738255
0.0,0.0,3.111,29.8,1752241738327
0.0,0.0,3.09,29.8,1752241738502
0.0,0.0,3.049,29.8,1752241738602
0.0,0.0,3.07,29.8,1752241738784
0.0,0.0,3.028,29.8,1752241738883
0.0,0.0,2.986,29.8,1752241739289
0.0,0.0,3.018,29.8,1752241739360
0.0,0.0,3.028,29.8,1752241739492
0.0,0.0,3.059,29.8,1752241739564
0.0,0.0,3.007,29.8,1752241739693
0.0,0.0,2.965,29.8,1752241739763
0.0,0.0,2.945,29.8,1752241739895
0.0,0.0,2.924,29.8,1752241739965
31.7099552154541,-97.18802642822266,2.924,29.8,1752241740000
0.0,0.0,2.882,29.8,1752241740095
0.0,0.0,2.841,29.8,1752241740168
0.0,0.0,2.809,29.8,1752241740306
0.0,0.0,2.778,29.8,1752241740377
0.0,0.0,2.768,29.8,1752241740510
0.0,0.0,2.737,29.8,1752241740581
0.0,0.0,2.726,29.8,1752241740711
0.0,0.0,2.716,29.8,1752241740786
0.0,0.0,2.705,29.8,1752241740916
0.0,0.0,2.695,29.8,1752241740987
0.0,0.0,2.685,29.8,1752241741118
0.0,0.0,2.685,29.8,1752241741199
0.0,0.0,2.674,29.8,1752241741338
0.0,0.0,2.674,29.8,1752241741418
0.0,0.0,2.674,29.8,1752241741653
0.0,0.0,2.664,29.8,1752241741742
0.0,0.0,2.653,29.8,1752241741919
31.709959030151367,-97.18801879882812,2.653,29.8,1752241742000
0.0,0.0,2.643,29.8,1752241742275
0.0,0.0,2.632,29.8,1752241742412
0.0,0.0,2.612,29.8,1752241742483
0.0,0.0,2.58,29.8,1752241742652
0.0,0.0,2.57,29.8,1752241742723
0.0,0.0,2.57,29.8,1752241742854
0.0,0.0,2.56,29.8,1752241742925
0.0,0.0,2.549,29.8,1752241743055
0.0,0.0,2.508,29.8,1752241743125
0.0,0.0,2.508,29.8,1752241743274
0.0,0.0,2.518,29.8,1752241743344
0.0,0.0,2.487,29.8,1752241743506
0.0,0.0,2.487,29.8,1752241743607
0.0,0.0,2.476,29.8,1752241743789
0.0,0.0,2.466,29.8,1752241743888
31.7099609375,-97.18801879882812,2.466,29.8,1752241744000
0.0,0.0,2.466,29.8,1752241744287
0.0,0.0,2.466,29.8,1752241744360
0.0,0.0,2.435,29.8,1752241744489
0.0,0.0,2.414,29.8,1752241744563
0.0,0.0,2.414,29.8,1752241744697
0.0,0.0,2.404,29.8,1752241744767
0.0,0.0,2.393,29.8,1752241744899
0.0,0.0,2.393,29.8,1752241744971
0.0,0.0,2.393,29.8,1752241745101
0.0,0.0,2.372,29.8,1752241745176
0.0,0.0,2.362,29.8,1752241745321
0.0,0.0,2.362,29.8,1752241745392
0.0,0.0,2.362,29.8,1752241745574
0.0,0.0,2.341,29.8,1752241745673
0.0,0.0,2.331,29.8,1752241745855
0.0,0.0,2.32,29.8,1752241745951
0.0,0.0,2.289,29.8,1752241746351
0.0,0.0,2.299,29.8,1752241746425
0.0,0.0,2.258,29.8,1752241746555
0.0,0.0,2.237,29.8,1752241746628
0.0,0.0,2.227,29.8,1752241746760
0.0,0.0,2.216,29.8,1752241746832
0.0,0.0,2.195,29.8,1752241746963
31.70996856689453,-97.1880111694336,2.154,29.8,1752241747000
0.0,0.0,2.154,29.8,1752241747035
0.0,0.0,2.102,29.8,1752241747165
0.0,0.0,2.102,29.8,1752241747317
0.0,0.0,2.102,29.8,1752241747382
0.0,0.0,2.081,29.8,1752241747552
0.0,0.0,2.081,29.8,1752241747615
0.0,0.0,2.039,29.8,1752241747788
0.0,0.0,2.039,29.8,1752241747852
0.0,0.0,2.06,29.8,1752241747952
0.0,0.0,2.05,29.8,1752241748025
0.0,0.0,2.029,29.8,1752241748156
0.0,0.0,2.029,29.8,1752241748246
0.0,0.0,2.039,29.8,1752241748383
0.0,0.0,2.06,29.8,1752241748389
0.0,0.0,2.039,29.8,1752241748622
0.0,0.0,2.039,29.8,1752241748757
0.0,0.0,2.018,29.8,1752241748859
0.0,0.0,2.008,29.8,1752241749264
0.0,0.0,2.018,29.8,1752241749345
0.0,0.0,1.998,29.8,1752241749478
0.0,0.0,1.966,29.8,1752241749551
0.0,0.0,1.956,29.8,1752241749683
0.0,0.0,1.966,29.8,1752241749756
0.0,0.0,1.956,29.8,1752241749887
0.0,0.0,1.935,29.8,1752241749960
31.70997428894043,-97.18800354003906,1.935,29.8,1752241750000
0.0,0.0,1.914,29.8,1752241750092
0.0,0.0,1.914,29.8,1752241750170
0.0,0.0,1.904,29.8,1752241750308
0.0,0.0,1.894,29.8,1752241750381
0.0,0.0,1.904,29.8,1752241750514
0.0,0.0,1.894,29.8,1752241750586
0.0,0.0,1.914,29.8,1752241750719
0.0,0.0,1.956,29.8,1752241750792
0.0,0.0,1.956,29.8,1752241750928
0.0,0.0,1.935,29.8,1752241751002
0.0,0.0,1.956,29.8,1752241751134
0.0,0.0,1.977,29.8,1752241751225
0.0,0.0,1.977,29.8,1752241751373
0.0,0.0,1.977,29.8,1752241751477
0.0,0.0,1.998,29.8,1752241751662
0.0,0.0,2.018,29.8,1752241751766
0.0,0.0,2.018,29.8,1752241751974
31.709978103637695,-97.18799591064453,2.018,29.8,1752241752000
0.0,0.0,2.039,29.8,1752241752276
0.0,0.0,2.018,29.8,1752241752408
0.0,0.0,2.018,29.8,1752241752485
0.0,0.0,2.018,29.8,1752241752616
0.0,0.0,2.06,29.8,1752241752690
0.0,0.0,2.07,29.8,1752241752825
0.0,0.0,2.06,29.8,1752241752899
0.0,0.0,2.091,29.8,1752241753028
0.0,0.0,2.123,29.8,1752241753101
0.0,0.0,2.102,29.8,1752241753251
0.0,0.0,2.091,29.8,1752241753323
0.0,0.0,2.091,29.8,1752241753501
0.0,0.0,2.07,29.8,1752241753602
0.0,0.0,2.091,29.8,1752241753784
0.0,0.0,2.081,29.8,1752241753881
31.70998191833496,-97.18798828125,2.081,29.8,1752241754000
0.0,0.0,2.06,29.8,1752241754287
0.0,0.0,2.07,29.8,1752241754362
0.0,0.0,2.06,29.8,1752241754493
0.0,0.0,2.081,29.8,1752241754562
0.0,0.0,2.07,29.8,1752241754696
0.0,0.0,2.06,29.8,1752241754766
0.0,0.0,2.06,29.8,1752241754897
0.0,0.0,2.07,29.8,1752241754969
0.0,0.0,2.081,29.8,1752241755098
0.0,0.0,2.091,29.8,1752241755171
0.0,0.0,2.102,29.8,1752241755315
0.0,0.0,2.123,29.8,1752241755385
0.0,0.0,2.143,29.8,1752241755562
0.0,0.0,2.133,29.8,1752241755665
0.0,0.0,2.133,29.8,1752241755847
0.0,0.0,2.133,29.8,1752241755952
31.709985733032227,-97.18798828125,2.133,29.8,1752241756000
0.0,0.0,2.133,29.8,1752241756361
0.0,0.0,2.133,29.8,1752241756432
0.0,0.0,2.133,29.8,1752241756561
0.0,0.0,2.133,29.8,1752241756637
0.0,0.0,2.133,29.8,1752241756735
0.0,0.0,2.123,29.8,1752241756811
0.0,0.0,2.123,29.8,1752241756944
0.0,0.0,2.123,29.8,1752241757018
0.0,0.0,2.123,29.8,1752241757148
0.0,0.0,2.133,29.8,1752241757238
0.0,0.0,2.133,29.8,1752241757389
0.0,0.0,2.143,29.8,1752241757493
0.0,0.0,2.164,29.8,1752241757676
0.0,0.0,2.175,29.8,1752241757776
0.0,0.0,2.185,29.8,1752241757942
31.709985733032227,-97.18798065185547,2.185,29.8,1752241758000
0.0,0.0,2.185,29.8,1752241758286
0.0,0.0,2.185,29.8,1752241758417
0.0,0.0,2.195,29.8,1752241758490
0.0,0.0,2.195,29.8,1752241758618
0.0,0.0,2.195,29.8,1752241758690
0.0,0.0,2.195,29.8,1752241758821
0.0,0.0,2.206,29.8,1752241758893
0.0,0.0,2.206,29.8,1752241759019
0.0,0.0,2.216,29.8,1752241759088
0.0,0.0,2.206,29.8,1752241759254
0.0,0.0,2.216,29.8,1752241759351
0.0,0.0,2.216,29.8,1752241759531
0.0,0.0,2.216,29.8,1752241759629
0.0,0.0,2.216,29.8,1752241759808
0.0,0.0,2.216,29.8,1752241759910
0.0,0.0,2.216,29.8,1752241760365
0.0,0.0,2.227,29.8,1752241760434
0.0,0.0,2.227,29.8,1752241760562
0.0,0.0,2.216,29.8,1752241760634
0.0,0.0,2.227,29.8,1752241760767
0.0,0.0,2.206,29.8,1752241760841
0.0,0.0,2.206,29.8,1752241760975
31.709993362426758,-97.18797302246094,2.206,29.8,1752241761000
0.0,0.0,2.216,29.8,1752241761049
0.0,0.0,2.206,29.8,1752241761184
0.0,0.0,2.195,29.8,1752241761266
0.0,0.0,2.195,29.8,1752241761401
0.0,0.0,2.195,29.8,1752241761477
0.0,0.0,2.185,29.8,1752241761610
0.0,0.0,2.175,29.8,1752241761685
0.0,0.0,2.175,29.8,1752241761817
0.0,0.0,2.164,29.8,1752241761896
0.0,0.0,2.154,29.8,1752241761999
0.0,0.0,2.164,29.8,1752241762042
0.0,0.0,2.175,29.8,1752241762184
0.0,0.0,2.175,29.8,1752241762280
0.0,0.0,2.175,29.8,1752241762428
0.0,0.0,2.164,29.8,1752241762533
0.0,0.0,2.185,29.8,1752241762719
0.0,0.0,2.175,29.8,1752241762825
0.0,0.0,2.185,29.8,1752241762954
31.709997177124023,-97.18797302246094,2.185,29.8,1752241763000
0.0,0.0,2.195,29.8,1752241763046
0.0,0.0,2.185,29.8,1752241763508
0.0,0.0,2.185,29.8,1752241763568
0.0,0.0,2.185,29.8,1752241763716
0.0,0.0,2.175,29.8,1752241763778
0.0,0.0,2.154,29.8,1752241763939
0.0,0.0,2.143,29.8,1752241764017
0.0,0.0,2.143,29.8,1752241764177
0.0,0.0,2.133,29.8,1752241764566
31.709999084472656,-97.1879653930664,2.091,29.8,1752241765000
31.71000099182129,-97.1879653930664,2.091,29.8,1752241765000
31.710004806518555,-97.1879653930664,2.091,29.8,1752241765000
0.0,0.0,2.091,29.8,1752241765061
0.0,0.0,2.07,29.8,1752241765065
0.0,0.0,2.06,29.8,1752241765079
0.0,0.0,2.06,29.8,1752241765087
0.0,0.0,2.06,29.8,1752241765092
0.0,0.0,2.039,29.8,1752241765104
0.0,0.0,2.018,29.8,1752241765111
0.0,0.0,2.018,29.8,1752241765115
0.0,0.0,2.039,29.8,1752241765129
0.0,0.0,2.029,29.8,1752241765178
0.0,0.0,2.018,29.8,1752241765266
0.0,0.0,1.977,29.8,1752241765273
0.0,0.0,2.008,29.8,1752241765295
0.0,0.0,2.008,29.8,1752241765322
0.0,0.0,1.998,29.8,1752241765337
0.0,0.0,1.977,29.8,1752241765369
0.0,0.0,1.956,29.8,1752241765402
0.0,0.0,1.956,29.8,1752241765419
0.0,0.0,1.946,29.8,1752241765428
0.0,0.0,1.935,29.8,1752241765458
0.0,0.0,1.904,29.8,1752241765478
0.0,0.0,1.873,29.8,1752241765486
0.0,0.0,1.883,29.8,1752241765514
0.0,0.0,1.894,29.8,1752241765527
0.0,0.0,1.862,29.8,1752241765569
0.0,0.0,1.852,29.8,1752241765607
0.0,0.0,1.852,29.8,1752241765626
0.0,0.0,1.852,29.8,1752241765646
0.0,0.0,1.873,29.8,1752241765655
0.0,0.0,1.873,29.8,1752241765686
0.0,0.0,1.842,29.8,1752241765696
0.0,0.0,1.842,29.8,1752241765731
0.0,0.0,1.831,29.8,1752241765740
0.0,0.0,1.831,29.8,1752241765770
0.0,0.0,1.8,29.8,1752241765779
0.0,0.0,1.758,29.8,1752241765809
0.0,0.0,1.758,29.8,1752241765829
0.0,0.0,1.748,29.8,1752241765856
0.0,0.0,1.696,29.8,1752241765864
0.0,0.0,1.685,29.8,1752241765929
0.0,0.0,1.644,29.8,1752241765956
0.0,0.0,1.623,29.8,1752241765967
0.0,0.0,1.623,29.8,1752241765998
0.0,0.0,1.623,29.8,1752241766009
0.0,0.0,1.613,29.8,1752241766017
0.0,0.0,1.613,29.8,1752241766050
0.0,0.0,1.613,29.8,1752241766081
0.0,0.0,1.644,29.8,1752241766105
0.0,0.0,1.665,29.8,1752241766116
0.0,0.0,1.623,29.8,1752241766182
0.0,0.0,1.613,29.8,1752241766246
0.0,0.0,1.571,29.8,1752241766265
0.0,0.0,1.55,29.8,1752241766275
0.0,0.0,1.54,29.8,1752241766344
0.0,0.0,1.477,29.8,1752241766353
0.0,0.0,1.446,29.8,1752241766371
0.0,0.0,1.456,29.8,1752241766405
0.0,0.0,1.436,29.8,1752241766415
0.0,0.0,1.373,29.8,1752241766445
0.0,0.0,1.29,29.8,1752241766465
0.0,0.0,1.248,29.8,1752241766485
0.0,0.0,1.248,29.8,1752241766494
0.0,0.0,1.228,29.8,1752241766528
0.0,0.0,1.228,29.8,1752241766549
0.0,0.0,1.238,29.8,1752241766558
0.0,0.0,1.238,29.8,1752241766578
0.0,0.0,1.28,29.8,1752241766603
0.0,0.0,1.259,29.8,1752241766646
0.0,0.0,1.186,29.8,1752241766678
0.0,0.0,1.144,29.8,1752241766688
0.0,0.0,1.155,29.8,1752241766720
0.0,0.0,1.144,29.8,1752241766729
0.0,0.0,1.103,29.8,1752241766761
0.0,0.0,1.04,29.8,1752241766770
0.0,0.0,1.009,29.8,1752241766803
0.0,0.0,0.957,29.8,1752241766813
0.0,0.0,0.895,29.8,1752241766843
0.0,0.0,0.905,29.8,1752241766852
0.0,0.0,0.822,29.8,1752241766885
0.0,0.0,0.79,29.8,1752241766906
0.0,0.0,0.77,29.8,1752241766973
0.0,0.0,0.77,29.8,1752241766974
31.71001625061035,-97.18794250488281,0.749,29.8,1752241767000
31.710020065307617,-97.18794250488281,0.749,29.8,1752241767000
31.71002960205078,-97.18792724609375,0.749,29.8,1752241767000
0.0,0.0,0.749,29.8,1752241767016
0.0,0.0,0.738,29.8,1752241767017
0.0,0.0,0.728,29.8,1752241767048
0.0,0.0,0.738,29.8,1752241767068
0.0,0.0,0.759,29.8,1752241767096
0.0,0.0,0.77,29.8,1752241767118
0.0,0.0,1.467,29.8,1752241767354
0.0,0.0,2.955,29.4,1752241870405
0.0,0.0,2.945,29.4,1752241870510
0.0,0.0,2.945,29.4,1752241870579
0.0,0.0,2.934,29.4,1752241870654
0.0,0.0,2.945,29.4,1752241870731
0.0,0.0,2.913,29.4,1752241870817
0.0,0.0,2.882,29.4,1752241870880
0.0,0.0,2.872,29.4,1752241871174
0.0,0.0,2.861,29.4,1752241871210
0.0,0.0,2.851,29.4,1752241871295
0.0,0.0,2.83,29.4,1752241871332
0.0,0.0,2.789,29.4,1752241871639
0.0,0.0,2.757,29.4,1752241871675
0.0,0.0,2.768,29.4,1752241871758
0.0,0.0,2.747,29.4,1752241871990
0.0,0.0,2.757,29.4,1752241872062
0.0,0.0,2.726,29.4,1752241872114
0.0,0.0,2.737,29.4,1752241872183
0.0,0.0,2.768,29.4,1752241872217
0.0,0.0,2.747,29.4,1752241872289
0.0,0.0,2.768,29.4,1752241872341
0.0,0.0,2.789,29.4,1752241872392
0.0,0.0,2.83,29.4,1752241872444
0.0,0.0,2.851,29.4,1752241872496
0.0,0.0,2.882,29.4,1752241872547
0.0,0.0,2.851,29.4,1752241872600
0.0,0.0,2.851,29.4,1752241872653
0.0,0.0,2.882,29.4,1752241872704
0.0,0.0,2.924,29.4,1752241872755
0.0,0.0,2.955,29.4,1752241872806
0.0,0.0,2.955,29.4,1752241872857
0.0,0.0,2.965,29.4,1752241872910
0.0,0.0,2.934,29.4,1752241872962
0.0,0.0,2.893,29.4,1752241872992
0.0,0.0,2.851,29.4,1752241873066
0.0,0.0,2.83,29.4,1752241873118
0.0,0.0,2.799,29.4,1752241873174
0.0,0.0,2.83,29.4,1752241873228
0.0,0.0,2.851,29.4,1752241873280
0.0,0.0,2.82,29.4,1752241873331
0.0,0.0,2.789,29.4,1752241873383
0.0,0.0,2.747,29.4,1752241873434
0.0,0.0,2.737,29.4,1752241873488
0.0,0.0,2.737,29.4,1752241873542
0.0,0.0,2.757,29.4,1752241873596
0.0,0.0,2.778,29.4,1752241873648
0.0,0.0,2.789,29.4,1752241873700
0.0,0.0,2.799,29.4,1752241873752
0.0,0.0,2.789,29.4,1752241873803
0.0,0.0,2.789,29.4,1752241873873
0.0,0.0,2.768,29.4,1752241873943
0.0,0.0,2.768,29.4,1752241874013
0.0,0.0,2.757,29.4,1752241874077
0.0,0.0,2.757,29.4,1752241874150
0.0,0.0,2.737,29.4,1752241874215
0.0,0.0,2.737,29.4,1752241874297
0.0,0.0,2.716,29.4,1752241874361
0.0,0.0,2.726,29.4,1752241874430
0.0,0.0,2.726,29.4,1752241874494
0.0,0.0,2.705,29.4,1752241874563
0.0,0.0,2.685,29.4,1752241874631
0.0,0.0,2.664,29.4,1752241874697
0.0,0.0,2.674,29.4,1752241874763
0.0,0.0,2.664,29.4,1752241874831
0.0,0.0,2.664,29.4,1752241874913
0.0,0.0,2.674,29.4,1752241874977
31.709957122802734,-97.18799591064453,2.674,29.4,1752241875000
0.0,0.0,2.685,29.4,1752241875062
0.0,0.0,2.685,29.4,1752241875127
0.0,0.0,2.685,29.4,1752241875203
0.0,0.0,2.685,29.4,1752241875279
0.0,0.0,2.664,29.4,1752241875347
0.0,0.0,2.664,29.4,1752241875412
0.0,0.0,2.664,29.4,1752241875481
0.0,0.0,2.674,29.4,1752241875545
0.0,0.0,2.685,29.4,1752241875616
0.0,0.0,2.705,29.4,1752241875684
0.0,0.0,2.705,29.4,1752241875749
0.0,0.0,2.705,29.4,1752241875814
0.0,0.0,2.695,29.4,1752241875897
0.0,0.0,2.705,29.4,1752241875927
31.709951400756836,-97.18799591064453,2.705,29.4,1752241876000
0.0,0.0,2.705,29.4,1752241876030
0.0,0.0,2.705,29.4,1752241876098
0.0,0.0,2.695,29.4,1752241876188
0.0,0.0,2.695,29.4,1752241876273
0.0,0.0,2.685,29.4,1752241876359
0.0,0.0,2.674,29.4,1752241876396
0.0,0.0,2.664,29.4,1752241876482
0.0,0.0,2.643,29.4,1752241876563
0.0,0.0,2.632,29.4,1752241876811
0.0,0.0,2.622,29.4,1752241876843
0.0,0.0,2.622,29.4,1752241876911
0.0,0.0,2.622,29.4,1752241876943
31.709949493408203,-97.18798828125,2.612,29.4,1752241877000
0.0,0.0,2.612,29.4,1752241877011
0.0,0.0,2.622,29.4,1752241877043
0.0,0.0,2.622,29.4,1752241877117
0.0,0.0,2.622,29.4,1752241877159
0.0,0.0,2.643,29.4,1752241877329
0.0,0.0,2.632,29.4,1752241877363
0.0,0.0,2.632,29.4,1752241877467
0.0,0.0,2.643,29.4,1752241877542
0.0,0.0,2.653,29.4,1752241877799
0.0,0.0,2.664,29.4,1752241877961
31.70994758605957,-97.18798828125,2.664,29.4,1752241878000
0.0,0.0,2.664,29.6,1752241878261
0.0,0.0,2.674,29.6,1752241878294
0.0,0.0,2.685,29.6,1752241878386
0.0,0.0,2.695,29.6,1752241878483
0.0,0.0,2.695,29.6,1752241878589
0.0,0.0,2.695,29.6,1752241878675
0.0,0.0,2.674,29.6,1752241878713
0.0,0.0,2.695,29.6,1752241878795
31.70994758605957,-97.18798828125,2.705,29.6,1752241879000
0.0,0.0,2.705,29.6,1752241879028
0.0,0.0,2.705,29.6,1752241879094
0.0,0.0,2.695,29.6,1752241879127
0.0,0.0,2.705,29.6,1752241879215
0.0,0.0,2.705,29.6,1752241879255
0.0,0.0,2.705,29.6,1752241879337
0.0,0.0,2.705,29.6,1752241879378
0.0,0.0,2.705,29.6,1752241879459
0.0,0.0,2.674,29.6,1752241879498
0.0,0.0,2.643,29.6,1752241879583
0.0,0.0,2.643,29.6,1752241879821
0.0,0.0,2.622,29.6,1752241879886
0.0,0.0,2.601,29.6,1752241879916
0.0,0.0,2.601,29.6,1752241879982
31.709943771362305,-97.18798065185547,2.57,29.6,1752241880000
0.0,0.0,2.57,29.6,1752241880014
0.0,0.0,2.549,29.6,1752241880100
0.0,0.0,2.549,29.6,1752241880130
0.0,0.0,2.518,29.6,1752241880223
0.0,0.0,2.508,29.6,1752241880262
0.0,0.0,2.487,29.6,1752241880345
0.0,0.0,2.487,29.6,1752241880383
0.0,0.0,2.508,29.6,1752241880465
0.0,0.0,2.508,29.6,1752241880506
0.0,0.0,2.508,29.6,1752241880588
0.0,0.0,2.487,29.6,1752241880807
0.0,0.0,2.476,29.6,1752241880871
0.0,0.0,2.476,29.6,1752241880903
0.0,0.0,2.487,29.6,1752241880970
31.709938049316406,-97.18798065185547,2.445,29.6,1752241881000
0.0,0.0,2.445,29.6,1752241881002
0.0,0.0,2.445,29.6,1752241881069
0.0,0.0,2.435,29.6,1752241881103
0.0,0.0,2.445,29.6,1752241881187
0.0,0.0,2.435,29.6,1752241881233
0.0,0.0,2.404,29.6,1752241881316
0.0,0.0,2.383,29.6,1752241881354
0.0,0.0,2.393,29.6,1752241881438
0.0,0.0,2.424,29.6,1752241881476
0.0,0.0,2.424,29.6,1752241881559
0.0,0.0,2.404,29.6,1752241881793
0.0,0.0,2.414,29.6,1752241881861
0.0,0.0,2.445,29.6,1752241881893
0.0,0.0,2.466,29.6,1752241881960
0.0,0.0,2.476,29.6,1752241881991
31.709936141967773,-97.18797302246094,2.476,29.6,1752241882000
0.0,0.0,2.497,29.6,1752241882058
0.0,0.0,2.497,29.6,1752241882090
0.0,0.0,2.518,29.6,1752241882162
0.0,0.0,2.56,29.6,1752241882212
0.0,0.0,2.56,29.6,1752241882298
0.0,0.0,2.528,29.6,1752241882337
0.0,0.0,2.528,29.6,1752241882421
0.0,0.0,2.539,29.6,1752241882461
0.0,0.0,2.528,29.6,1752241882582
0.0,0.0,2.528,29.6,1752241882620
0.0,0.0,2.518,29.6,1752241882891
0.0,0.0,2.539,29.6,1752241882923
0.0,0.0,2.539,29.6,1752241882989
31.709936141967773,-97.18797302246094,2.539,29.6,1752241883000
0.0,0.0,2.58,29.6,1752241883020
0.0,0.0,2.591,29.6,1752241883088
0.0,0.0,2.591,29.6,1752241883122
0.0,0.0,2.612,29.6,1752241883214
0.0,0.0,2.643,29.6,1752241883254
0.0,0.0,2.674,29.6,1752241883339
0.0,0.0,2.685,29.6,1752241883378
0.0,0.0,2.705,29.6,1752241883463
0.0,0.0,2.737,29.6,1752241883503
0.0,0.0,2.757,29.6,1752241883587
0.0,0.0,2.747,29.6,1752241883826
0.0,0.0,2.768,29.6,1752241883895
0.0,0.0,2.757,29.6,1752241883927
0.0,0.0,2.747,29.6,1752241883997
31.70993423461914,-97.18797302246094,2.747,29.6,1752241884000
0.0,0.0,2.757,29.6,1752241884029
0.0,0.0,2.768,29.8,1752241884115
0.0,0.0,2.768,29.8,1752241884151
0.0,0.0,2.778,29.8,1752241884244
0.0,0.0,2.778,29.8,1752241884284
0.0,0.0,2.778,29.8,1752241884369
0.0,0.0,2.778,29.8,1752241884409
0.0,0.0,2.768,29.8,1752241884493
0.0,0.0,2.789,29.8,1752241884533
0.0,0.0,2.789,29.8,1752241884618
0.0,0.0,2.778,29.8,1752241884859
0.0,0.0,2.799,29.8,1752241884929
0.0,0.0,2.82,29.8,1752241884961
31.70993423461914,-97.18797302246094,2.82,29.8,1752241885000
0.0,0.0,2.82,29.8,1752241885031
0.0,0.0,2.809,29.8,1752241885062
0.0,0.0,2.789,29.8,1752241885138
0.0,0.0,2.789,29.8,1752241885183
0.0,0.0,2.799,29.8,1752241885275
0.0,0.0,2.789,29.8,1752241885314
0.0,0.0,2.789,29.8,1752241885399
0.0,0.0,2.757,29.8,1752241885438
0.0,0.0,2.726,29.8,1752241885523
0.0,0.0,2.737,29.8,1752241885562
0.0,0.0,2.705,29.8,1752241885844
0.0,0.0,2.664,29.8,1752241885875
0.0,0.0,2.622,29.8,1752241885946
0.0,0.0,2.622,29.8,1752241885980
31.70993423461914,-97.1879653930664,2.622,29.8,1752241886000
0.0,0.0,2.612,29.8,1752241886048
0.0,0.0,2.58,29.8,1752241886080
0.0,0.0,2.549,29.8,1752241886155
0.0,0.0,2.497,29.8,1752241886205
0.0,0.0,2.476,29.8,1752241886292
0.0,0.0,2.445,29.8,1752241886332
0.0,0.0,2.424,29.8,1752241886418
0.0,0.0,2.372,29.8,1752241886457
0.0,0.0,2.404,29.8,1752241886543
0.0,0.0,2.393,29.8,1752241886582
0.0,0.0,2.383,29.8,1752241886861
0.0,0.0,2.331,29.8,1752241886892
0.0,0.0,2.341,29.8,1752241886963
0.0,0.0,2.331,29.8,1752241886996
31.709932327270508,-97.1879653930664,2.331,29.8,1752241887000
0.0,0.0,2.351,29.8,1752241887065
0.0,0.0,2.362,29.8,1752241887097
0.0,0.0,2.341,29.8,1752241887172
0.0,0.0,2.31,29.8,1752241887223
0.0,0.0,2.32,29.8,1752241887310
0.0,0.0,2.331,29.8,1752241887350
0.0,0.0,2.258,29.8,1752241887437
0.0,0.0,2.227,29.8,1752241887477
0.0,0.0,2.175,29.8,1752241887562
0.0,0.0,2.195,29.8,1752241887602
0.0,0.0,2.154,29.8,1752241887883
0.0,0.0,2.112,29.8,1752241887914
0.0,0.0,2.07,29.8,1752241887983
31.709930419921875,-97.18795776367188,2.07,29.8,1752241888000
0.0,0.0,2.018,29.8,1752241888018
0.0,0.0,1.977,29.8,1752241888087
0.0,0.0,1.966,29.8,1752241888123
0.0,0.0,1.904,29.8,1752241888217
0.0,0.0,1.842,29.8,1752241888257
0.0,0.0,1.852,29.8,1752241888344
0.0,0.0,1.852,29.8,1752241888385
0.0,0.0,1.81,29.8,1752241888492
0.0,0.0,1.769,29.8,1752241888534
0.0,0.0,1.758,29.8,1752241888619
0.0,0.0,1.748,29.8,1752241888853
0.0,0.0,1.737,29.8,1752241888920
0.0,0.0,1.727,29.8,1752241888956
31.709928512573242,-97.18795013427734,1.717,29.8,1752241889000
0.0,0.0,1.717,29.8,1752241889025
0.0,0.0,1.706,29.8,1752241889056
0.0,0.0,1.717,29.8,1752241889130
0.0,0.0,1.737,29.8,1752241889173
0.0,0.0,1.727,29.8,1752241889268
0.0,0.0,1.706,29.8,1752241889307
0.0,0.0,1.685,29.8,1752241889395
0.0,0.0,1.706,29.8,1752241889435
0.0,0.0,1.706,29.8,1752241889520
0.0,0.0,1.706,29.8,1752241889560
0.0,0.0,1.696,29.8,1752241889841
0.0,0.0,1.675,29.8,1752241889873
0.0,0.0,1.633,29.8,1752241889943
0.0,0.0,1.644,29.8,1752241889977
0.0,0.0,1.654,29.8,1752241890048
0.0,0.0,1.654,29.8,1752241890080
0.0,0.0,1.654,29.8,1752241890156
0.0,0.0,1.685,29.8,1752241890206
0.0,0.0,1.675,29.8,1752241890293
0.0,0.0,1.685,29.8,1752241890332
0.0,0.0,1.706,29.8,1752241890419
0.0,0.0,1.706,29.8,1752241890458
0.0,0.0,1.758,29.8,1752241890544
0.0,0.0,1.769,29.8,1752241890583
0.0,0.0,1.821,29.8,1752241890877
0.0,0.0,1.831,29.8,1752241890909
0.0,0.0,1.831,29.8,1752241890978
31.70992660522461,-97.18795013427734,1.842,29.8,1752241891000
31.709924697875977,-97.18794250488281,1.842,29.8,1752241891000
0.0,0.0,1.842,29.8,1752241891011
0.0,0.0,1.831,29.8,1752241891083
0.0,0.0,1.81,29.8,1752241891115
0.0,0.0,1.842,29.8,1752241891188
0.0,0.0,1.852,29.8,1752241891226
0.0,0.0,1.8,29.8,1752241891298
0.0,0.0,1.8,29.8,1752241891331
0.0,0.0,1.8,29.8,1752241891400
0.0,0.0,1.831,29.8,1752241891433
0.0,0.0,1.8,29.8,1752241891505
0.0,0.0,1.8,29.8,1752241891537
0.0,0.0,1.81,29.8,1752241891606
0.0,0.0,1.821,29.8,1752241891639
0.0,0.0,1.821,29.8,1752241891708
0.0,0.0,1.852,29.8,1752241891740
0.0,0.0,1.842,29.8,1752241891812
0.0,0.0,1.852,29.8,1752241891845
0.0,0.0,1.904,29.8,1752241891916
0.0,0.0,1.904,29.8,1752241891949
31.70992088317871,-97.18794250488281,1.894,29.8,1752241892000
0.0,0.0,1.894,29.8,1752241892018
0.0,0.0,1.862,29.8,1752241892052
0.0,0.0,1.862,29.8,1752241892127
0.0,0.0,1.842,29.8,1752241892167
0.0,0.0,1.842,29.8,1752241892263
0.0,0.0,1.842,29.8,1752241892304
0.0,0.0,1.831,29.8,1752241892389
0.0,0.0,1.79,29.8,1752241892430
0.0,0.0,1.779,29.8,1752241892517
0.0,0.0,1.758,29.8,1752241892557
0.0,0.0,1.717,29.8,1752241892892
0.0,0.0,1.685,29.8,1752241892933
0.0,0.0,1.685,29.8,1752241893018
0.0,0.0,1.675,29.8,1752241893059
0.0,0.0,1.654,29.8,1752241893375
0.0,0.0,1.665,29.8,1752241893424
0.0,0.0,1.633,29.8,1752241893508
0.0,0.0,1.613,29.8,1752241893549
0.0,0.0,1.613,29.8,1752241893632
0.0,0.0,1.623,29.8,1752241893891
0.0,0.0,1.613,29.8,1752241893963
0.0,0.0,1.602,29.8,1752241893994
31.709918975830078,-97.18793487548828,1.602,29.8,1752241894000
31.709918975830078,-97.18792724609375,1.602,29.8,1752241894000
0.0,0.0,1.613,29.8,1752241894063
0.0,0.0,1.602,29.8,1752241894094
0.0,0.0,1.581,29.8,1752241894166
0.0,0.0,1.561,29.8,1752241894209
0.0,0.0,1.561,29.8,1752241894279
0.0,0.0,1.55,29.8,1752241894311
0.0,0.0,1.529,29.8,1752241894379
0.0,0.0,1.509,29.8,1752241894411
0.0,0.0,1.519,29.8,1752241894481
0.0,0.0,1.498,29.8,1752241894514
0.0,0.0,1.456,29.8,1752241894583
0.0,0.0,1.415,29.8,1752241894616
0.0,0.0,1.384,29.8,1752241894687
0.0,0.0,1.363,29.8,1752241894721
0.0,0.0,1.352,29.8,1752241894791
0.0,0.0,1.342,29.8,1752241894824
0.0,0.0,1.311,29.8,1752241894893
0.0,0.0,1.332,29.8,1752241894929
31.709917068481445,-97.18791961669922,1.321,29.8,1752241895000
0.0,0.0,1.321,29.8,1752241895001
0.0,0.0,1.342,29.8,1752241895033
0.0,0.0,1.342,29.8,1752241895108
0.0,0.0,1.363,29.8,1752241895143
0.0,0.0,1.373,29.8,1752241895240
0.0,0.0,1.373,29.8,1752241895281
0.0,0.0,1.404,29.8,1752241895366
0.0,0.0,1.436,29.8,1752241895407
0.0,0.0,1.477,29.8,1752241895492
0.0,0.0,1.498,29.8,1752241895532
0.0,0.0,1.529,29.8,1752241895864
0.0,0.0,1.529,29.8,1752241895904
0.0,0.0,1.55,29.8,1752241895990
0.0,0.0,1.561,29.8,1752241896034
0.0,0.0,1.592,29.8,1752241896336
0.0,0.0,1.592,29.8,1752241896379
0.0,0.0,1.602,29.8,1752241896457
0.0,0.0,1.613,29.8,1752241896496
0.0,0.0,1.602,29.8,1752241896583
0.0,0.0,1.592,29.8,1752241896624
0.0,0.0,1.571,29.8,1752241896710
0.0,0.0,1.592,29.8,1752241896749
0.0,0.0,1.561,29.8,1752241896836
31.709915161132812,-97.18791198730469,1.581,29.8,1752241897000
0.0,0.0,1.581,29.8,1752241897093
0.0,0.0,1.571,29.8,1752241897169
0.0,0.0,1.581,29.8,1752241897215
0.0,0.0,1.571,29.8,1752241897289
0.0,0.0,1.581,29.8,1752241897326
0.0,0.0,1.571,29.8,1752241897400
0.0,0.0,1.571,29.8,1752241897436
0.0,0.0,1.592,29.8,1752241897509
0.0,0.0,1.592,29.8,1752241897541
0.0,0.0,1.644,29.8,1752241897609
0.0,0.0,1.623,29.8,1752241897641
0.0,0.0,1.633,29.8,1752241897712
0.0,0.0,1.623,29.8,1752241897744
0.0,0.0,1.654,29.8,1752241897814
0.0,0.0,1.706,29.8,1752241897847
0.0,0.0,1.717,29.8,1752241897919
0.0,0.0,1.717,29.8,1752241897952
31.709915161132812,-97.18791198730469,1.717,29.8,1752241898000
0.0,0.0,1.717,29.8,1752241898022
0.0,0.0,1.717,29.8,1752241898057
0.0,0.0,1.696,29.8,1752241898133
0.0,0.0,1.696,29.8,1752241898172
0.0,0.0,1.665,29.8,1752241898268
0.0,0.0,1.665,29.8,1752241898309
0.0,0.0,1.644,29.8,1752241898394
0.0,0.0,1.654,29.8,1752241898434
0.0,0.0,1.623,29.8,1752241898522
0.0,0.0,1.592,29.8,1752241898564
0.0,0.0,1.581,29.8,1752241898861
0.0,0.0,1.581,29.8,1752241898897
0.0,0.0,1.571,29.8,1752241898968
0.0,0.0,1.561,29.8,1752241899000
31.709915161132812,-97.18791198730469,1.561,29.8,1752241899000
0.0,0.0,1.55,29.8,1752241899075
0.0,0.0,1.55,29.8,1752241899112
0.0,0.0,1.55,29.8,1752241899201
0.0,0.0,1.55,29.8,1752241899249
0.0,0.0,1.561,29.8,1752241899334
0.0,0.0,1.54,29.8,1752241899373
0.0,0.0,1.55,29.8,1752241899459
0.0,0.0,1.571,29.8,1752241899500
0.0,0.0,1.561,29.8,1752241899806
0.0,0.0,1.54,29.8,1752241899841
0.0,0.0,1.54,29.8,1752241899914
0.0,0.0,1.519,29.8,1752241899949
31.70991325378418,-97.18790435791016,1.519,29.8,1752241900000
0.0,0.0,1.519,29.8,1752241900020
0.0,0.0,1.509,29.8,1752241900053
0.0,0.0,1.488,29.8,1752241900132
0.0,0.0,1.477,29.8,1752241900172
0.0,0.0,1.456,29.8,1752241900265
0.0,0.0,1.467,29.8,1752241900306
0.0,0.0,1.467,29.8,1752241900391
0.0,0.0,1.467,29.8,1752241900432
0.0,0.0,1.467,29.8,1752241900518
0.0,0.0,1.477,29.8,1752241900558
0.0,0.0,1.477,29.8,1752241900862
0.0,0.0,1.488,29.8,1752241900936
0.0,0.0,1.477,29.8,1752241900969
31.709909439086914,-97.18790435791016,1.477,29.8,1752241901000
0.0,0.0,1.488,29.8,1752241901043
0.0,0.0,1.498,29.8,1752241901082
0.0,0.0,1.498,29.8,1752241901156
0.0,0.0,1.519,29.8,1752241901207
0.0,0.0,1.498,29.8,1752241901292
0.0,0.0,1.509,29.8,1752241901331
0.0,0.0,1.509,29.8,1752241901417
0.0,0.0,1.509,29.8,1752241901458
0.0,0.0,1.519,29.8,1752241901543
0.0,0.0,1.529,29.8,1752241901805
0.0,0.0,1.529,29.8,1752241901880
0.0,0.0,1.561,29.8,1752241901913
0.0,0.0,1.561,29.8,1752241901987
31.70990753173828,-97.18789672851562,1.561,29.8,1752241902000
0.0,0.0,1.561,29.8,1752241902023
0.0,0.0,1.602,29.8,1752241902096
0.0,0.0,1.613,29.8,1752241902132
0.0,0.0,1.602,29.8,1752241902218
0.0,0.0,1.613,29.8,1752241902257
0.0,0.0,1.623,29.8,1752241902345
0.0,0.0,1.644,29.8,1752241902384
0.0,0.0,1.675,29.8,1752241902471
0.0,0.0,1.654,29.8,1752241902512
0.0,0.0,1.654,29.8,1752241902598
0.0,0.0,1.613,29.8,1752241902860
0.0,0.0,1.602,29.8,1752241902933
0.0,0.0,1.623,29.8,1752241902967
31.70990562438965,-97.18789672851562,1.623,29.8,1752241903000
0.0,0.0,1.602,29.8,1752241903042
0.0,0.0,1.571,29.8,1752241903076
0.0,0.0,1.592,29.8,1752241903151
0.0,0.0,1.581,29.8,1752241903194
0.0,0.0,1.581,29.8,1752241903282
0.0,0.0,1.571,29.8,1752241903321
0.0,0.0,1.561,29.8,1752241903407
0.0,0.0,1.571,29.8,1752241903446
0.0,0.0,1.592,29.8,1752241903530
0.0,0.0,1.633,29.8,1752241903570
0.0,0.0,1.644,29.8,1752241903878
0.0,0.0,1.613,29.8,1752241903912
0.0,0.0,1.571,29.8,1752241903984
31.709903717041016,-97.1878890991211,1.571,29.8,1752241904000
0.0,0.0,1.633,29.8,1752241904019
0.0,0.0,1.602,29.8,1752241904091
0.0,0.0,1.571,29.8,1752241904129
0.0,0.0,1.529,29.8,1752241904211
0.0,0.0,1.488,29.8,1752241904251
0.0,0.0,1.446,29.8,1752241904339
0.0,0.0,1.394,29.8,1752241904380
0.0,0.0,1.321,29.8,1752241904464
0.0,0.0,1.269,29.8,1752241904505
0.0,0.0,1.228,29.8,1752241904595
0.0,0.0,1.228,29.8,1752241904868
0.0,0.0,1.238,29.8,1752241904941
0.0,0.0,1.144,29.8,1752241904977
31.709903717041016,-97.1878890991211,1.144,29.8,1752241905000
0.0,0.0,1.134,29.8,1752241905050
0.0,0.0,1.144,29.8,1752241905085
0.0,0.0,1.165,29.8,1752241905161
0.0,0.0,1.196,29.8,1752241905206
0.0,0.0,1.217,29.8,1752241905296
0.0,0.0,1.217,29.8,1752241905337
0.0,0.0,1.238,29.8,1752241905432
0.0,0.0,1.269,29.8,1752241905473
0.0,0.0,1.29,29.8,1752241905587
0.0,0.0,1.28,29.8,1752241905623
0.0,0.0,1.29,29.8,1752241905954
0.0,0.0,1.311,29.8,1752241905988
31.70989990234375,-97.18788146972656,1.311,29.8,1752241906000
0.0,0.0,1.321,29.8,1752241906061
0.0,0.0,1.332,29.8,1752241906096
0.0,0.0,1.321,29.8,1752241906171
0.0,0.0,1.28,29.8,1752241906260
0.0,0.0,1.28,29.8,1752241906328
0.0,0.0,1.3,29.8,1752241906370
0.0,0.0,1.332,29.8,1752241906458
0.0,0.0,1.311,29.8,1752241906501
0.0,0.0,1.321,29.8,1752241906589
0.0,0.0,1.352,29.8,1752241906631
0.0,0.0,1.352,29.8,1752241906961
0.0,0.0,1.373,29.8,1752241906996
31.70989418029785,-97.18788146972656,1.373,29.8,1752241907000
0.0,0.0,1.384,29.8,1752241907071
0.0,0.0,1.384,29.8,1752241907106
0.0,0.0,1.404,29.8,1752241907182
0.0,0.0,1.415,29.8,1752241907223
0.0,0.0,1.415,29.8,1752241907310
0.0,0.0,1.415,29.8,1752241907354
0.0,0.0,1.404,29.8,1752241907445
0.0,0.0,1.404,29.8,1752241907487
0.0,0.0,1.404,29.8,1752241907574
0.0,0.0,1.394,29.8,1752241907615
0.0,0.0,1.404,29.8,1752241907955
0.0,0.0,1.404,29.8,1752241907991
31.70989418029785,-97.18787384033203,1.404,29.8,1752241908000
0.0,0.0,1.394,29.8,1752241908063
0.0,0.0,1.415,29.8,1752241908097
0.0,0.0,1.436,29.8,1752241908172
0.0,0.0,1.446,29.8,1752241908214
0.0,0.0,1.477,29.8,1752241908303
0.0,0.0,1.477,29.8,1752241908344
0.0,0.0,1.498,29.8,1752241908434
0.0,0.0,1.529,29.8,1752241908475
0.0,0.0,1.55,29.8,1752241908566
0.0,0.0,1.571,29.8,1752241908653
0.0,0.0,1.571,29.8,1752241908961
0.0,0.0,1.602,29.8,1752241908995
31.70989418029785,-97.18787384033203,1.602,29.8,1752241909000
0.0,0.0,1.613,29.8,1752241909068
0.0,0.0,1.633,29.8,1752241909103
0.0,0.0,1.633,29.8,1752241909179
0.0,0.0,1.644,29.8,1752241909221
0.0,0.0,1.623,29.8,1752241909310
0.0,0.0,1.644,29.8,1752241909352
0.0,0.0,1.644,29.8,1752241909440
0.0,0.0,1.644,29.8,1752241909482
0.0,0.0,1.644,29.8,1752241909570
0.0,0.0,1.654,29.8,1752241909613
0.0,0.0,1.654,29.8,1752241909973
0.0,0.0,1.675,29.8,1752241910007
0.0,0.0,1.685,29.8,1752241910080
0.0,0.0,1.685,29.8,1752241910119
0.0,0.0,1.706,29.8,1752241910217
0.0,0.0,1.727,29.8,1752241910258
0.0,0.0,1.748,29.8,1752241910350
0.0,0.0,1.758,29.8,1752241910393
0.0,0.0,1.8,29.8,1752241910481
0.0,0.0,1.8,29.8,1752241910523
0.0,0.0,1.81,29.8,1752241910614
0.0,0.0,1.821,29.8,1752241910923
31.70989227294922,-97.1878662109375,1.842,29.8,1752241911000
31.709890365600586,-97.1878662109375,1.842,29.8,1752241911000
0.0,0.0,1.842,29.8,1752241911011
0.0,0.0,1.873,29.8,1752241911048
0.0,0.0,1.873,29.8,1752241911122
0.0,0.0,1.894,29.8,1752241911156
0.0,0.0,1.904,29.8,1752241911241
0.0,0.0,1.904,29.8,1752241911275
0.0,0.0,1.925,29.8,1752241911349
0.0,0.0,1.925,29.8,1752241911383
0.0,0.0,1.935,29.8,1752241911458
0.0,0.0,1.956,29.8,1752241911493
0.0,0.0,1.966,29.8,1752241911568
0.0,0.0,1.977,29.8,1752241911605
0.0,0.0,1.987,29.8,1752241911681
0.0,0.0,1.987,29.8,1752241911717
0.0,0.0,1.998,29.8,1752241911792
0.0,0.0,2.018,29.8,1752241911827
0.0,0.0,2.008,29.8,1752241911904
0.0,0.0,2.018,29.8,1752241911939
0.0,0.0,2.008,29.8,1752241912015
0.0,0.0,1.998,29.8,1752241912049
0.0,0.0,1.998,29.8,1752241912134
0.0,0.0,1.987,29.8,1752241912182
0.0,0.0,1.987,29.8,1752241912276
0.0,0.0,1.977,29.8,1752241912317
0.0,0.0,1.966,29.8,1752241912406
0.0,0.0,1.946,29.8,1752241912448
0.0,0.0,1.946,29.8,1752241912538
0.0,0.0,1.914,29.8,1752241912580
0.0,0.0,1.914,29.8,1752241912938
0.0,0.0,1.935,29.8,1752241912981
31.709888458251953,-97.18785858154297,1.935,29.8,1752241913000
0.0,0.0,1.935,29.8,1752241913075
0.0,0.0,1.946,29.8,1752241913116
0.0,0.0,1.966,29.8,1752241913470
0.0,0.0,1.966,29.8,1752241913519
0.0,0.0,1.987,29.8,1752241913609
0.0,0.0,1.998,29.8,1752241913651
0.0,0.0,2.008,29.8,1752241913739
0.0,0.0,2.018,29.8,1752241913780
0.0,0.0,2.039,29.8,1752241913870
0.0,0.0,2.05,29.8,1752241913911
0.0,0.0,2.039,29.8,1752241913999
31.70988655090332,-97.18785858154297,2.039,29.8,1752241914000
0.0,0.0,2.039,29.8,1752241914039
0.0,0.0,2.029,30.0,1752241914129
0.0,0.0,2.018,30.0,1752241914175
0.0,0.0,2.029,30.0,1752241914273
0.0,0.0,1.998,30.0,1752241914313
0.0,0.0,1.987,30.0,1752241914400
0.0,0.0,1.966,30.0,1752241914444
0.0,0.0,1.966,30.0,1752241914531
0.0,0.0,1.956,30.0,1752241914572
0.0,0.0,1.946,30.0,1752241914659
0.0,0.0,1.946,30.0,1752241914967
31.709884643554688,-97.18785095214844,1.946,30.0,1752241915000
0.0,0.0,1.946,30.0,1752241915055
0.0,0.0,1.956,30.0,1752241915096
0.0,0.0,1.956,30.0,1752241915189
0.0,0.0,1.956,30.0,1752241915237
0.0,0.0,1.935,30.0,1752241915325
0.0,0.0,1.946,30.0,1752241915366
0.0,0.0,1.956,30.0,1752241915459
0.0,0.0,1.966,30.0,1752241915499
0.0,0.0,1.966,30.0,1752241915589
0.0,0.0,1.956,30.0,1752241915630
0.0,0.0,1.956,30.0,1752241915984
31.709880828857422,-97.18785095214844,1.956,30.0,1752241916000
0.0,0.0,1.956,30.0,1752241916026
0.0,0.0,1.956,30.0,1752241916116
0.0,0.0,1.966,30.0,1752241916162
0.0,0.0,1.935,30.0,1752241916259
0.0,0.0,1.925,30.0,1752241916303
0.0,0.0,1.946,30.0,1752241916392
0.0,0.0,1.946,30.0,1752241916433
0.0,0.0,1.956,30.0,1752241916522
0.0,0.0,1.956,30.0,1752241916563
0.0,0.0,1.956,30.0,1752241916655
0.0,0.0,1.956,30.0,1752241916956
0.0,0.0,1.966,30.0,1752241917061
0.0,0.0,1.956,30.0,1752241917102
0.0,0.0,1.946,30.0,1752241917223
0.0,0.0,1.946,30.0,1752241917268
0.0,0.0,1.956,30.0,1752241917363
0.0,0.0,1.956,30.0,1752241917404
0.0,0.0,1.946,30.0,1752241917502
0.0,0.0,1.946,30.0,1752241917543
0.0,0.0,1.935,30.0,1752241917642
0.0,0.0,1.946,30.0,1752241917683
31.709880828857422,-97.1878433227539,1.935,30.0,1752241918000
0.0,0.0,1.935,30.0,1752241918039
0.0,0.0,1.935,30.0,1752241918080
0.0,0.0,1.925,30.0,1752241918179
0.0,0.0,1.914,30.0,1752241918234
0.0,0.0,1.925,30.0,1752241918332
0.0,0.0,1.935,30.0,1752241918373
0.0,0.0,1.935,30.0,1752241918473
0.0,0.0,1.925,30.0,1752241918514
0.0,0.0,1.935,30.0,1752241918611
0.0,0.0,1.925,30.0,1752241918653
0.0,0.0,1.925,30.0,1752241918751
0.0,0.0,1.914,30.0,1752241918792
0.0,0.0,1.914,30.0,1752241918877
0.0,0.0,1.914,30.0,1752241918911
0.0,0.0,1.925,30.0,1752241918991
31.70987892150879,-97.1878433227539,1.925,30.0,1752241919000
0.0,0.0,1.925,30.0,1752241919024
0.0,0.0,1.925,30.0,1752241919120
0.0,0.0,1.925,30.0,1752241919165
0.0,0.0,1.925,30.0,1752241919295
0.0,0.0,1.904,30.0,1752241919336
0.0,0.0,1.904,30.0,1752241919431
0.0,0.0,1.904,30.0,1752241919474
0.0,0.0,1.914,30.0,1752241919569
0.0,0.0,1.904,30.0,1752241919610
0.0,0.0,1.894,30.0,1752241919965
31.709877014160156,-97.18783569335938,1.894,30.0,1752241920000
0.0,0.0,1.894,30.0,1752241920008
0.0,0.0,1.883,29.8,1752241920107
0.0,0.0,1.894,29.8,1752241920221
0.0,0.0,1.883,29.8,1752241920266
0.0,0.0,1.862,29.8,1752241920365
0.0,0.0,1.873,29.8,1752241920408
0.0,0.0,1.883,29.8,1752241920504
0.0,0.0,1.873,29.8,1752241920546
0.0,0.0,1.873,29.8,1752241920642
0.0,0.0,1.862,29.8,1752241920950
31.709875106811523,-97.18783569335938,1.873,29.8,1752241921000
0.0,0.0,1.873,29.8,1752241921048
0.0,0.0,1.873,29.8,1752241921091
0.0,0.0,1.883,29.8,1752241921199
0.0,0.0,1.873,29.8,1752241921250
0.0,0.0,1.862,29.8,1752241921347
0.0,0.0,1.873,29.8,1752241921389
0.0,0.0,1.862,29.8,1752241921505
0.0,0.0,1.852,29.8,1752241921564
0.0,0.0,1.842,29.8,1752241921688
0.0,0.0,1.821,29.8,1752241921746
0.0,0.0,1.81,29.8,1752241922121
0.0,0.0,1.79,29.8,1752241922168
0.0,0.0,1.769,29.8,1752241922282
0.0,0.0,1.779,29.8,1752241922323
0.0,0.0,1.758,29.8,1752241922421
0.0,0.0,1.748,29.8,1752241922461
0.0,0.0,1.758,29.8,1752241922560
0.0,0.0,1.737,29.8,1752241922679
0.0,0.0,1.727,29.8,1752241922724
0.0,0.0,1.717,29.8,1752241922846
31.70987319946289,-97.18782806396484,1.717,29.8,1752241923000
0.0,0.0,1.717,29.8,1752241923152
0.0,0.0,1.717,29.8,1752241923274
0.0,0.0,1.706,29.8,1752241923319
0.0,0.0,1.706,29.8,1752241923417
0.0,0.0,1.706,29.8,1752241923458
0.0,0.0,1.685,29.8,1752241923558
0.0,0.0,1.685,29.8,1752241923600
0.0,0.0,1.685,29.8,1752241923698
0.0,0.0,1.675,29.8,1752241923740
0.0,0.0,1.665,29.8,1752241923837
0.0,0.0,1.654,29.8,1752241923880
0.0,0.0,1.654,29.8,1752241923976
31.709869384765625,-97.18782806396484,1.665,29.8,1752241924000
0.0,0.0,1.665,29.8,1752241924019
0.0,0.0,1.685,29.8,1752241924116
0.0,0.0,1.685,29.8,1752241924170
0.0,0.0,1.675,29.8,1752241924275
0.0,0.0,1.675,29.8,1752241924319
0.0,0.0,1.665,29.8,1752241924415
0.0,0.0,1.675,29.8,1752241924457
0.0,0.0,1.633,29.8,1752241924552
0.0,0.0,1.623,29.8,1752241924593
0.0,0.0,1.633,29.8,1752241924691
0.0,0.0,1.633,29.8,1752241925000
31.709867477416992,-97.18782043457031,1.633,29.8,1752241925000
0.0,0.0,1.644,29.8,1752241925100
0.0,0.0,1.623,29.8,1752241925150
0.0,0.0,1.592,29.8,1752241925257
0.0,0.0,1.602,29.8,1752241925298
0.0,0.0,1.613,29.8,1752241925395
0.0,0.0,1.613,29.8,1752241925451
0.0,0.0,1.613,29.8,1752241925589
0.0,0.0,1.602,29.8,1752241925648
0.0,0.0,1.613,29.8,1752241925783
0.0,0.0,1.623,29.8,1752241926091
0.0,0.0,1.623,29.8,1752241926194
0.0,0.0,1.633,29.8,1752241926259
0.0,0.0,1.633,29.8,1752241926355
0.0,0.0,1.644,29.8,1752241926409
0.0,0.0,1.644,29.8,1752241926540
0.0,0.0,1.633,29.8,1752241926592
0.0,0.0,1.633,29.8,1752241926722
0.0,0.0,1.633,29.8,1752241926774
0.0,0.0,1.613,29.8,1752241926903
31.709867477416992,-97.18782043457031,1.613,29.8,1752241927000
0.0,0.0,1.623,29.8,1752241927221
0.0,0.0,1.623,29.8,1752241927325
0.0,0.0,1.613,29.8,1752241927366
0.0,0.0,1.602,29.8,1752241927465
0.0,0.0,1.592,29.8,1752241927508
0.0,0.0,1.592,29.8,1752241927604
0.0,0.0,1.592,29.8,1752241927648
0.0,0.0,1.602,29.8,1752241927744
0.0,0.0,1.602,29.8,1752241927785
0.0,0.0,1.592,29.8,1752241927885
0.0,0.0,1.602,29.8,1752241927926
31.70986557006836,-97.18781280517578,1.602,29.8,1752241928000
0.0,0.0,1.602,29.8,1752241928024
0.0,0.0,1.592,29.8,1752241928066
0.0,0.0,1.581,29.8,1752241928169
0.0,0.0,1.581,29.8,1752241928221
0.0,0.0,1.581,29.8,1752241928317
0.0,0.0,1.581,29.8,1752241928358
0.0,0.0,1.581,29.8,1752241928476
0.0,0.0,1.561,29.8,1752241928534
0.0,0.0,1.54,29.8,1752241928662
0.0,0.0,1.55,29.8,1752241928719
31.709863662719727,-97.18781280517578,1.55,29.8,1752241929000
0.0,0.0,1.55,29.8,1752241929097
0.0,0.0,1.571,29.8,1752241929141
0.0,0.0,1.571,29.8,1752241929259
0.0,0.0,1.561,29.8,1752241929301
0.0,0.0,1.561,29.8,1752241929418
0.0,0.0,1.55,29.8,1752241929482
0.0,0.0,1.55,29.8,1752241929617
0.0,0.0,1.55,29.8,1752241929682
0.0,0.0,1.529,29.8,1752241929822
0.0,0.0,1.55,29.8,1752241929886
0.0,0.0,1.55,29.8,1752241930290
0.0,0.0,1.529,29.8,1752241930341
0.0,0.0,1.519,29.8,1752241930449
0.0,0.0,1.498,29.8,1752241930493
0.0,0.0,1.498,29.8,1752241930628
0.0,0.0,1.498,29.8,1752241930689
0.0,0.0,1.509,29.8,1752241930822
0.0,0.0,1.498,29.8,1752241930883
31.709861755371094,-97.18780517578125,1.488,29.8,1752241931000
0.0,0.0,1.488,29.8,1752241931016
0.0,0.0,1.488,29.8,1752241931077
0.0,0.0,1.488,29.8,1752241931456
0.0,0.0,1.467,29.8,1752241931506
0.0,0.0,1.456,29.8,1752241931602
0.0,0.0,1.456,29.8,1752241931644
0.0,0.0,1.467,29.8,1752241931741
0.0,0.0,1.456,29.8,1752241931787
0.0,0.0,1.456,29.8,1752241931884
0.0,0.0,1.436,29.8,1752241931927
31.70985984802246,-97.18780517578125,1.415,29.8,1752241932000
0.0,0.0,1.415,29.8,1752241932025
0.0,0.0,1.425,29.8,1752241932068
0.0,0.0,1.415,29.8,1752241932173
0.0,0.0,1.425,29.8,1752241932226
0.0,0.0,1.425,29.8,1752241932360
0.0,0.0,1.425,29.8,1752241932420
0.0,0.0,1.425,29.8,1752241932550
0.0,0.0,1.425,29.8,1752241932610
0.0,0.0,1.415,29.8,1752241932740
0.0,0.0,1.415,29.8,1752241932799
0.0,0.0,1.425,29.8,1752241933176
0.0,0.0,1.436,29.8,1752241933231
0.0,0.0,1.446,29.8,1752241933337
0.0,0.0,1.446,29.8,1752241933382
0.0,0.0,1.425,29.8,1752241933518
0.0,0.0,1.415,29.8,1752241933570
0.0,0.0,1.415,29.8,1752241933707
0.0,0.0,1.425,29.8,1752241933767
0.0,0.0,1.404,29.8,1752241933895
0.0,0.0,1.404,29.8,1752241933954
31.709857940673828,-97.18779754638672,1.404,29.8,1752241934000
0.0,0.0,1.394,29.8,1752241934332
0.0,0.0,1.394,29.8,1752241934383
0.0,0.0,1.394,29.8,1752241934479
0.0,0.0,1.384,29.8,1752241934522
0.0,0.0,1.384,29.8,1752241934624
0.0,0.0,1.384,29.8,1752241934665
0.0,0.0,1.415,29.8,1752241934766
0.0,0.0,1.415,30.0,1752241934809
0.0,0.0,1.425,30.0,1752241934930
0.0,0.0,1.415,30.0,1752241934972
31.709857940673828,-97.18778991699219,1.415,30.0,1752241935000
0.0,0.0,1.425,30.0,1752241935070
0.0,0.0,1.425,30.0,1752241935113
0.0,0.0,1.425,30.0,1752241935226
0.0,0.0,1.415,30.0,1752241935269
0.0,0.0,1.425,30.0,1752241935396
0.0,0.0,1.425,30.0,1752241935454
0.0,0.0,1.404,30.0,1752241935586
0.0,0.0,1.404,30.0,1752241935645
0.0,0.0,1.384,30.0,1752241935779
0.0,0.0,1.384,30.0,1752241935838
0.0,0.0,1.384,30.0,1752241936204
0.0,0.0,1.363,30.0,1752241936254
0.0,0.0,1.363,30.0,1752241936361
0.0,0.0,1.363,30.0,1752241936418
0.0,0.0,1.363,30.0,1752241936550
0.0,0.0,1.373,30.0,1752241936609
0.0,0.0,1.352,30.0,1752241936740
0.0,0.0,1.342,30.0,1752241936798
0.0,0.0,1.342,30.0,1752241936928
0.0,0.0,1.352,30.0,1752241936983
31.709856033325195,-97.18778991699219,1.352,30.0,1752241937000
0.0,0.0,1.363,30.0,1752241937370
0.0,0.0,1.363,30.0,1752241937419
0.0,0.0,1.363,30.0,1752241937515
0.0,0.0,1.352,30.0,1752241937559
0.0,0.0,1.363,30.0,1752241937656
0.0,0.0,1.373,30.0,1752241937698
0.0,0.0,1.373,30.0,1752241937794
0.0,0.0,1.352,30.0,1752241937837
0.0,0.0,1.352,30.0,1752241937933
0.0,0.0,1.363,30.0,1752241937974
31.709854125976562,-97.18778228759766,1.363,30.0,1752241938000
0.0,0.0,1.363,30.0,1752241938071
0.0,0.0,1.342,30.0,1752241938112
0.0,0.0,1.332,30.0,1752241938230
0.0,0.0,1.321,30.0,1752241938275
0.0,0.0,1.321,30.0,1752241938390
0.0,0.0,1.321,30.0,1752241938447
0.0,0.0,1.3,30.0,1752241938581
0.0,0.0,1.28,30.0,1752241938646
0.0,0.0,1.269,30.0,1752241938781
0.0,0.0,1.28,30.0,1752241938839
0.0,0.0,1.269,30.0,1752241939213
0.0,0.0,1.28,30.0,1752241939263
0.0,0.0,1.28,30.0,1752241939369
0.0,0.0,1.28,30.0,1752241939413
0.0,0.0,1.28,30.0,1752241939545
0.0,0.0,1.259,30.0,1752241939604
0.0,0.0,1.259,30.0,1752241939736
0.0,0.0,1.248,30.0,1752241939794
0.0,0.0,1.248,30.0,1752241939921
0.0,0.0,1.259,30.0,1752241939978
31.709854125976562,-97.18778228759766,1.259,30.0,1752241940000
0.0,0.0,1.269,30.0,1752241940365
0.0,0.0,1.248,30.0,1752241940418
0.0,0.0,1.259,30.0,1752241940514
0.0,0.0,1.238,30.0,1752241940557
0.0,0.0,1.207,30.0,1752241940656
0.0,0.0,1.217,30.0,1752241940699
0.0,0.0,1.217,30.0,1752241940796
0.0,0.0,1.228,30.0,1752241940839
0.0,0.0,1.228,30.0,1752241940937
0.0,0.0,1.238,30.0,1752241940978
31.709854125976562,-97.18778228759766,1.238,30.0,1752241941000
0.0,0.0,1.238,30.0,1752241941078
0.0,0.0,1.248,30.0,1752241941120
0.0,0.0,1.238,30.0,1752241941235
0.0,0.0,1.248,30.0,1752241941278
0.0,0.0,1.248,30.0,1752241941389
0.0,0.0,1.248,30.0,1752241941449
0.0,0.0,1.269,30.0,1752241941586
0.0,0.0,1.259,30.0,1752241941646
0.0,0.0,1.259,30.0,1752241941786
0.0,0.0,1.248,30.0,1752241941846
0.0,0.0,1.217,30.0,1752241942220
0.0,0.0,1.217,30.0,1752241942271
0.0,0.0,1.217,30.0,1752241942377
0.0,0.0,1.217,30.0,1752241942422
0.0,0.0,1.217,30.0,1752241942554
0.0,0.0,1.217,30.0,1752241942614
0.0,0.0,1.217,30.0,1752241942745
0.0,0.0,1.217,30.0,1752241942804
0.0,0.0,1.196,30.0,1752241942936
0.0,0.0,1.196,30.0,1752241942995
31.709854125976562,-97.18778228759766,1.196,30.0,1752241943000
0.0,0.0,1.196,30.0,1752241943377
0.0,0.0,1.196,30.0,1752241943426
0.0,0.0,1.217,30.0,1752241943524
0.0,0.0,1.217,30.0,1752241943571
0.0,0.0,1.217,30.0,1752241943668
0.0,0.0,1.217,30.0,1752241943709
0.0,0.0,1.217,30.0,1752241943807
0.0,0.0,1.217,30.0,1752241943848
0.0,0.0,1.217,30.0,1752241943948
0.0,0.0,1.217,30.0,1752241943989
31.709854125976562,-97.18778228759766,1.217,30.0,1752241944000
0.0,0.0,1.217,30.0,1752241944088
0.0,0.0,1.217,30.0,1752241944129
0.0,0.0,1.238,30.0,1752241944243
0.0,0.0,1.238,30.0,1752241944284
0.0,0.0,1.217,30.0,1752241944384
0.0,0.0,1.217,30.0,1752241944441
0.0,0.0,1.217,30.0,1752241944577
0.0,0.0,1.217,30.0,1752241944642
0.0,0.0,1.217,30.0,1752241944777
0.0,0.0,1.217,30.0,1752241944835
0.0,0.0,1.228,30.0,1752241945211
0.0,0.0,1.217,30.0,1752241945262
0.0,0.0,1.228,30.0,1752241945365
0.0,0.0,1.217,30.0,1752241945408
0.0,0.0,1.217,30.0,1752241945542
0.0,0.0,1.207,30.0,1752241945595
0.0,0.0,1.228,30.0,1752241945729
0.0,0.0,1.238,30.0,1752241945783
0.0,0.0,1.238,30.0,1752241945910
0.0,0.0,1.238,30.0,1752241945969
31.709854125976562,-97.18778228759766,1.238,30.0,1752241946000
0.0,0.0,1.228,30.0,1752241946358
0.0,0.0,1.228,30.0,1752241946410
0.0,0.0,1.228,30.0,1752241946506
0.0,0.0,1.217,30.0,1752241946549
0.0,0.0,1.196,30.0,1752241946646
0.0,0.0,1.196,30.0,1752241946689
0.0,0.0,1.196,30.0,1752241946784
0.0,0.0,1.196,30.0,1752241946826
0.0,0.0,1.186,30.0,1752241946922
0.0,0.0,1.155,30.0,1752241946963
31.709854125976562,-97.18778228759766,1.155,30.0,1752241947000
0.0,0.0,1.175,30.0,1752241947058
0.0,0.0,1.165,30.0,1752241947099
0.0,0.0,1.186,30.0,1752241947218
0.0,0.0,1.196,30.0,1752241947262
0.0,0.0,1.196,30.0,1752241947373
0.0,0.0,1.196,30.0,1752241947432
0.0,0.0,1.217,30.0,1752241947569
0.0,0.0,1.228,30.0,1752241947629
0.0,0.0,1.248,30.0,1752241947756
0.0,0.0,1.238,30.0,1752241947816
31.709854125976562,-97.18778228759766,1.238,30.0,1752241948000
0.0,0.0,1.238,30.0,1752241948196
0.0,0.0,1.269,30.0,1752241948252
0.0,0.0,1.248,30.0,1752241948354
0.0,0.0,1.248,30.0,1752241948395
0.0,0.0,1.217,30.0,1752241948521
0.0,0.0,1.207,30.0,1752241948579
0.0,0.0,1.207,30.0,1752241948705
0.0,0.0,1.207,30.0,1752241948762
0.0,0.0,1.186,30.0,1752241948889
0.0,0.0,1.175,30.0,1752241948948
0.0,0.0,1.165,30.0,1752241949336
0.0,0.0,1.165,30.0,1752241949385
0.0,0.0,1.165,30.0,1752241949487
0.0,0.0,1.155,30.0,1752241949529
0.0,0.0,1.155,30.0,1752241949661
0.0,0.0,1.155,30.0,1752241949715
0.0,0.0,1.175,30.0,1752241949848
0.0,0.0,1.175,30.0,1752241949903
31.70985221862793,-97.18777465820312,1.175,30.0,1752241950000
0.0,0.0,1.175,30.0,1752241950036
0.0,0.0,1.144,30.0,1752241950094
0.0,0.0,1.144,30.0,1752241950475
0.0,0.0,1.155,30.0,1752241950524
0.0,0.0,1.155,30.0,1752241950621
0.0,0.0,1.144,30.0,1752241950663
0.0,0.0,1.134,30.0,1752241950761
0.0,0.0,1.123,30.0,1752241950803
0.0,0.0,1.134,30.0,1752241950900
0.0,0.0,1.134,30.0,1752241950941
31.70985221862793,-97.18777465820312,1.123,30.0,1752241951000
0.0,0.0,1.123,30.0,1752241951035
0.0,0.0,1.123,30.0,1752241951076
0.0,0.0,1.123,30.0,1752241951189
0.0,0.0,1.165,30.0,1752241951240
0.0,0.0,1.165,30.0,1752241951350
0.0,0.0,1.165,30.0,1752241951407
0.0,0.0,1.144,30.0,1752241951538
0.0,0.0,1.144,30.0,1752241951591
0.0,0.0,1.155,30.0,1752241951723
0.0,0.0,1.144,30.0,1752241951779
0.0,0.0,1.134,30.0,1752241952153
0.0,0.0,1.134,30.0,1752241952206
0.0,0.0,1.113,30.0,1752241952308
0.0,0.0,1.103,30.0,1752241952349
0.0,0.0,1.103,30.0,1752241952481
0.0,0.0,1.092,30.0,1752241952539
0.0,0.0,1.082,30.0,1752241952665
0.0,0.0,1.071,30.0,1752241952717
0.0,0.0,1.071,30.0,1752241952847
0.0,0.0,1.071,30.0,1752241952904
31.70985221862793,-97.18777465820312,1.071,30.0,1752241953000
0.0,0.0,1.092,30.0,1752241953287
0.0,0.0,1.092,30.0,1752241953336
0.0,0.0,1.092,30.0,1752241953431
0.0,0.0,1.092,30.0,1752241953472
0.0,0.0,1.103,30.0,1752241953568
0.0,0.0,1.113,30.0,1752241953663
0.0,0.0,1.113,30.0,1752241953704
0.0,0.0,1.113,30.0,1752241953799
0.0,0.0,1.113,30.0,1752241953840
0.0,0.0,1.123,30.0,1752241953935
0.0,0.0,1.123,30.0,1752241953976
31.709850311279297,-97.18777465820312,1.123,30.0,1752241954000
0.0,0.0,1.123,30.0,1752241954074
0.0,0.0,1.113,30.0,1752241954116
0.0,0.0,1.103,30.0,1752241954230
0.0,0.0,1.103,30.0,1752241954275
0.0,0.0,1.092,30.0,1752241954368
0.0,0.0,1.082,30.0,1752241954425
0.0,0.0,1.082,30.0,1752241954555
0.0,0.0,1.092,30.0,1752241954617
0.0,0.0,1.082,30.0,1752241954749
0.0,0.0,1.082,30.0,1752241954806
0.0,0.0,1.071,30.0,1752241955175
0.0,0.0,1.071,30.0,1752241955230
0.0,0.0,1.082,30.0,1752241955334
0.0,0.0,1.071,30.0,1752241955376
0.0,0.0,1.082,30.0,1752241955501
0.0,0.0,1.082,30.0,1752241955558
0.0,0.0,1.082,30.0,1752241955685
0.0,0.0,1.092,30.0,1752241955741
0.0,0.0,1.092,30.0,1752241955867
0.0,0.0,1.092,30.0,1752241955925
31.70984649658203,-97.18777465820312,1.092,30.0,1752241956000
0.0,0.0,1.092,30.0,1752241956310
0.0,0.0,1.092,30.0,1752241956362
0.0,0.0,1.103,30.0,1752241956457
0.0,0.0,1.103,30.0,1752241956498
0.0,0.0,1.103,30.0,1752241956593
0.0,0.0,1.103,30.0,1752241956634
0.0,0.0,1.103,30.0,1752241956730
0.0,0.0,1.092,30.0,1752241956771
0.0,0.0,1.092,30.0,1752241956866
0.0,0.0,1.082,30.0,1752241956907
31.7098445892334,-97.18777465820312,1.082,30.0,1752241957000
0.0,0.0,1.082,30.0,1752241957002
0.0,0.0,1.082,30.0,1752241957042
0.0,0.0,1.082,30.0,1752241957146
0.0,0.0,1.082,30.0,1752241957196
0.0,0.0,1.082,30.0,1752241957301
0.0,0.0,1.082,30.0,1752241957363
0.0,0.0,1.082,30.0,1752241957494
0.0,0.0,1.082,30.0,1752241957551
0.0,0.0,1.061,30.0,1752241957684
0.0,0.0,1.061,30.0,1752241957741
31.709842681884766,-97.1877670288086,1.061,30.0,1752241958000
0.0,0.0,1.061,30.0,1752241958109
0.0,0.0,1.082,30.0,1752241958151
0.0,0.0,1.092,30.0,1752241958267
0.0,0.0,1.092,30.0,1752241958309
0.0,0.0,1.082,30.0,1752241958441
0.0,0.0,1.082,30.0,1752241958498
0.0,0.0,1.082,30.0,1752241958626
0.0,0.0,1.092,30.0,1752241958684
0.0,0.0,1.103,30.0,1752241958811
0.0,0.0,1.113,30.0,1752241958864
0.0,0.0,1.113,30.0,1752241959246
0.0,0.0,1.134,30.0,1752241959295
0.0,0.0,1.134,30.0,1752241959398
0.0,0.0,1.123,30.0,1752241959439
0.0,0.0,1.113,30.0,1752241959564
0.0,0.0,1.103,30.0,1752241959621
0.0,0.0,1.123,30.0,1752241959747
0.0,0.0,1.123,30.0,1752241959804
0.0,0.0,1.123,30.0,1752241959929
0.0,0.0,1.134,30.0,1752241959986
31.709840774536133,-97.1877670288086,1.134,30.0,1752241960000
0.0,0.0,1.113,30.0,1752241960145
0.0,0.0,1.113,30.0,1752241960407
0.0,0.0,1.113,30.0,1752241960503
0.0,0.0,1.103,30.0,1752241960544
0.0,0.0,1.113,30.0,1752241960643
0.0,0.0,1.134,30.0,1752241960685
0.0,0.0,1.123,30.0,1752241960781
0.0,0.0,1.144,30.0,1752241960822
0.0,0.0,1.123,30.0,1752241960918
0.0,0.0,1.134,30.0,1752241960959
31.709840774536133,-97.1877670288086,1.134,30.0,1752241961000
0.0,0.0,1.144,30.0,1752241961056
0.0,0.0,1.123,30.0,1752241961097
0.0,0.0,1.134,30.0,1752241961215
0.0,0.0,1.123,30.0,1752241961260
0.0,0.0,1.113,30.0,1752241961365
0.0,0.0,1.092,30.0,1752241961422
0.0,0.0,1.082,30.0,1752241961553
0.0,0.0,1.082,30.0,1752241961610
0.0,0.0,1.071,30.0,1752241961741
0.0,0.0,1.061,30.0,1752241961799
0.0,0.0,1.061,30.0,1752241962170
0.0,0.0,1.04,30.0,1752241962223
0.0,0.0,1.03,30.0,1752241962325
0.0,0.0,1.04,30.0,1752241962368
0.0,0.0,1.04,30.0,1752241962498
0.0,0.0,1.04,30.0,1752241962554
0.0,0.0,1.051,30.0,1752241962682
0.0,0.0,1.04,30.0,1752241962733
0.0,0.0,1.051,30.0,1752241962859
0.0,0.0,1.051,30.0,1752241962917
31.7098388671875,-97.1877670288086,1.03,30.0,1752241963000
0.0,0.0,1.03,30.0,1752241963075
0.0,0.0,1.03,30.0,1752241963347
0.0,0.0,1.03,30.0,1752241963441
0.0,0.0,1.04,30.0,1752241963486
0.0,0.0,1.03,30.0,1752241963582
0.0,0.0,1.009,30.0,1752241963624
0.0,0.0,1.009,30.0,1752241963719
0.0,0.0,0.999,30.0,1752241963760
0.0,0.0,0.967,30.0,1752241963854
0.0,0.0,0.967,30.0,1752241963895
0.0,0.0,0.957,30.0,1752241963989
31.709836959838867,-97.1877670288086,0.957,30.0,1752241964000
0.0,0.0,0.947,30.0,1752241964032
0.0,0.0,0.947,30.0,1752241964126
0.0,0.0,0.926,30.0,1752241964193
0.0,0.0,0.895,30.0,1752241964288
0.0,0.0,0.874,30.0,1752241964329
0.0,0.0,0.884,30.0,1752241964453
0.0,0.0,0.884,30.0,1752241964514
0.0,0.0,0.874,30.0,1752241964645
0.0,0.0,0.863,30.0,1752241964703
0.0,0.0,0.863,30.0,1752241964834
31.709835052490234,-97.18775939941406,0.853,30.0,1752241965000
0.0,0.0,0.853,30.0,1752241965138
0.0,0.0,0.832,30.0,1752241965245
0.0,0.0,0.822,30.0,1752241965297
0.0,0.0,0.801,30.0,1752241965405
0.0,0.0,0.811,30.0,1752241965462
0.0,0.0,0.811,30.0,1752241965588
0.0,0.0,0.79,30.0,1752241965648
0.0,0.0,0.759,30.0,1752241965773
0.0,0.0,0.759,30.0,1752241965833
0.0,0.0,0.759,30.0,1752241965957
0.0,0.0,0.749,30.0,1752241966287
0.0,0.0,0.759,30.0,1752241966390
0.0,0.0,0.759,30.0,1752241966488
0.0,0.0,0.759,30.0,1752241966526
0.0,0.0,0.749,30.0,1752241966652
0.0,0.0,0.749,30.0,1752241966710
0.0,0.0,0.749,30.0,1752241966835
0.0,0.0,0.738,30.0,1752241966892
31.709835052490234,-97.18775939941406,0.738,30.0,1752241967000
0.0,0.0,0.738,30.0,1752241967016
0.0,0.0,0.759,30.0,1752241967073
0.0,0.0,0.759,30.0,1752241967455
0.0,0.0,0.749,30.0,1752241967505
0.0,0.0,0.738,30.0,1752241967604
0.0,0.0,0.707,30.0,1752241967646
0.0,0.0,0.697,30.0,1752241967748
0.0,0.0,0.676,30.0,1752241967789
0.0,0.0,0.686,30.0,1752241967886
0.0,0.0,0.666,30.0,1752241967928
31.7098331451416,-97.18775939941406,0.655,30.0,1752241968000
0.0,0.0,0.655,30.0,1752241968023
0.0,0.0,0.666,30.0,1752241968064
0.0,0.0,0.655,30.0,1752241968166
0.0,0.0,0.645,30.0,1752241968218
0.0,0.0,0.634,30.0,1752241968314
0.0,0.0,0.645,30.0,1752241968371
0.0,0.0,0.634,30.0,1752241968502
0.0,0.0,0.645,30.0,1752241968560
0.0,0.0,0.634,30.0,1752241968690
0.0,0.0,0.645,30.0,1752241968750
0.0,0.0,0.634,30.0,1752241969131
0.0,0.0,0.645,30.0,1752241969155
0.0,0.0,0.634,30.0,1752241969240
0.0,0.0,0.614,30.0,1752241969333
0.0,0.0,0.614,30.0,1752241969388
0.0,0.0,0.614,30.0,1752241969515
0.0,0.0,0.603,30.0,1752241969546
0.0,0.0,0.614,30.0,1752241969572
0.0,0.0,0.614,30.0,1752241969635
0.0,0.0,0.603,30.0,1752241969839
0.0,0.0,0.603,30.0,1752241969864
0.0,0.0,0.603,30.0,1752241969947
0.0,0.0,0.593,30.0,1752241970332
0.0,0.0,0.593,30.0,1752241970375
0.0,0.0,0.593,30.0,1752241970425
0.0,0.0,0.593,30.0,1752241970494
0.0,0.0,0.593,30.0,1752241970546
0.0,0.0,0.593,30.0,1752241970591
0.0,0.0,0.572,30.0,1752241970615
0.0,0.0,0.561,30.0,1752241970667
0.0,0.0,0.572,30.0,1752241970795
0.0,0.0,0.572,30.0,1752241970820
0.0,0.0,0.572,30.0,1752241970840
0.0,0.0,0.561,30.0,1752241970889
0.0,0.0,0.561,30.0,1752241970965
31.709829330444336,-97.18775177001953,0.561,30.0,1752241971000
31.709827423095703,-97.18775177001953,0.561,30.0,1752241971000
0.0,0.0,0.561,30.0,1752241971015
0.0,0.0,0.561,30.0,1752241971038
0.0,0.0,0.572,30.0,1752241971088
0.0,0.0,0.572,30.0,1752241971166
0.0,0.0,0.572,30.0,1752241971228
0.0,0.0,0.582,30.0,1752241971255
0.0,0.0,0.582,30.0,1752241971304
0.0,0.0,0.582,30.0,1752241971384
0.0,0.0,0.582,30.0,1752241971434
0.0,0.0,0.572,30.0,1752241971460
0.0,0.0,0.572,30.0,1752241971587
0.0,0.0,0.603,30.0,1752241971612
0.0,0.0,0.624,30.0,1752241971631
0.0,0.0,0.624,30.0,1752241971680
0.0,0.0,0.624,30.0,1752241971758
0.0,0.0,0.624,30.0,1752241971810
0.0,0.0,0.634,30.0,1752241971888
0.0,0.0,0.624,30.0,1752241971939
0.0,0.0,0.634,30.0,1752241971985
31.70982551574707,-97.187744140625,0.634,30.0,1752241972000
0.0,0.0,0.634,30.0,1752241972008
0.0,0.0,0.634,30.0,1752241972060
0.0,0.0,0.645,30.0,1752241972137
0.0,0.0,0.634,30.0,1752241972208
0.0,0.0,0.614,30.0,1752241972240
0.0,0.0,0.614,30.0,1752241972294
0.0,0.0,0.614,30.0,1752241972367
0.0,0.0,0.603,30.0,1752241972441
0.0,0.0,0.614,30.0,1752241972752
31.709821701049805,-97.187744140625,0.614,30.0,1752241973000
0.0,0.0,0.874,30.0,1752241973610
0.0,0.0,1.175,30.0,1752241974070
0.0,0.0,1.509,30.0,1752241974166
0.0,0.0,1.862,30.0,1752241974252
0.0,0.0,2.456,30.0,1752241977319
0.0,0.0,3.049,30.0,1752241977500
0.0,0.0,4.412,30.0,1752241981517
0.0,0.0,5.775,30.0,1752241985117
0.0,0.0,7.107,30.0,1752241985352
0.0,0.0,8.419,30.0,1752242008365
0.0,0.0,10.282,30.0,1752242012548
0.0,0.0,11.645,29.8,1752242037497
0.0,0.0,12.675,29.8,1752242038151
0.0,0.0,13.706,29.8,1752242039081
0.0,0.0,14.548,29.4,1752242055369
0.0,0.0,15.454,29.4,1752242057717
0.0,0.0,16.089,29.4,1752242064298
0.0,0.0,16.734,29.4,1752242064979
0.0,0.0,2.039,29.6,1752242104300
0.0,0.0,2.039,29.6,1752242104390
0.0,0.0,2.039,29.6,1752242104490
0.0,0.0,2.039,29.6,1752242104586
0.0,0.0,2.039,29.6,1752242104683
0.0,0.0,2.039,29.6,1752242104780
0.0,0.0,2.039,29.6,1752242104875
0.0,0.0,2.039,29.6,1752242104972
0.0,0.0,2.06,29.6,1752242105042
0.0,0.0,2.07,29.6,1752242105164
0.0,0.0,2.081,29.6,1752242105266
0.0,0.0,2.102,29.6,1752242105367
0.0,0.0,2.123,29.6,1752242105463
0.0,0.0,2.123,29.6,1752242105559
0.0,0.0,2.133,29.6,1752242105658
0.0,0.0,2.133,29.6,1752242105756
0.0,0.0,2.154,29.6,1752242105854
0.0,0.0,2.154,29.6,1752242105949
0.0,0.0,2.154,29.6,1752242106052
0.0,0.0,2.154,29.6,1752242106147
0.0,0.0,2.164,29.6,1752242106252
0.0,0.0,2.143,29.6,1752242106351
0.0,0.0,2.164,29.6,1752242106448
0.0,0.0,2.143,29.6,1752242106545
0.0,0.0,2.143,29.6,1752242106646
0.0,0.0,2.164,29.6,1752242106748
0.0,0.0,2.164,29.6,1752242106843
0.0,0.0,2.175,29.6,1752242106939
0.0,0.0,2.175,29.6,1752242107039
0.0,0.0,2.185,29.6,1752242107140
0.0,0.0,2.185,29.6,1752242107249
0.0,0.0,2.185,29.6,1752242107345
0.0,0.0,2.175,29.6,1752242107442
0.0,0.0,2.185,29.6,1752242107538
0.0,0.0,2.164,29.6,1752242107633
0.0,0.0,2.185,29.6,1752242107731
0.0,0.0,2.175,29.6,1752242107830
0.0,0.0,2.185,29.6,1752242107926
0.0,0.0,2.206,29.6,1752242108022
0.0,0.0,2.185,29.6,1752242108118
0.0,0.0,2.175,29.6,1752242108221
0.0,0.0,2.195,29.6,1752242108323
0.0,0.0,2.195,29.6,1752242108419
0.0,0.0,2.195,29.6,1752242108516
0.0,0.0,2.206,29.6,1752242108614
0.0,0.0,2.206,29.6,1752242108710
0.0,0.0,2.195,29.6,1752242108808
0.0,0.0,2.216,29.6,1752242108909
0.0,0.0,2.206,29.6,1752242109006
0.0,0.0,2.216,29.6,1752242109103
0.0,0.0,2.195,29.6,1752242109205
0.0,0.0,2.206,29.6,1752242109306
0.0,0.0,2.216,29.6,1752242109376
0.0,0.0,2.185,29.6,1752242109503
0.0,0.0,2.195,29.6,1752242109602
0.0,0.0,2.185,29.6,1752242109700
0.0,0.0,2.195,29.6,1752242109797
0.0,0.0,2.175,29.6,1752242109893
0.0,0.0,2.175,29.6,1752242109989
0.0,0.0,2.164,29.6,1752242110085
0.0,0.0,2.164,29.6,1752242110181
0.0,0.0,2.154,29.6,1752242110290
0.0,0.0,2.164,29.6,1752242110385
0.0,0.0,2.154,29.6,1752242110522
0.0,0.0,2.175,29.6,1752242110615
0.0,0.0,2.206,29.6,1752242110713
0.0,0.0,2.175,29.6,1752242110809
0.0,0.0,2.175,29.6,1752242110905
31.709999084472656,-97.18810272216797,2.154,29.6,1752242111000
0.0,0.0,2.154,29.6,1752242111002
0.0,0.0,2.143,29.6,1752242111098
0.0,0.0,2.133,29.6,1752242111201
0.0,0.0,2.133,29.6,1752242111307
0.0,0.0,2.112,29.6,1752242111404
0.0,0.0,2.133,29.6,1752242111500
0.0,0.0,2.133,29.6,1752242111597
0.0,0.0,2.143,29.6,1752242111695
0.0,0.0,2.133,29.6,1752242111793
0.0,0.0,2.102,29.6,1752242111891
0.0,0.0,2.123,29.6,1752242111995
0.0,0.0,2.123,29.6,1752242112064
0.0,0.0,2.154,29.6,1752242112198
0.0,0.0,2.164,29.6,1752242112297
0.0,0.0,2.195,29.6,1752242112467
0.0,0.0,2.216,29.6,1752242112564
0.0,0.0,2.237,29.6,1752242112732
0.0,0.0,2.237,29.6,1752242112829
0.0,0.0,2.216,29.6,1752242112996
31.709999084472656,-97.18809509277344,2.216,29.6,1752242113000
0.0,0.0,2.216,29.6,1752242113338
0.0,0.0,2.216,29.6,1752242113474
0.0,0.0,2.237,29.6,1752242113543
0.0,0.0,2.237,29.6,1752242113667
0.0,0.0,2.247,29.6,1752242113740
0.0,0.0,2.237,29.8,1752242113899
0.0,0.0,2.216,29.8,1752242113971
0.0,0.0,2.206,29.8,1752242114095
0.0,0.0,2.216,29.8,1752242114164
0.0,0.0,2.195,29.8,1752242114317
0.0,0.0,2.185,29.8,1752242114414
0.0,0.0,2.206,29.8,1752242114585
0.0,0.0,2.216,29.8,1752242114683
0.0,0.0,2.237,29.8,1752242114854
0.0,0.0,2.227,29.8,1752242114949
31.71000099182129,-97.18809509277344,2.227,29.8,1752242115000
0.0,0.0,2.227,29.8,1752242115346
0.0,0.0,2.227,29.8,1752242115424
0.0,0.0,2.247,29.8,1752242115551
0.0,0.0,2.268,29.8,1752242115624
0.0,0.0,2.268,29.8,1752242115754
0.0,0.0,2.258,29.8,1752242115824
0.0,0.0,2.237,29.8,1752242115948
0.0,0.0,2.258,29.8,1752242116020
0.0,0.0,2.247,29.8,1752242116144
0.0,0.0,2.247,29.8,1752242116232
0.0,0.0,2.237,29.8,1752242116406
0.0,0.0,2.227,29.8,1752242116504
0.0,0.0,2.206,29.8,1752242116677
0.0,0.0,2.216,29.8,1752242116777
0.0,0.0,2.216,29.8,1752242116949
0.0,0.0,2.206,29.8,1752242117289
0.0,0.0,2.227,29.8,1752242117420
0.0,0.0,2.227,29.8,1752242117489
0.0,0.0,2.237,29.8,1752242117617
0.0,0.0,2.227,29.8,1752242117715
0.0,0.0,2.237,29.8,1752242117813
0.0,0.0,2.247,29.8,1752242117910
0.0,0.0,2.247,29.8,1752242118007
0.0,0.0,2.247,29.8,1752242118103
0.0,0.0,2.258,29.8,1752242118202
0.0,0.0,2.237,29.8,1752242118310
0.0,0.0,2.258,29.8,1752242118409
0.0,0.0,2.258,29.8,1752242118508
0.0,0.0,2.237,29.8,1752242118609
0.0,0.0,2.258,29.8,1752242118708
0.0,0.0,2.247,29.8,1752242118806
0.0,0.0,2.268,29.8,1752242118904
31.71001625061035,-97.18804931640625,2.247,29.8,1752242119000
0.0,0.0,2.247,29.8,1752242119002
0.0,0.0,2.247,29.8,1752242119099
0.0,0.0,2.258,29.8,1752242119198
0.0,0.0,2.268,29.8,1752242119305
0.0,0.0,2.268,29.8,1752242119405
0.0,0.0,2.289,29.8,1752242119506
0.0,0.0,2.268,29.8,1752242119602
0.0,0.0,2.268,29.8,1752242119702
0.0,0.0,2.268,29.8,1752242119800
0.0,0.0,2.258,29.8,1752242119897
0.0,0.0,2.258,29.8,1752242119995
0.0,0.0,2.237,29.8,1752242120102
0.0,0.0,2.237,29.8,1752242120176
0.0,0.0,2.258,29.8,1752242120339
0.0,0.0,2.237,29.8,1752242120436
0.0,0.0,2.227,29.8,1752242120610
0.0,0.0,2.216,29.8,1752242120712
0.0,0.0,2.206,29.8,1752242120879
0.0,0.0,2.227,29.8,1752242120976
31.71001434326172,-97.18804931640625,2.227,29.8,1752242121000
0.0,0.0,2.216,29.8,1752242121368
0.0,0.0,2.206,29.8,1752242121445
0.0,0.0,2.216,29.8,1752242121569
0.0,0.0,2.216,29.8,1752242121639
0.0,0.0,2.237,29.8,1752242121763
0.0,0.0,2.247,29.8,1752242121832
0.0,0.0,2.247,29.8,1752242121959
0.0,0.0,2.247,29.8,1752242122028
0.0,0.0,2.247,29.8,1752242122152
0.0,0.0,2.247,29.8,1752242122240
0.0,0.0,2.258,29.8,1752242122405
0.0,0.0,2.247,29.8,1752242122502
0.0,0.0,2.258,29.8,1752242122675
0.0,0.0,2.268,29.8,1752242122774
0.0,0.0,2.268,29.8,1752242122940
31.71001434326172,-97.18804931640625,2.268,29.8,1752242123000
0.0,0.0,2.247,29.8,1752242123282
0.0,0.0,2.216,29.8,1752242123412
0.0,0.0,2.195,29.8,1752242123482
0.0,0.0,2.195,29.8,1752242123608
0.0,0.0,2.206,29.8,1752242123678
0.0,0.0,2.216,29.8,1752242123809
0.0,0.0,2.206,29.8,1752242123879
0.0,0.0,2.195,29.8,1752242124002
0.0,0.0,2.175,29.8,1752242124073
0.0,0.0,2.175,29.8,1752242124209
0.0,0.0,2.143,29.8,1752242124318
0.0,0.0,2.143,29.8,1752242124490
0.0,0.0,2.143,29.8,1752242124588
0.0,0.0,2.143,29.8,1752242124759
0.0,0.0,2.143,29.8,1752242124856
31.71001434326172,-97.18804931640625,2.143,29.8,1752242125000
0.0,0.0,2.133,29.8,1752242125254
0.0,0.0,2.112,29.8,1752242125331
0.0,0.0,2.102,29.8,1752242125458
0.0,0.0,2.102,29.8,1752242125528
0.0,0.0,2.112,29.8,1752242125650
0.0,0.0,2.133,29.8,1752242125723
0.0,0.0,2.133,29.8,1752242125847
0.0,0.0,2.133,29.8,1752242125917
0.0,0.0,2.133,29.8,1752242126040
0.0,0.0,2.133,29.8,1752242126109
0.0,0.0,2.123,29.8,1752242126252
0.0,0.0,2.123,29.8,1752242126355
0.0,0.0,2.123,29.8,1752242126527
0.0,0.0,2.133,29.8,1752242126624
0.0,0.0,2.133,29.8,1752242126799
0.0,0.0,2.133,29.8,1752242126897
31.71001434326172,-97.18804931640625,2.133,29.8,1752242127000
0.0,0.0,2.123,29.8,1752242127290
0.0,0.0,2.102,29.8,1752242127368
0.0,0.0,2.123,29.8,1752242127492
0.0,0.0,2.112,29.8,1752242127567
0.0,0.0,2.123,29.8,1752242127761
0.0,0.0,2.102,29.8,1752242127824
0.0,0.0,2.112,29.8,1752242127950
31.710012435913086,-97.18804931640625,2.112,29.8,1752242128000
0.0,0.0,2.112,29.8,1752242128019
0.0,0.0,2.123,29.8,1752242128143
0.0,0.0,2.123,29.8,1752242128231
0.0,0.0,2.143,29.8,1752242128393
0.0,0.0,2.154,29.8,1752242128496
0.0,0.0,2.154,29.8,1752242128667
0.0,0.0,2.175,29.8,1752242128765
0.0,0.0,2.164,29.8,1752242128931
0.0,0.0,2.164,29.8,1752242129261
0.0,0.0,2.154,29.8,1752242129392
0.0,0.0,2.164,29.8,1752242129470
0.0,0.0,2.143,29.8,1752242129642
0.0,0.0,2.154,29.8,1752242129740
0.0,0.0,2.154,29.8,1752242129907
31.710010528564453,-97.18804931640625,2.143,29.8,1752242130000
0.0,0.0,2.143,29.8,1752242130004
0.0,0.0,2.133,29.8,1752242130176
0.0,0.0,2.133,29.8,1752242130529
0.0,0.0,2.133,29.8,1752242130653
0.0,0.0,2.123,29.8,1752242130727
0.0,0.0,2.123,29.8,1752242130849
0.0,0.0,2.123,29.8,1752242130920
0.0,0.0,2.133,29.8,1752242131044
0.0,0.0,2.133,29.8,1752242131113
0.0,0.0,2.143,29.8,1752242131255
0.0,0.0,2.143,29.8,1752242131351
0.0,0.0,2.143,29.8,1752242131523
0.0,0.0,2.143,29.8,1752242131620
0.0,0.0,2.133,29.8,1752242131793
0.0,0.0,2.123,29.8,1752242131892
31.710006713867188,-97.18804931640625,2.123,29.8,1752242132000
0.0,0.0,2.112,29.8,1752242132296
0.0,0.0,2.091,29.8,1752242132374
0.0,0.0,2.091,29.8,1752242132499
0.0,0.0,2.081,29.8,1752242132570
0.0,0.0,2.081,29.8,1752242132701
0.0,0.0,2.081,29.8,1752242132771
0.0,0.0,2.07,29.8,1752242132896
0.0,0.0,2.05,29.8,1752242132966
0.0,0.0,2.05,29.8,1752242133090
0.0,0.0,2.05,29.8,1752242133159
0.0,0.0,2.039,29.8,1752242133313
0.0,0.0,2.05,29.8,1752242133408
0.0,0.0,2.06,29.8,1752242133581
0.0,0.0,2.05,29.8,1752242133679
0.0,0.0,2.039,29.8,1752242133852
0.0,0.0,2.06,29.8,1752242133949
0.0,0.0,2.039,29.8,1752242134360
0.0,0.0,2.029,29.8,1752242134438
0.0,0.0,2.029,29.8,1752242134565
0.0,0.0,2.029,29.8,1752242134636
0.0,0.0,2.029,29.8,1752242134765
0.0,0.0,2.018,29.8,1752242134836
0.0,0.0,2.039,29.8,1752242134962
31.709999084472656,-97.18804931640625,2.018,29.8,1752242135000
0.0,0.0,2.018,29.8,1752242135031
0.0,0.0,2.018,29.8,1752242135157
0.0,0.0,2.039,29.8,1752242135237
0.0,0.0,2.05,29.8,1752242135364
0.0,0.0,2.05,29.8,1752242135436
0.0,0.0,2.06,29.8,1752242135562
0.0,0.0,2.039,29.8,1752242135633
0.0,0.0,2.039,29.8,1752242135761
0.0,0.0,2.039,29.8,1752242135833
0.0,0.0,2.05,29.8,1752242135964
0.0,0.0,2.05,29.8,1752242136038
0.0,0.0,2.029,29.8,1752242136164
0.0,0.0,2.039,29.8,1752242136256
0.0,0.0,2.05,29.8,1752242136421
0.0,0.0,2.008,29.8,1752242136518
0.0,0.0,2.018,29.8,1752242136693
0.0,0.0,1.998,29.8,1752242136794
0.0,0.0,1.998,29.8,1752242136966
31.709997177124023,-97.18804931640625,1.998,29.8,1752242137000
0.0,0.0,2.029,29.8,1752242137305
0.0,0.0,2.039,29.8,1752242137439
0.0,0.0,2.029,29.8,1752242137512
0.0,0.0,2.018,29.8,1752242137638
0.0,0.0,2.039,29.8,1752242137708
0.0,0.0,2.05,29.8,1752242137871
0.0,0.0,2.039,29.8,1752242137943
0.0,0.0,2.06,29.8,1752242138071
0.0,0.0,2.081,29.8,1752242138142
0.0,0.0,2.091,29.8,1752242138292
0.0,0.0,2.102,29.8,1752242138394
0.0,0.0,2.123,29.8,1752242138573
0.0,0.0,2.102,29.8,1752242138674
0.0,0.0,2.102,29.8,1752242138848
0.0,0.0,2.102,29.8,1752242138946
31.709991455078125,-97.18804931640625,2.102,29.8,1752242139000
0.0,0.0,2.123,29.8,1752242139326
0.0,0.0,2.112,29.8,1752242139407
0.0,0.0,2.123,29.8,1752242139533
0.0,0.0,2.112,29.8,1752242139610
0.0,0.0,2.123,29.8,1752242139739
0.0,0.0,2.123,29.8,1752242139808
0.0,0.0,2.133,29.8,1752242139933
0.0,0.0,2.154,29.8,1752242140005
0.0,0.0,2.164,29.8,1752242140132
0.0,0.0,2.154,29.8,1752242140225
0.0,0.0,2.164,29.8,1752242140401
0.0,0.0,2.195,29.8,1752242140498
0.0,0.0,2.195,29.8,1752242140672
0.0,0.0,2.216,29.8,1752242140771
0.0,0.0,2.227,29.8,1752242140944
31.709985733032227,-97.18804168701172,2.227,29.8,1752242141000
0.0,0.0,2.247,29.8,1752242141283
0.0,0.0,2.268,29.8,1752242141416
0.0,0.0,2.289,29.8,1752242141492
0.0,0.0,2.299,29.8,1752242141618
0.0,0.0,2.31,29.8,1752242141688
0.0,0.0,2.31,29.8,1752242141813
0.0,0.0,2.32,29.8,1752242141883
0.0,0.0,2.351,29.8,1752242142008
0.0,0.0,2.383,29.8,1752242142078
0.0,0.0,2.372,29.8,1752242142227
0.0,0.0,2.362,29.8,1752242142329
0.0,0.0,2.372,29.8,1752242142503
0.0,0.0,2.362,29.8,1752242142601
0.0,0.0,2.372,29.8,1752242142777
0.0,0.0,2.351,29.8,1752242142875
0.0,0.0,2.362,29.8,1752242143282
0.0,0.0,2.362,29.8,1752242143351
0.0,0.0,2.372,29.8,1752242143475
0.0,0.0,2.383,29.8,1752242143544
0.0,0.0,2.362,29.8,1752242143671
0.0,0.0,2.331,29.8,1752242143741
0.0,0.0,2.331,29.8,1752242143866
0.0,0.0,2.351,29.8,1752242143937
31.70998191833496,-97.18804168701172,2.351,29.8,1752242144000
0.0,0.0,2.351,29.8,1752242144065
0.0,0.0,2.351,29.8,1752242144135
0.0,0.0,2.341,29.8,1752242144273
0.0,0.0,2.372,29.8,1752242144343
0.0,0.0,2.362,29.8,1752242144468
0.0,0.0,2.362,29.8,1752242144538
0.0,0.0,2.331,29.8,1752242144664
0.0,0.0,2.32,29.8,1752242144734
0.0,0.0,2.331,29.8,1752242144867
0.0,0.0,2.331,29.8,1752242144937
0.0,0.0,2.32,29.8,1752242145063
0.0,0.0,2.331,29.8,1752242145132
0.0,0.0,2.32,29.8,1752242145283
0.0,0.0,2.289,29.8,1752242145383
0.0,0.0,2.299,29.8,1752242145557
0.0,0.0,2.289,29.8,1752242145654
0.0,0.0,2.258,29.8,1752242145828
0.0,0.0,2.258,29.8,1752242145926
31.709976196289062,-97.18804168701172,2.258,29.8,1752242146000
0.0,0.0,2.247,29.8,1752242146324
0.0,0.0,2.237,29.8,1752242146402
0.0,0.0,2.247,29.8,1752242146530
0.0,0.0,2.247,29.8,1752242146599
0.0,0.0,2.237,29.8,1752242146727
0.0,0.0,2.195,29.8,1752242146799
0.0,0.0,2.195,29.8,1752242146925
0.0,0.0,2.206,29.8,1752242146995
0.0,0.0,2.185,29.8,1752242147120
0.0,0.0,2.164,29.8,1752242147274
0.0,0.0,2.164,29.8,1752242147343
0.0,0.0,2.143,29.8,1752242147519
0.0,0.0,2.133,29.8,1752242147617
0.0,0.0,2.123,29.8,1752242147795
0.0,0.0,2.112,29.8,1752242147887
0.0,0.0,2.07,29.8,1752242148051
0.0,0.0,2.081,29.8,1752242148387
0.0,0.0,2.102,29.8,1752242148513
0.0,0.0,2.102,29.8,1752242148583
0.0,0.0,2.091,29.8,1752242148713
0.0,0.0,2.102,29.8,1752242148784
0.0,0.0,2.112,29.8,1752242148909
0.0,0.0,2.091,29.8,1752242148978
31.709970474243164,-97.18803405761719,2.091,29.8,1752242149000
0.0,0.0,2.112,29.8,1752242149105
0.0,0.0,2.102,29.8,1752242149177
0.0,0.0,2.112,29.8,1752242149312
0.0,0.0,2.112,29.8,1752242149381
0.0,0.0,2.133,29.8,1752242149507
0.0,0.0,2.133,29.8,1752242149576
0.0,0.0,2.112,29.8,1752242149706
0.0,0.0,2.112,29.8,1752242149776
0.0,0.0,2.123,29.8,1752242149903
0.0,0.0,2.112,29.8,1752242149972
0.0,0.0,2.112,29.8,1752242150097
0.0,0.0,2.123,29.8,1752242150170
0.0,0.0,2.102,29.8,1752242150319
0.0,0.0,2.102,29.8,1752242150418
0.0,0.0,2.102,29.8,1752242150592
0.0,0.0,2.112,29.8,1752242150689
0.0,0.0,2.112,29.8,1752242150865
0.0,0.0,2.102,29.8,1752242150963
31.709964752197266,-97.18803405761719,2.102,29.8,1752242151000
0.0,0.0,2.112,29.8,1752242151367
0.0,0.0,2.112,29.8,1752242151445
0.0,0.0,2.102,29.8,1752242151574
0.0,0.0,2.112,29.8,1752242151647
0.0,0.0,2.123,29.8,1752242151776
0.0,0.0,2.133,29.8,1752242151845
0.0,0.0,2.143,29.8,1752242151970
0.0,0.0,2.143,29.8,1752242152040
0.0,0.0,2.154,29.8,1752242152165
0.0,0.0,2.154,29.8,1752242152255
0.0,0.0,2.154,29.8,1752242152417
0.0,0.0,2.164,29.8,1752242152515
0.0,0.0,2.175,29.8,1752242152690
0.0,0.0,2.206,29.8,1752242152789
0.0,0.0,2.227,29.8,1752242152966
31.7099609375,-97.18803405761719,2.227,29.8,1752242153000
0.0,0.0,2.237,29.8,1752242153310
0.0,0.0,2.247,29.8,1752242153443
0.0,0.0,2.258,29.8,1752242153517
0.0,0.0,2.258,29.8,1752242153642
0.0,0.0,2.258,29.8,1752242153713
0.0,0.0,2.258,29.8,1752242153838
0.0,0.0,2.258,29.8,1752242153908
0.0,0.0,2.279,29.8,1752242154035
0.0,0.0,2.279,29.8,1752242154105
0.0,0.0,2.279,29.8,1752242154253
0.0,0.0,2.268,29.8,1752242154351
0.0,0.0,2.279,29.8,1752242154529
0.0,0.0,2.279,29.8,1752242154626
0.0,0.0,2.279,29.8,1752242154803
0.0,0.0,2.279,29.8,1752242154900
31.709957122802734,-97.18803405761719,2.279,29.8,1752242155000
0.0,0.0,2.289,29.8,1752242155298
0.0,0.0,2.299,29.8,1752242155380
0.0,0.0,2.331,29.8,1752242155505
0.0,0.0,2.341,29.8,1752242155575
0.0,0.0,2.351,29.8,1752242155700
0.0,0.0,2.351,29.8,1752242155769
0.0,0.0,2.372,29.8,1752242155898
0.0,0.0,2.383,29.8,1752242155967
31.709951400756836,-97.18803405761719,2.383,29.8,1752242156000
0.0,0.0,2.383,29.8,1752242156092
0.0,0.0,2.383,29.8,1752242156164
0.0,0.0,2.404,29.8,1752242156308
0.0,0.0,2.414,29.8,1752242156406
0.0,0.0,2.404,29.8,1752242156580
0.0,0.0,2.424,29.8,1752242156678
0.0,0.0,2.404,29.8,1752242156853
0.0,0.0,2.393,29.8,1752242156952
0.0,0.0,2.404,29.8,1752242157359
0.0,0.0,2.404,29.8,1752242157437
0.0,0.0,2.393,29.8,1752242157573
0.0,0.0,2.393,29.8,1752242157674
0.0,0.0,2.414,29.8,1752242157843
0.0,0.0,2.435,29.8,1752242157940
0.0,0.0,2.424,29.8,1752242158116
0.0,0.0,2.435,29.8,1752242158211
0.0,0.0,2.435,29.8,1752242158628
0.0,0.0,2.424,29.8,1752242158699
0.0,0.0,2.445,29.8,1752242158825
0.0,0.0,2.445,29.8,1752242158895
31.70994758605957,-97.18802642822266,2.445,29.8,1752242159000
0.0,0.0,2.445,29.8,1752242159021
0.0,0.0,2.445,29.8,1752242159091
0.0,0.0,2.456,29.8,1752242159226
0.0,0.0,2.456,29.8,1752242159300
0.0,0.0,2.476,29.8,1752242159428
0.0,0.0,2.466,29.8,1752242159498
0.0,0.0,2.466,29.8,1752242159622
0.0,0.0,2.476,29.8,1752242159693
0.0,0.0,2.487,29.8,1752242159818
0.0,0.0,2.487,29.8,1752242159887
31.709941864013672,-97.18802642822266,2.487,29.8,1752242160000
0.0,0.0,2.487,29.8,1752242160013
0.0,0.0,2.487,29.8,1752242160085
0.0,0.0,2.518,29.8,1752242160235
0.0,0.0,2.528,29.8,1752242160339
0.0,0.0,2.528,29.8,1752242160515
0.0,0.0,2.539,29.8,1752242160613
0.0,0.0,2.518,29.8,1752242160787
0.0,0.0,2.528,29.8,1752242160885
0.0,0.0,2.539,29.8,1752242161292
0.0,0.0,2.539,29.8,1752242161370
0.0,0.0,2.539,29.8,1752242161505
0.0,0.0,2.56,29.8,1752242161600
0.0,0.0,2.56,29.8,1752242161776
0.0,0.0,2.56,29.8,1752242161877
31.709936141967773,-97.18802642822266,2.539,29.8,1752242162000
0.0,0.0,2.539,29.8,1752242162050
0.0,0.0,2.528,29.8,1752242162147
0.0,0.0,2.518,29.8,1752242162567
0.0,0.0,2.518,29.8,1752242162637
0.0,0.0,2.539,29.8,1752242162764
0.0,0.0,2.56,29.8,1752242162833
0.0,0.0,2.56,29.8,1752242162960
0.0,0.0,2.549,29.8,1752242163033
0.0,0.0,2.56,29.8,1752242163160
0.0,0.0,2.549,29.8,1752242163250
0.0,0.0,2.549,29.8,1752242163405
0.0,0.0,2.57,29.8,1752242163502
0.0,0.0,2.58,29.8,1752242163679
0.0,0.0,2.591,29.8,1752242163777
0.0,0.0,2.622,29.8,1752242163951
0.0,0.0,2.612,29.8,1752242164296
0.0,0.0,2.622,29.8,1752242164429
0.0,0.0,1.966,30.2,1752242182168
0.0,0.0,1.946,30.2,1752242182294
0.0,0.0,1.966,30.2,1752242182366
0.0,0.0,1.966,30.2,1752242182497
0.0,0.0,1.977,30.2,1752242182566
0.0,0.0,1.977,30.2,1752242182694
0.0,0.0,1.987,30.2,1752242182763
0.0,0.0,1.987,30.2,1752242182892
0.0,0.0,1.977,30.2,1752242182962
31.709762573242188,-97.18793487548828,1.977,30.2,1752242183000
0.0,0.0,1.977,30.2,1752242183089
0.0,0.0,1.987,30.2,1752242183160
0.0,0.0,1.987,30.2,1752242183301
0.0,0.0,1.987,30.2,1752242183372
0.0,0.0,1.977,30.2,1752242183498
0.0,0.0,1.956,30.2,1752242183570
0.0,0.0,1.925,30.2,1752242183696
0.0,0.0,1.914,30.2,1752242183767
0.0,0.0,1.904,30.2,1752242183891
0.0,0.0,1.883,30.2,1752242183963
31.709760665893555,-97.18793487548828,1.883,30.2,1752242184000
0.0,0.0,1.852,30.2,1752242184089
0.0,0.0,1.852,30.2,1752242184159
0.0,0.0,1.852,30.2,1752242184320
0.0,0.0,1.831,30.2,1752242184418
0.0,0.0,1.831,30.2,1752242184593
0.0,0.0,1.831,30.2,1752242184697
0.0,0.0,1.842,30.2,1752242184872
0.0,0.0,1.842,30.2,1752242184965
0.0,0.0,1.862,30.2,1752242185362
0.0,0.0,1.852,30.2,1752242185440
0.0,0.0,1.862,30.2,1752242185613
0.0,0.0,1.883,30.2,1752242185716
0.0,0.0,1.862,30.2,1752242185890
0.0,0.0,1.873,30.2,1752242185988
31.70975685119629,-97.18793487548828,1.873,30.2,1752242186000
0.0,0.0,1.852,30.2,1752242186164
0.0,0.0,1.821,30.2,1752242186273
0.0,0.0,1.81,30.2,1752242186658
0.0,0.0,1.769,30.2,1752242186728
0.0,0.0,1.737,30.2,1752242186854
0.0,0.0,1.717,30.2,1752242186927
0.0,0.0,1.706,30.2,1752242187054
0.0,0.0,1.696,30.2,1752242187124
0.0,0.0,1.685,30.2,1752242187269
0.0,0.0,1.654,30.2,1752242187366
0.0,0.0,1.665,30.2,1752242187542
0.0,0.0,1.665,30.2,1752242187640
0.0,0.0,1.644,30.2,1752242187815
0.0,0.0,1.644,30.2,1752242187914
31.709754943847656,-97.18792724609375,1.644,30.2,1752242188000
0.0,0.0,1.633,30.2,1752242188316
0.0,0.0,1.665,30.2,1752242188394
0.0,0.0,1.675,30.2,1752242188522
0.0,0.0,1.665,30.2,1752242188591
0.0,0.0,1.654,30.2,1752242188721
0.0,0.0,1.654,30.2,1752242188790
0.0,0.0,1.633,30.2,1752242188920
0.0,0.0,1.644,30.2,1752242188990
0.0,0.0,1.581,30.2,1752242189115
0.0,0.0,1.55,30.2,1752242189187
0.0,0.0,1.529,30.2,1752242189337
0.0,0.0,1.54,30.2,1752242189432
0.0,0.0,1.54,30.2,1752242189609
0.0,0.0,1.509,30.2,1752242189708
0.0,0.0,1.488,30.2,1752242189883
0.0,0.0,1.467,30.2,1752242189981
31.70975112915039,-97.18792724609375,1.467,30.2,1752242190000
0.0,0.0,1.467,30.2,1752242190376
0.0,0.0,1.446,30.2,1752242190455
0.0,0.0,1.467,30.2,1752242190580
0.0,0.0,1.456,30.2,1752242190652
0.0,0.0,1.488,30.2,1752242190785
0.0,0.0,1.509,30.2,1752242190857
0.0,0.0,1.519,30.2,1752242190987
0.0,0.0,1.488,30.2,1752242191057
0.0,0.0,1.467,30.2,1752242191184
0.0,0.0,1.488,30.2,1752242191277
0.0,0.0,1.477,30.2,1752242191447
0.0,0.0,1.477,30.2,1752242191543
0.0,0.0,1.467,30.2,1752242191719
0.0,0.0,1.467,30.2,1752242191817
0.0,0.0,1.456,30.2,1752242191993
31.709749221801758,-97.18792724609375,1.456,30.2,1752242192000
0.0,0.0,1.456,30.2,1752242192359
0.0,0.0,1.446,30.2,1752242192493
0.0,0.0,1.436,30.2,1752242192564
0.0,0.0,1.415,30.2,1752242192696
0.0,0.0,1.425,30.2,1752242192766
0.0,0.0,1.425,30.2,1752242192896
0.0,0.0,1.394,30.2,1752242192970
0.0,0.0,1.394,30.2,1752242193098
0.0,0.0,1.352,30.2,1752242193170
0.0,0.0,1.363,30.2,1752242193313
0.0,0.0,1.363,30.2,1752242193400
0.0,0.0,1.373,30.2,1752242193579
0.0,0.0,1.373,30.2,1752242193680
0.0,0.0,1.363,30.2,1752242193863
0.0,0.0,1.342,30.2,1752242193965
0.0,0.0,1.342,30.2,1752242194395
0.0,0.0,1.363,30.2,1752242194475
0.0,0.0,1.342,30.2,1752242194602
0.0,0.0,1.363,30.2,1752242194674
0.0,0.0,1.352,30.2,1752242194807
0.0,0.0,1.394,30.2,1752242194879
31.709741592407227,-97.18791961669922,1.394,30.2,1752242195000
0.0,0.0,1.394,30.2,1752242195011
0.0,0.0,1.404,30.2,1752242195083
0.0,0.0,1.415,30.2,1752242195216
0.0,0.0,1.415,30.2,1752242195295
0.0,0.0,1.425,30.2,1752242195425
0.0,0.0,1.446,30.2,1752242195498
0.0,0.0,1.446,30.2,1752242195629
0.0,0.0,1.436,30.2,1752242195702
0.0,0.0,1.436,30.2,1752242195834
0.0,0.0,1.425,30.2,1752242195905
0.0,0.0,1.415,30.2,1752242196037
0.0,0.0,1.373,30.2,1752242196111
0.0,0.0,1.363,30.2,1752242196274
0.0,0.0,1.352,30.2,1752242196375
0.0,0.0,1.332,30.2,1752242196555
0.0,0.0,1.321,30.2,1752242196658
0.0,0.0,1.311,30.2,1752242196839
0.0,0.0,1.269,30.2,1752242196941
31.709735870361328,-97.18791961669922,1.269,30.2,1752242197000
0.0,0.0,1.269,30.2,1752242197380
0.0,0.0,1.269,30.2,1752242197455
0.0,0.0,1.238,30.2,1752242197585
0.0,0.0,1.217,30.2,1752242197658
0.0,0.0,1.228,30.2,1752242197789
0.0,0.0,1.217,30.2,1752242197859
0.0,0.0,1.217,30.2,1752242197991
0.0,0.0,1.207,30.2,1752242198061
0.0,0.0,1.196,30.2,1752242198186
0.0,0.0,1.155,30.2,1752242198280
0.0,0.0,1.144,30.2,1752242198441
0.0,0.0,1.144,30.2,1752242198539
0.0,0.0,1.113,30.2,1752242198720
0.0,0.0,1.092,30.2,1752242198825
31.709732055664062,-97.18791961669922,1.082,30.2,1752242199000
0.0,0.0,1.082,30.2,1752242199006
0.0,0.0,1.051,30.2,1752242199309
0.0,0.0,1.03,30.2,1752242199446
0.0,0.0,1.009,30.2,1752242199520
0.0,0.0,0.978,30.2,1752242199647
0.0,0.0,0.957,30.2,1752242199723
0.0,0.0,0.967,30.2,1752242199854
0.0,0.0,0.988,30.2,1752242199923
0.0,0.0,0.967,30.2,1752242200053
0.0,0.0,0.957,30.2,1752242200124
0.0,0.0,0.957,30.2,1752242200288
0.0,0.0,0.957,30.2,1752242200386
0.0,0.0,0.936,30.2,1752242200561
0.0,0.0,0.957,30.2,1752242200660
0.0,0.0,0.947,30.2,1752242200838
0.0,0.0,0.957,30.2,1752242200945
0.0,0.0,0.957,30.2,1752242201348
0.0,0.0,0.947,30.2,1752242201431
0.0,0.0,0.915,30.2,1752242201560
0.0,0.0,0.884,30.2,1752242201635
0.0,0.0,0.874,30.2,1752242201766
0.0,0.0,0.853,30.2,1752242201841
31.709720611572266,-97.18791961669922,0.832,30.2,1752242202000
0.0,0.0,0.832,30.2,1752242202012
0.0,0.0,0.842,30.2,1752242202080
0.0,0.0,1.685,30.2,1752242205623
0.0,0.0,2.56,30.2,1752242205959
0.0,0.0,3.85,30.2,1752242210141
0.0,0.0,5.203,30.2,1752242210487
0.0,0.0,6.598,30.2,1752242212089
0.0,0.0,7.898,30.0,1752242212470
0.0,0.0,9.158,30.0,1752242214368
0.0,0.0,10.49,30.0,1752242215622
0.0,0.0,11.832,30.0,1752242216289
0.0,0.0,13.206,30.0,1752242216619
0.0,0.0,14.559,30.0,1752242217274
0.0,0.0,15.881,30.0,1752242217922
0.0,0.0,15.319,30.0,1752242222267
0.0,0.0,14.59,30.0,1752242222359
0.0,0.0,13.466,30.0,1752242222466
0.0,0.0,12.353,30.0,1752242222573
0.0,0.0,11.374,30.0,1752242222828
0.0,0.0,10.292,30.0,1752242222922
0.0,0.0,9.345,30.0,1752242223030
0.0,0.0,8.481,30.0,1752242223141
0.0,0.0,7.753,30.0,1752242223257
0.0,0.0,7.024,30.0,1752242223368
0.0,0.0,6.327,30.0,1752242223524
0.0,0.0,5.422,30.0,1752242223620
0.0,0.0,6.212,30.0,1752242223729
0.0,0.0,7.003,30.0,1752242224013
0.0,0.0,7.982,30.0,1752242224202
0.0,0.0,8.918,30.0,1752242224384
0.0,0.0,9.72,30.0,1752242224449
0.0,0.0,10.604,30.0,1752242224590
0.0,0.0,11.322,30.0,1752242224672
0.0,0.0,12.092,30.0,1752242224814
0.0,0.0,12.321,30.0,1752242224896
0.0,0.0,12.321,30.0,1752242225038
0.0,0.0,12.155,30.0,1752242225120
0.0,0.0,12.061,30.0,1752242225266
0.0,0.0,11.302,30.0,1752242225422
0.0,0.0,10.438,30.0,1752242225574
0.0,0.0,9.751,30.0,1752242225638
0.0,0.0,9.241,30.0,1752242225780
0.0,0.0,8.689,30.0,1752242225861
0.0,0.0,8.034,30.0,1752242226005
0.0,0.0,7.513,30.0,1752242226083
0.0,0.0,6.879,30.0,1752242226224
0.0,0.0,6.712,30.0,1752242226309
0.0,0.0,6.868,30.0,1752242226449
0.0,0.0,7.035,30.0,1752242226527
0.0,0.0,7.087,29.8,1752242226697
0.0,0.0,7.128,29.8,1752242226778
0.0,0.0,7.388,29.8,1752242226917
0.0,0.0,7.503,29.8,1752242226992
0.0,0.0,7.295,29.8,1752242227214
0.0,0.0,7.149,29.8,1752242227279
0.0,0.0,7.17,29.8,1752242227557
0.0,0.0,6.91,29.8,1752242227621
0.0,0.0,6.941,29.8,1752242227840
0.0,0.0,6.785,29.8,1752242228009
0.0,0.0,6.577,29.8,1752242228183
0.0,0.0,6.317,29.8,1752242228361
0.0,0.0,6.088,29.8,1752242228455
0.0,0.0,5.765,29.8,1752242228561
0.0,0.0,5.515,29.8,1752242228668
0.0,0.0,5.297,29.8,1752242228777
0.0,0.0,5.099,29.8,1752242228887
0.0,0.0,4.87,29.8,1752242228995
0.0,0.0,4.527,29.8,1752242229109
0.0,0.0,4.37,29.8,1752242229275
0.0,0.0,4.194,29.8,1752242229421
0.0,0.0,4.079,29.8,1752242229486
0.0,0.0,4.079,29.8,1752242229702
0.0,0.0,3.996,29.8,1752242229735
0.0,0.0,3.84,29.8,1752242229872
0.0,0.0,3.746,29.8,1752242229951
31.70994758605957,-97.18805694580078,3.746,29.8,1752242230000
0.0,0.0,3.725,29.8,1752242230089
0.0,0.0,3.684,29.8,1752242230168
0.0,0.0,3.704,29.8,1752242230317
0.0,0.0,3.767,29.8,1752242230394
0.0,0.0,3.933,29.8,1752242230536
0.0,0.0,3.944,29.8,1752242230613
0.0,0.0,3.923,29.8,1752242230751
0.0,0.0,3.985,29.8,1752242230826
0.0,0.0,3.996,29.8,1752242230965
0.0,0.0,3.996,29.8,1752242231040
0.0,0.0,4.058,29.8,1752242231177
0.0,0.0,4.121,29.8,1752242231270
0.0,0.0,3.954,29.8,1752242231407
0.0,0.0,3.944,29.8,1752242231500
0.0,0.0,3.829,29.8,1752242231692
0.0,0.0,3.725,29.8,1752242231798
0.0,0.0,3.632,29.8,1752242231989
0.0,0.0,3.548,29.8,1752242232356
0.0,0.0,3.465,29.8,1752242232494
0.0,0.0,3.382,29.8,1752242232570
0.0,0.0,3.33,29.8,1752242232705
0.0,0.0,3.288,29.8,1752242232782
0.0,0.0,3.236,29.8,1752242232919
0.0,0.0,3.174,29.8,1752242232994
31.70994758605957,-97.18805694580078,3.174,29.8,1752242233000
0.0,0.0,3.215,29.8,1752242233132
0.0,0.0,3.278,29.8,1752242233216
0.0,0.0,3.34,29.8,1752242233352
0.0,0.0,3.351,29.8,1752242233428
0.0,0.0,3.382,29.8,1752242233565
0.0,0.0,3.434,29.8,1752242233640
0.0,0.0,3.465,29.8,1752242233775
0.0,0.0,3.517,29.8,1752242233850
0.0,0.0,3.475,29.8,1752242233991
0.0,0.0,3.403,29.8,1752242234068
0.0,0.0,3.361,29.8,1752242234205
0.0,0.0,3.392,29.8,1752242234314
0.0,0.0,3.351,29.8,1752242234504
0.0,0.0,3.299,29.8,1752242234609
0.0,0.0,3.236,29.8,1752242234859
0.0,0.0,3.215,29.8,1752242234949
31.70994758605957,-97.18804931640625,3.215,29.8,1752242235000
0.0,0.0,3.226,29.8,1752242235374
0.0,0.0,3.205,29.8,1752242235457
0.0,0.0,3.184,29.8,1752242235637
0.0,0.0,3.101,29.8,1752242235702
0.0,0.0,3.101,29.8,1752242235841
0.0,0.0,3.101,29.8,1752242235916
0.0,0.0,3.09,29.8,1752242236092
0.0,0.0,3.038,29.8,1752242236256
0.0,0.0,3.018,29.8,1752242236332
0.0,0.0,3.028,29.8,1752242236523
0.0,0.0,3.049,29.8,1752242236628
0.0,0.0,3.049,29.8,1752242236817
0.0,0.0,3.028,29.8,1752242236919
31.70994758605957,-97.18804931640625,3.028,29.8,1752242237000
0.0,0.0,2.986,29.8,1752242237354
0.0,0.0,2.986,29.8,1752242237433
0.0,0.0,3.018,29.8,1752242237571
0.0,0.0,2.986,29.8,1752242237646
0.0,0.0,2.986,29.8,1752242237857
0.0,0.0,2.976,29.8,1752242237921
0.0,0.0,2.965,29.8,1752242238057
0.0,0.0,2.986,29.8,1752242238133
0.0,0.0,2.965,29.8,1752242238287
0.0,0.0,2.955,29.8,1752242238392
0.0,0.0,2.924,29.8,1752242238576
0.0,0.0,2.882,29.8,1752242238832
0.0,0.0,2.924,29.8,1752242238919
0.0,0.0,2.913,29.8,1752242239335
0.0,0.0,2.882,29.8,1752242239414
0.0,0.0,2.882,29.8,1752242239548
0.0,0.0,2.882,29.8,1752242239623
0.0,0.0,2.872,29.8,1752242239759
0.0,0.0,2.903,29.8,1752242239834
0.0,0.0,2.955,29.8,1752242239969
31.709941864013672,-97.18804168701172,2.955,29.8,1752242240000
0.0,0.0,2.955,29.8,1752242240044
0.0,0.0,2.934,29.8,1752242240193
0.0,0.0,3.007,29.8,1752242240277
0.0,0.0,3.028,29.8,1752242240490
0.0,0.0,2.997,29.8,1752242240552
0.0,0.0,3.049,29.8,1752242240689
0.0,0.0,3.07,29.8,1752242240764
0.0,0.0,3.08,29.8,1752242240903
0.0,0.0,3.09,29.8,1752242240983
0.0,0.0,3.09,29.8,1752242241122
0.0,0.0,3.101,29.8,1752242241204
0.0,0.0,3.007,29.8,1752242241481
0.0,0.0,3.028,29.8,1752242241569
0.0,0.0,3.038,29.8,1752242241756
0.0,0.0,2.986,29.8,1752242241861
31.709936141967773,-97.18803405761719,2.997,29.8,1752242242000
0.0,0.0,2.997,29.8,1752242242044
0.0,0.0,3.028,29.8,1752242242395
0.0,0.0,3.028,29.8,1752242242614
0.0,0.0,3.007,29.8,1752242242677
0.0,0.0,3.07,29.8,1752242242813
0.0,0.0,3.101,29.8,1752242242889
0.0,0.0,3.122,29.8,1752242243027
0.0,0.0,3.09,29.8,1752242243103
0.0,0.0,3.205,29.8,1752242243261
0.0,0.0,3.163,29.8,1752242243368
0.0,0.0,3.215,29.8,1752242243665
0.0,0.0,3.236,29.8,1752242243753
0.0,0.0,3.205,29.8,1752242243936
31.709932327270508,-97.18803405761719,3.205,29.8,1752242244000
0.0,0.0,3.236,29.8,1752242244289
0.0,0.0,3.257,29.8,1752242244431
0.0,0.0,3.309,29.8,1752242244506
0.0,0.0,3.257,29.8,1752242244643
0.0,0.0,3.236,29.8,1752242244719
0.0,0.0,3.257,29.8,1752242244854
0.0,0.0,3.236,29.8,1752242244933
0.0,0.0,3.246,29.8,1752242245148
0.0,0.0,3.309,29.8,1752242245222
0.0,0.0,3.319,29.8,1752242245488
0.0,0.0,3.34,29.8,1752242245576
0.0,0.0,3.423,29.8,1752242245767
0.0,0.0,3.392,29.8,1752242245873
31.709928512573242,-97.18803405761719,3.392,29.8,1752242246000
0.0,0.0,3.371,29.8,1752242246411
0.0,0.0,3.351,29.8,1752242246723
0.0,0.0,3.486,29.8,1752242246787
0.0,0.0,3.517,29.8,1752242246925
0.0,0.0,3.6,29.8,1752242247001
0.0,0.0,3.663,29.8,1752242247136
0.0,0.0,3.725,29.8,1752242247231
0.0,0.0,3.684,29.8,1752242247415
0.0,0.0,3.704,29.8,1752242247524
0.0,0.0,3.788,29.8,1752242247713
0.0,0.0,3.808,29.8,1752242247820
31.709922790527344,-97.18802642822266,3.944,29.8,1752242248000
0.0,0.0,3.944,29.8,1752242248032
0.0,0.0,4.069,29.8,1752242248341
0.0,0.0,4.079,29.8,1752242248480
0.0,0.0,3.954,29.8,1752242248557
0.0,0.0,3.975,29.8,1752242248696
0.0,0.0,3.954,29.8,1752242248775
0.0,0.0,3.923,29.8,1752242248913
0.0,0.0,3.892,29.8,1752242248989
0.0,0.0,3.965,29.8,1752242249210
0.0,0.0,3.965,29.8,1752242249389
0.0,0.0,3.85,29.8,1752242249477
0.0,0.0,3.756,29.8,1752242249672
0.0,0.0,3.663,29.8,1752242249779
0.0,0.0,3.569,29.8,1752242249966
0.0,0.0,3.611,29.8,1752242250073
0.0,0.0,3.632,29.8,1752242250490
0.0,0.0,3.632,29.8,1752242250572
0.0,0.0,3.59,29.8,1752242250711
0.0,0.0,3.6,30.0,1752242250787
0.0,0.0,3.621,30.0,1752242250955
31.709911346435547,-97.18802642822266,3.59,30.0,1752242251000
0.0,0.0,3.59,30.0,1752242251031
0.0,0.0,3.59,30.0,1752242251169
0.0,0.0,3.6,30.0,1752242251255
0.0,0.0,3.642,30.0,1752242251394
0.0,0.0,3.684,30.0,1752242251579
0.0,0.0,3.663,30.0,1752242251784
0.0,0.0,3.632,30.0,1752242251955
0.0,0.0,3.59,30.0,1752242252022
0.0,0.0,3.6,30.0,1752242252159
0.0,0.0,3.652,30.0,1752242252260
0.0,0.0,3.621,30.0,1752242252642
0.0,0.0,3.59,30.0,1752242252731
0.0,0.0,3.559,30.0,1752242252922
31.70990753173828,-97.18802642822266,3.559,30.0,1752242253000
0.0,0.0,3.6,30.0,1752242253269
0.0,0.0,3.632,30.0,1752242253491
0.0,0.0,3.725,30.0,1752242253554
0.0,0.0,3.756,30.0,1752242253695
0.0,0.0,3.829,30.0,1752242253881
0.0,0.0,3.861,30.0,1752242253948
0.0,0.0,3.944,30.0,1752242254086
0.0,0.0,4.017,30.0,1752242254162
0.0,0.0,4.079,30.0,1752242254327
0.0,0.0,4.173,30.0,1752242254434
0.0,0.0,4.256,30.0,1752242254627
0.0,0.0,4.36,30.0,1752242254736
0.0,0.0,4.381,30.0,1752242254930
31.70990753173828,-97.18802642822266,4.381,30.0,1752242255000
0.0,0.0,4.443,30.0,1752242255080
0.0,0.0,4.433,30.0,1752242255439
0.0,0.0,4.506,30.0,1752242255515
0.0,0.0,4.485,30.0,1752242255650
0.0,0.0,4.568,30.0,1752242255729
0.0,0.0,4.537,30.0,1752242255865
0.0,0.0,4.527,30.0,1752242255947
0.0,0.0,4.527,30.0,1752242256087
0.0,0.0,4.516,30.0,1752242256163
0.0,0.0,4.495,30.0,1752242256334
0.0,0.0,4.495,30.0,1752242256434
0.0,0.0,4.516,30.0,1752242256625
0.0,0.0,4.506,30.0,1752242256735
0.0,0.0,4.558,30.0,1752242256919
31.709903717041016,-97.18802642822266,4.537,30.0,1752242257000
0.0,0.0,4.537,30.0,1752242257061
0.0,0.0,4.568,30.0,1752242257423
0.0,0.0,4.568,30.0,1752242257499
0.0,0.0,4.599,30.0,1752242257635
0.0,0.0,4.641,30.0,1752242257711
0.0,0.0,4.662,30.0,1752242257846
0.0,0.0,4.693,30.0,1752242257926
0.0,0.0,4.693,30.0,1752242258062
0.0,0.0,4.735,30.0,1752242258138
0.0,0.0,4.735,30.0,1752242258299
0.0,0.0,4.766,30.0,1752242258405
0.0,0.0,4.766,30.0,1752242258594
0.0,0.0,4.766,30.0,1752242258704
0.0,0.0,4.766,30.0,1752242258895
0.0,0.0,4.766,30.0,1752242258993
31.709897994995117,-97.18801879882812,4.766,30.0,1752242259000
0.0,0.0,4.766,30.0,1752242259402
0.0,0.0,4.766,30.0,1752242259479
0.0,0.0,4.766,30.0,1752242259614
0.0,0.0,4.766,30.0,1752242259692
0.0,0.0,4.756,30.0,1752242259829
0.0,0.0,4.745,30.0,1752242259909
0.0,0.0,4.745,30.0,1752242260045
0.0,0.0,4.745,30.0,1752242260122
0.0,0.0,4.745,30.0,1752242260291
0.0,0.0,4.745,30.0,1752242260394
0.0,0.0,4.735,30.0,1752242260584
0.0,0.0,4.745,30.0,1752242260693
0.0,0.0,4.745,30.0,1752242260877
31.70989418029785,-97.18801879882812,4.745,30.0,1752242261000
0.0,0.0,4.745,30.0,1752242261018
0.0,0.0,4.745,30.0,1752242261375
0.0,0.0,4.745,30.0,1752242261452
0.0,0.0,4.745,30.0,1752242261588
0.0,0.0,4.745,30.0,1752242261664
0.0,0.0,4.745,30.0,1752242261801
0.0,0.0,4.735,30.0,1752242261878
0.0,0.0,4.735,30.0,1752242262018
0.0,0.0,4.735,30.0,1752242262094
0.0,0.0,4.735,30.0,1752242262254
0.0,0.0,4.735,30.0,1752242262364
0.0,0.0,4.745,30.0,1752242262553
0.0,0.0,4.735,30.0,1752242262663
0.0,0.0,4.735,30.0,1752242262853
31.709888458251953,-97.18801879882812,4.735,30.0,1752242263000
0.0,0.0,4.735,30.0,1752242263216
0.0,0.0,4.745,30.0,1752242263360
0.0,0.0,4.745,30.0,1752242263436
0.0,0.0,4.756,30.0,1752242263572
0.0,0.0,4.756,30.0,1752242263651
0.0,0.0,4.756,30.0,1752242263788
0.0,0.0,4.756,30.0,1752242263865
0.0,0.0,4.756,30.0,1752242264005
0.0,0.0,4.756,30.0,1752242264082
0.0,0.0,4.756,30.0,1752242264246
0.0,0.0,4.756,30.0,1752242264360
0.0,0.0,4.756,30.0,1752242264549
0.0,0.0,4.766,30.0,1752242264657
0.0,0.0,4.756,30.0,1752242264847
31.709884643554688,-97.1880111694336,4.756,30.0,1752242265000
0.0,0.0,4.766,30.0,1752242265223
0.0,0.0,4.756,30.0,1752242265368
0.0,0.0,4.766,30.0,1752242265444
0.0,0.0,4.756,30.0,1752242265582
0.0,0.0,4.756,30.0,1752242265659
0.0,0.0,4.745,30.0,1752242265796
0.0,0.0,4.745,30.0,1752242265872
0.0,0.0,4.745,30.0,1752242266013
0.0,0.0,4.745,30.0,1752242266089
0.0,0.0,4.756,30.0,1752242266251
0.0,0.0,4.756,30.0,1752242266363
0.0,0.0,4.756,30.0,1752242266556
0.0,0.0,4.766,30.0,1752242266663
0.0,0.0,4.766,30.0,1752242266853
31.709880828857422,-97.1880111694336,4.766,30.0,1752242267000
0.0,0.0,4.745,30.0,1752242267212
0.0,0.0,4.756,30.0,1752242267358
0.0,0.0,4.756,30.0,1752242267435
0.0,0.0,4.756,30.0,1752242267574
0.0,0.0,4.745,30.0,1752242267651
0.0,0.0,4.745,30.0,1752242267788
0.0,0.0,4.745,30.0,1752242267867
0.0,0.0,4.745,30.0,1752242268008
0.0,0.0,4.745,30.0,1752242268085
0.0,0.0,4.735,30.0,1752242268246
0.0,0.0,4.735,30.0,1752242268359
0.0,0.0,4.735,30.0,1752242268551
0.0,0.0,4.735,30.0,1752242268658
0.0,0.0,4.735,30.0,1752242268843
0.0,0.0,4.735,30.0,1752242269210
0.0,0.0,4.735,30.0,1752242269356
0.0,0.0,4.735,30.0,1752242269433
0.0,0.0,4.735,30.0,1752242269572
0.0,0.0,4.735,30.0,1752242269649
0.0,0.0,4.724,30.0,1752242269788
0.0,0.0,4.724,30.0,1752242269864
31.709877014160156,-97.1880111694336,4.724,30.0,1752242270000
0.0,0.0,4.724,30.0,1752242270002
0.0,0.0,4.724,30.0,1752242270082
0.0,0.0,4.724,30.0,1752242270223
0.0,0.0,4.714,30.0,1752242270307
0.0,0.0,4.714,30.0,1752242270447
0.0,0.0,4.703,30.0,1752242270525
0.0,0.0,4.703,30.0,1752242270663
0.0,0.0,4.703,30.0,1752242270740
0.0,0.0,4.693,30.0,1752242270878
0.0,0.0,4.693,30.0,1752242270955
31.709871292114258,-97.18800354003906,4.693,30.0,1752242271000
0.0,0.0,4.693,30.0,1752242271092
0.0,0.0,4.693,30.0,1752242271172
0.0,0.0,4.683,30.0,1752242271345
0.0,0.0,4.683,30.0,1752242271453
0.0,0.0,4.683,30.0,1752242271645
0.0,0.0,4.651,30.0,1752242271758
0.0,0.0,4.631,30.0,1752242271944
0.0,0.0,4.631,30.0,1752242272086
0.0,0.0,4.62,30.0,1752242272494
0.0,0.0,4.62,30.0,1752242272562
0.0,0.0,4.62,30.0,1752242272754
0.0,0.0,4.62,30.0,1752242272860
31.709867477416992,-97.18799591064453,4.61,30.0,1752242273000
0.0,0.0,4.61,30.0,1752242273046
0.0,0.0,4.599,30.0,1752242273152
0.0,0.0,4.61,30.0,1752242273596
0.0,0.0,4.599,30.0,1752242273673
0.0,0.0,4.599,30.0,1752242273885
0.0,0.0,4.61,30.0,1752242273984
0.0,0.0,4.61,30.0,1752242274060
0.0,0.0,4.599,30.0,1752242274259
0.0,0.0,4.558,30.0,1752242274324
0.0,0.0,4.558,30.0,1752242274511
0.0,0.0,4.527,30.0,1752242274719
0.0,0.0,4.516,30.0,1752242274857
0.0,0.0,4.516,30.0,1752242274964
31.709867477416992,-97.18799591064453,4.516,30.0,1752242275000
0.0,0.0,4.495,30.0,1752242275388
0.0,0.0,4.495,30.0,1752242275476
0.0,0.0,4.485,30.0,1752242275611
0.0,0.0,4.443,30.0,1752242275761
0.0,0.0,4.464,30.0,1752242275827
0.0,0.0,4.433,30.0,1752242275965
31.709863662719727,-97.18799591064453,4.433,30.0,1752242276000
0.0,0.0,4.391,30.0,1752242276042
0.0,0.0,4.443,30.0,1752242276180
0.0,0.0,4.402,30.0,1752242276277
0.0,0.0,4.412,30.0,1752242276460
0.0,0.0,4.402,30.0,1752242276567
0.0,0.0,4.381,30.0,1752242276757
0.0,0.0,4.402,30.0,1752242276864
0.0,0.0,4.37,30.0,1752242277078
0.0,0.0,4.329,30.0,1752242277388
0.0,0.0,4.318,30.0,1752242277532
0.0,0.0,4.246,30.0,1752242277637
0.0,0.0,4.225,30.0,1752242277830
0.0,0.0,4.214,30.0,1752242277939
0.0,0.0,4.131,30.0,1752242278123
0.0,0.0,4.11,30.0,1752242278239
0.0,0.0,4.048,30.0,1752242278643
0.0,0.0,4.017,30.0,1752242278719
0.0,0.0,3.965,30.0,1752242278854
0.0,0.0,3.902,30.0,1752242278929
31.709863662719727,-97.18798828125,3.881,30.0,1752242279000
0.0,0.0,3.881,30.0,1752242279064
0.0,0.0,3.871,30.0,1752242279139
0.0,0.0,3.84,30.0,1752242279280
0.0,0.0,3.829,30.0,1752242279358
0.0,0.0,3.808,30.0,1752242279491
0.0,0.0,3.767,30.0,1752242279564
0.0,0.0,3.756,30.0,1752242279696
0.0,0.0,3.725,30.0,1752242279769
0.0,0.0,3.684,30.0,1752242279902
0.0,0.0,3.673,30.0,1752242279976
31.709861755371094,-97.18798828125,3.673,30.0,1752242280000
0.0,0.0,3.663,30.0,1752242280108
0.0,0.0,3.621,30.0,1752242280187
0.0,0.0,3.611,30.0,1752242280347
0.0,0.0,3.569,30.0,1752242280449
0.0,0.0,3.527,30.0,1752242280634
0.0,0.0,3.496,30.0,1752242280740
0.0,0.0,3.465,30.0,1752242280924
0.0,0.0,3.403,30.0,1752242281033
0.0,0.0,3.361,30.0,1752242281444
0.0,0.0,3.34,30.0,1752242281526
0.0,0.0,3.319,30.0,1752242281697
0.0,0.0,3.257,30.0,1752242281800
0.0,0.0,3.236,30.0,1752242281977
0.0,0.0,3.226,30.0,1752242282079
0.0,0.0,3.174,30.0,1752242282268
0.0,0.0,3.163,30.0,1752242282607
0.0,0.0,3.153,30.0,1752242282737
0.0,0.0,3.132,30.0,1752242282809
0.0,0.0,3.101,30.0,1752242282944
31.709856033325195,-97.18798828125,3.101,30.0,1752242283000
0.0,0.0,3.101,30.0,1752242283017
0.0,0.0,3.101,30.0,1752242283146
0.0,0.0,3.07,30.0,1752242283231
0.0,0.0,3.038,30.0,1752242283359
0.0,0.0,3.049,30.0,1752242283430
0.0,0.0,3.038,30.0,1752242283562
0.0,0.0,3.028,30.0,1752242283633
0.0,0.0,3.018,30.0,1752242283766
0.0,0.0,3.007,30.0,1752242283838
0.0,0.0,2.997,30.0,1752242283968
31.709854125976562,-97.18798828125,2.997,30.0,1752242284000
0.0,0.0,2.965,30.0,1752242284039
0.0,0.0,2.955,30.0,1752242284178
0.0,0.0,2.913,30.0,1752242284268
0.0,0.0,2.893,30.0,1752242284446
0.0,0.0,2.861,30.0,1752242284550
0.0,0.0,2.83,30.0,1752242284735
0.0,0.0,2.83,30.0,1752242284837
0.0,0.0,2.789,30.0,1752242285021
0.0,0.0,2.737,30.0,1752242285370
0.0,0.0,2.726,30.0,1752242285510
0.0,0.0,2.726,30.0,1752242285608
0.0,0.0,2.674,30.0,1752242285783
0.0,0.0,2.643,30.0,1752242285885
0.0,0.0,2.622,30.0,1752242286071
0.0,0.0,2.591,30.0,1752242286178
0.0,0.0,2.539,30.0,1752242286581
0.0,0.0,2.518,30.0,1752242286652
0.0,0.0,2.497,30.0,1752242286786
0.0,0.0,2.445,30.0,1752242286857
0.0,0.0,2.414,30.0,1752242286989
31.709848403930664,-97.18798828125,2.414,30.0,1752242287000
0.0,0.0,2.393,30.0,1752242287061
0.0,0.0,2.372,30.0,1752242287200
0.0,0.0,2.32,30.0,1752242287279
0.0,0.0,2.279,30.0,1752242287409
0.0,0.0,2.258,30.0,1752242287480
0.0,0.0,2.258,30.0,1752242287611
0.0,0.0,2.227,30.0,1752242287683
0.0,0.0,2.216,30.0,1752242287813
0.0,0.0,2.195,30.0,1752242287885
31.709842681884766,-97.18798065185547,2.185,30.0,1752242288000
0.0,0.0,2.185,30.0,1752242288017
0.0,0.0,2.185,30.0,1752242288089
0.0,0.0,2.164,30.0,1752242288262
0.0,0.0,2.133,30.0,1752242288367
0.0,0.0,2.123,30.0,1752242288544
0.0,0.0,2.123,30.0,1752242288645
0.0,0.0,2.091,30.0,1752242288829
0.0,0.0,2.07,30.0,1752242288925
0.0,0.0,2.06,30.0,1752242289334
0.0,0.0,2.05,30.0,1752242289405
0.0,0.0,2.008,30.0,1752242289545
0.0,0.0,1.977,30.0,1752242289638
0.0,0.0,1.977,30.0,1752242289818
0.0,0.0,1.935,30.0,1752242289920
31.7098388671875,-97.18798065185547,1.935,30.0,1752242290000
0.0,0.0,1.904,30.0,1752242290104
0.0,0.0,1.914,30.0,1752242290217
0.0,0.0,1.894,30.0,1752242290636
0.0,0.0,1.894,30.0,1752242290678
0.0,0.0,1.883,30.0,1752242290810
0.0,0.0,1.862,30.0,1752242290881
0.0,0.0,1.842,30.0,1752242291014
0.0,0.0,1.821,30.0,1752242291086
0.0,0.0,1.831,30.0,1752242291239
0.0,0.0,1.862,30.0,1752242291338
0.0,0.0,1.852,30.0,1752242291545
0.0,0.0,1.842,30.0,1752242291645
0.0,0.0,1.831,30.0,1752242291826
0.0,0.0,1.821,30.0,1752242291929
31.7098331451416,-97.18798065185547,1.821,30.0,1752242292000
0.0,0.0,1.79,30.0,1752242292347
0.0,0.0,1.79,30.0,1752242292420
0.0,0.0,1.79,30.0,1752242292554
0.0,0.0,1.769,30.0,1752242292699
0.0,0.0,1.769,30.0,1752242292767
0.0,0.0,1.779,30.0,1752242292904
0.0,0.0,1.769,30.0,1752242292979
0.0,0.0,1.769,30.0,1752242293113
0.0,0.0,1.758,30.0,1752242293193
0.0,0.0,1.737,30.0,1752242293340
0.0,0.0,1.758,30.0,1752242293438
0.0,0.0,1.758,30.0,1752242293623
0.0,0.0,1.779,30.0,1752242293730
0.0,0.0,1.779,30.0,1752242293916
0.0,0.0,1.79,30.0,1752242294021
0.0,0.0,1.821,30.0,1752242294438
0.0,0.0,1.81,30.0,1752242294517
0.0,0.0,1.81,30.0,1752242294579
0.0,0.0,1.821,30.0,1752242294653
0.0,0.0,1.821,30.0,1752242294783
0.0,0.0,1.831,30.0,1752242294854
0.0,0.0,1.862,30.0,1752242294986
31.70982551574707,-97.18797302246094,1.862,30.0,1752242295000
0.0,0.0,1.862,30.0,1752242295059
0.0,0.0,1.862,30.0,1752242295199
0.0,0.0,1.873,30.0,1752242295280
0.0,0.0,1.883,30.0,1752242295410
0.0,0.0,1.894,30.0,1752242295480
0.0,0.0,1.883,30.0,1752242295616
0.0,0.0,1.894,30.0,1752242295687
0.0,0.0,1.894,30.0,1752242295817
0.0,0.0,1.925,30.0,1752242295888
0.0,0.0,1.925,30.0,1752242296022
0.0,0.0,1.946,30.0,1752242296095
0.0,0.0,1.946,30.0,1752242296255
0.0,0.0,1.956,30.0,1752242296361
0.0,0.0,1.977,30.0,1752242296535
0.0,0.0,1.966,30.0,1752242296635
0.0,0.0,1.966,30.0,1752242296817
0.0,0.0,1.987,30.0,1752242296918
31.709819793701172,-97.18797302246094,1.987,30.0,1752242297000
0.0,0.0,1.998,30.0,1752242297337
0.0,0.0,1.987,30.0,1752242297418
0.0,0.0,2.008,30.0,1752242297548
0.0,0.0,1.998,30.0,1752242297622
0.0,0.0,1.987,30.0,1752242297753
0.0,0.0,1.987,30.0,1752242297825
0.0,0.0,1.987,30.0,1752242297958
0.0,0.0,1.987,30.0,1752242298033
0.0,0.0,1.998,30.0,1752242298130
0.0,0.0,1.998,30.0,1752242298223
0.0,0.0,2.018,30.0,1752242298388
0.0,0.0,2.018,30.0,1752242298492
0.0,0.0,2.008,30.0,1752242298676
0.0,0.0,2.039,30.0,1752242298783
0.0,0.0,2.039,30.0,1752242298958
31.709814071655273,-97.18797302246094,2.039,30.0,1752242299000
0.0,0.0,2.039,30.0,1752242299316
0.0,0.0,2.07,30.0,1752242299449
0.0,0.0,2.06,30.0,1752242299524
0.0,0.0,2.091,30.0,1752242299657
0.0,0.0,2.102,30.0,1752242299734
0.0,0.0,2.112,30.0,1752242299866
0.0,0.0,2.154,30.0,1752242299946
0.0,0.0,2.164,30.0,1752242300079
0.0,0.0,2.185,30.0,1752242300161
0.0,0.0,2.185,30.0,1752242300313
0.0,0.0,2.164,30.0,1752242300416
0.0,0.0,2.195,30.0,1752242300598
0.0,0.0,2.216,30.0,1752242300656
0.0,0.0,2.227,30.0,1752242300841
0.0,0.0,2.247,30.0,1752242300942
31.709810256958008,-97.18797302246094,2.247,30.0,1752242301000
0.0,0.0,2.227,30.0,1752242301363
0.0,0.0,2.237,30.0,1752242301413
0.0,0.0,2.258,30.0,1752242301543
0.0,0.0,2.258,30.0,1752242301617
0.0,0.0,2.279,30.0,1752242301750
0.0,0.0,2.289,30.0,1752242301828
0.0,0.0,2.32,30.0,1752242301960
0.0,0.0,2.351,30.0,1752242302034
0.0,0.0,2.32,30.0,1752242302168
0.0,0.0,2.31,30.0,1752242302262
0.0,0.0,2.341,30.0,1752242302438
0.0,0.0,2.351,30.0,1752242302542
0.0,0.0,2.372,30.0,1752242302728
0.0,0.0,2.404,30.0,1752242302834
31.709806442260742,-97.1879653930664,2.404,30.0,1752242303000
0.0,0.0,2.404,30.0,1752242303005
0.0,0.0,2.424,30.0,1752242303359
0.0,0.0,2.424,30.0,1752242303487
0.0,0.0,2.445,30.0,1752242303564
0.0,0.0,2.476,30.0,1752242303697
0.0,0.0,2.476,30.0,1752242303777
0.0,0.0,2.497,30.0,1752242303914
0.0,0.0,2.518,30.0,1752242303990
0.0,0.0,2.518,30.0,1752242304123
0.0,0.0,2.518,30.0,1752242304208
0.0,0.0,2.528,30.0,1752242304350
0.0,0.0,2.518,30.0,1752242304450
0.0,0.0,2.528,30.0,1752242304634
0.0,0.0,2.518,30.0,1752242304740
0.0,0.0,2.508,30.0,1752242304924
31.709802627563477,-97.1879653930664,2.487,30.0,1752242305000
0.0,0.0,2.487,30.0,1752242305031
0.0,0.0,2.466,30.0,1752242305448
0.0,0.0,2.466,30.0,1752242305530
0.0,0.0,2.456,30.0,1752242305666
0.0,0.0,2.435,30.0,1752242305743
0.0,0.0,2.424,30.0,1752242305879
0.0,0.0,2.404,30.0,1752242305955
0.0,0.0,2.383,30.0,1752242306088
0.0,0.0,2.372,30.0,1752242306131
0.0,0.0,2.383,30.0,1752242306282
0.0,0.0,2.383,30.0,1752242306432
0.0,0.0,2.404,30.0,1752242306577
0.0,0.0,2.414,30.0,1752242306679
0.0,0.0,2.435,30.0,1752242306868
0.0,0.0,2.435,30.0,1752242306976
31.709800720214844,-97.1879653930664,2.435,30.0,1752242307000
0.0,0.0,2.435,30.0,1752242307394
0.0,0.0,2.445,30.0,1752242307467
0.0,0.0,2.456,30.0,1752242307605
0.0,0.0,2.456,30.0,1752242307682
0.0,0.0,2.456,30.0,1752242307816
0.0,0.0,2.476,30.0,1752242307887
0.0,0.0,2.445,30.0,1752242308018
0.0,0.0,2.466,30.0,1752242308095
0.0,0.0,2.466,30.0,1752242308252
0.0,0.0,2.456,30.0,1752242308311
0.0,0.0,2.445,30.0,1752242308496
0.0,0.0,2.435,30.0,1752242308601
0.0,0.0,2.414,30.0,1752242308784
0.0,0.0,2.424,30.0,1752242308888
31.709796905517578,-97.18795776367188,2.424,30.0,1752242309000
0.0,0.0,2.414,30.0,1752242309311
0.0,0.0,2.414,30.0,1752242309392
0.0,0.0,2.414,30.0,1752242309523
0.0,0.0,2.414,30.0,1752242309570
0.0,0.0,2.414,30.0,1752242309704
0.0,0.0,2.393,30.0,1752242309746
0.0,0.0,2.393,30.0,1752242309876
0.0,0.0,2.383,30.0,1752242309919
0.0,0.0,2.393,30.0,1752242310054
0.0,0.0,2.393,30.0,1752242310130
0.0,0.0,2.404,30.0,1752242310282
0.0,0.0,2.383,30.0,1752242310389
0.0,0.0,2.383,30.0,1752242310572
0.0,0.0,2.393,30.0,1752242310673
0.0,0.0,2.393,30.0,1752242310811
0.0,0.0,2.393,30.0,1752242310917
31.709793090820312,-97.18795776367188,2.393,30.0,1752242311000
0.0,0.0,2.383,30.0,1752242311340
0.0,0.0,2.383,30.0,1752242311427
0.0,0.0,2.362,30.0,1752242311561
0.0,0.0,2.341,30.0,1752242311636
0.0,0.0,2.351,30.0,1752242311771
0.0,0.0,2.351,30.0,1752242311847
0.0,0.0,2.341,30.0,1752242311980
0.0,0.0,2.351,30.0,1752242312052
0.0,0.0,2.341,30.0,1752242312179
0.0,0.0,2.31,30.0,1752242312271
0.0,0.0,2.31,30.0,1752242312443
0.0,0.0,2.289,30.0,1752242312544
0.0,0.0,2.289,30.0,1752242312728
0.0,0.0,2.279,30.0,1752242312830
31.709789276123047,-97.18795776367188,2.289,30.0,1752242313000
0.0,0.0,2.289,30.0,1752242313009
0.0,0.0,2.289,30.0,1752242313355
0.0,0.0,2.268,30.0,1752242313498
0.0,0.0,2.268,30.0,1752242313573
0.0,0.0,2.247,30.0,1752242313706
0.0,0.0,2.237,30.0,1752242313783
0.0,0.0,2.247,30.0,1752242313917
0.0,0.0,2.247,30.0,1752242313994
0.0,0.0,2.227,30.0,1752242314125
0.0,0.0,2.227,30.0,1752242314208
0.0,0.0,2.227,30.0,1752242314352
0.0,0.0,2.227,30.0,1752242314460
0.0,0.0,2.227,30.0,1752242314642
0.0,0.0,2.216,30.0,1752242314751
0.0,0.0,2.227,30.0,1752242314938
0.0,0.0,2.216,30.0,1752242314997
31.70978546142578,-97.18795013427734,2.216,30.0,1752242315000
0.0,0.0,2.216,30.0,1752242315430
0.0,0.0,2.216,30.0,1752242315513
0.0,0.0,2.206,30.0,1752242315643
0.0,0.0,2.206,30.0,1752242315720
0.0,0.0,2.216,30.0,1752242315852
0.0,0.0,2.227,30.0,1752242315929
31.709781646728516,-97.18795013427734,2.206,30.0,1752242316000
0.0,0.0,2.206,30.0,1752242316064
0.0,0.0,2.185,30.0,1752242316139
0.0,0.0,2.175,30.0,1752242316256
0.0,0.0,2.175,30.0,1752242316343
0.0,0.0,2.164,30.0,1752242316527
0.0,0.0,2.175,30.0,1752242316633
0.0,0.0,2.164,30.0,1752242316817
0.0,0.0,2.154,30.0,1752242316922
0.0,0.0,2.154,30.0,1752242317342
0.0,0.0,2.143,30.0,1752242317426
0.0,0.0,2.133,30.0,1752242317574
0.0,0.0,2.143,30.0,1752242317682
0.0,0.0,2.154,30.0,1752242317866
0.0,0.0,2.154,30.0,1752242317973
0.0,0.0,2.143,30.0,1752242318149
0.0,0.0,2.133,30.0,1752242318266
0.0,0.0,2.123,30.0,1752242318668
0.0,0.0,2.112,30.0,1752242318741
0.0,0.0,2.123,30.0,1752242318872
0.0,0.0,2.112,30.0,1752242318948
31.70977783203125,-97.18795013427734,2.112,30.0,1752242319000
0.0,0.0,2.112,30.0,1752242319080
0.0,0.0,2.123,30.0,1752242319155
0.0,0.0,2.123,30.0,1752242319308
0.0,0.0,2.112,30.0,1752242319384
0.0,0.0,3.548,29.6,1752242366660
0.0,0.0,3.569,29.6,1752242366958
0.0,0.0,3.663,29.6,1752242367140
0.0,0.0,3.684,29.6,1752242367278
0.0,0.0,3.756,29.6,1752242367420
0.0,0.0,3.777,29.6,1752242367560
0.0,0.0,3.861,29.6,1752242368015
0.0,0.0,3.902,29.6,1752242368106
0.0,0.0,3.954,29.6,1752242368210
0.0,0.0,3.975,29.6,1752242368314
0.0,0.0,4.017,29.6,1752242368416
0.0,0.0,4.069,29.6,1752242368515
0.0,0.0,4.152,29.6,1752242368618
0.0,0.0,4.141,29.6,1752242368719
0.0,0.0,4.152,29.6,1752242368823
0.0,0.0,4.214,29.6,1752242368923
0.0,0.0,4.214,29.6,1752242369025
0.0,0.0,4.235,29.6,1752242369125
0.0,0.0,4.225,29.6,1752242369232
0.0,0.0,4.235,29.8,1752242369388
0.0,0.0,4.214,29.8,1752242369462
0.0,0.0,4.277,29.8,1752242369590
0.0,0.0,4.329,29.8,1752242369661
0.0,0.0,4.329,29.8,1752242369793
0.0,0.0,4.298,29.8,1752242369893
0.0,0.0,4.308,29.8,1752242369996
0.0,0.0,4.329,29.8,1752242370097
0.0,0.0,4.287,29.8,1752242370200
0.0,0.0,4.318,29.8,1752242370343
0.0,0.0,4.36,29.8,1752242370435
0.0,0.0,4.381,29.8,1752242370575
0.0,0.0,4.402,29.8,1752242370669
0.0,0.0,4.454,29.8,1752242370775
0.0,0.0,4.412,29.8,1752242370875
0.0,0.0,4.35,29.8,1752242370980
0.0,0.0,4.35,29.8,1752242371080
0.0,0.0,4.381,29.8,1752242371180
0.0,0.0,4.402,29.8,1752242371293
0.0,0.0,4.412,29.8,1752242371395
0.0,0.0,4.485,29.8,1752242371496
0.0,0.0,4.485,29.8,1752242371600
0.0,0.0,4.454,29.8,1752242371701
0.0,0.0,4.506,29.8,1752242371802
0.0,0.0,4.527,29.8,1752242371905
0.0,0.0,4.527,29.8,1752242372009
0.0,0.0,4.61,29.8,1752242372110
0.0,0.0,4.672,29.8,1752242372217
0.0,0.0,4.672,29.8,1752242372322
0.0,0.0,4.683,29.8,1752242372426
0.0,0.0,4.745,29.8,1752242372526
0.0,0.0,4.766,29.8,1752242372631
0.0,0.0,4.776,29.8,1752242372733
0.0,0.0,4.86,29.8,1752242372834
0.0,0.0,4.891,29.8,1752242372936
0.0,0.0,4.901,29.8,1752242373041
0.0,0.0,4.922,29.8,1752242373142
0.0,0.0,4.922,29.8,1752242373254
0.0,0.0,4.932,29.8,1752242373354
0.0,0.0,4.932,29.8,1752242373460
0.0,0.0,4.974,29.8,1752242373559
0.0,0.0,4.953,29.8,1752242373659
0.0,0.0,4.943,29.8,1752242373764
0.0,0.0,4.953,29.8,1752242373866
0.0,0.0,4.943,29.8,1752242373969
0.0,0.0,4.943,29.8,1752242374074
0.0,0.0,4.964,29.8,1752242374174
0.0,0.0,4.964,29.8,1752242374288
0.0,0.0,4.974,29.8,1752242374389
0.0,0.0,4.995,29.8,1752242374489
0.0,0.0,5.026,29.8,1752242374592
0.0,0.0,5.026,29.8,1752242374694
0.0,0.0,5.016,29.8,1752242374794
0.0,0.0,5.036,29.8,1752242374897
0.0,0.0,5.057,29.8,1752242374997
31.70987892150879,-97.18817138671875,5.057,29.8,1752242375000
0.0,0.0,5.068,29.8,1752242375101
0.0,0.0,5.089,29.8,1752242375208
0.0,0.0,5.089,29.8,1752242375316
0.0,0.0,5.089,29.8,1752242375423
0.0,0.0,5.089,29.8,1752242375498
0.0,0.0,5.099,29.8,1752242375630
0.0,0.0,5.089,29.8,1752242375702
0.0,0.0,5.099,29.8,1752242375836
0.0,0.0,5.099,29.8,1752242375907
0.0,0.0,5.099,29.8,1752242376038
0.0,0.0,5.109,29.8,1752242376110
0.0,0.0,5.109,29.8,1752242376287
0.0,0.0,5.109,29.8,1752242376389
0.0,0.0,5.109,29.8,1752242376570
0.0,0.0,5.13,29.8,1752242376673
0.0,0.0,5.13,29.8,1752242376847
0.0,0.0,5.13,29.8,1752242376947
31.709884643554688,-97.18815612792969,5.13,29.8,1752242377000
0.0,0.0,5.141,29.8,1752242377361
0.0,0.0,5.13,29.8,1752242377444
0.0,0.0,5.141,29.8,1752242377572
0.0,0.0,5.141,29.8,1752242377643
0.0,0.0,5.13,29.8,1752242377777
0.0,0.0,5.13,29.8,1752242377848
0.0,0.0,5.13,29.8,1752242377978
0.0,0.0,5.13,29.8,1752242378048
0.0,0.0,5.13,29.8,1752242378178
0.0,0.0,5.12,29.8,1752242378268
0.0,0.0,5.109,30.0,1752242378486
0.0,0.0,5.109,30.0,1752242378591
0.0,0.0,5.109,30.0,1752242378771
0.0,0.0,5.12,30.0,1752242378871
31.70989418029785,-97.18814849853516,5.12,30.0,1752242379000
0.0,0.0,5.12,30.0,1752242379035
0.0,0.0,5.12,30.0,1752242379384
0.0,0.0,5.12,30.0,1752242379513
0.0,0.0,5.12,30.0,1752242379584
0.0,0.0,5.109,30.0,1752242379715
0.0,0.0,5.109,30.0,1752242379786
0.0,0.0,5.109,30.0,1752242379916
0.0,0.0,5.12,30.0,1752242379987
31.709897994995117,-97.18814086914062,5.12,30.0,1752242380000
0.0,0.0,5.109,30.0,1752242380122
0.0,0.0,5.109,30.0,1752242380203
0.0,0.0,5.109,30.0,1752242380351
0.0,0.0,5.099,30.0,1752242380453
0.0,0.0,5.099,30.0,1752242380628
0.0,0.0,5.109,30.0,1752242380729
0.0,0.0,5.109,30.0,1752242380909
0.0,0.0,5.109,30.0,1752242381013
0.0,0.0,5.13,30.0,1752242381467
0.0,0.0,5.13,30.0,1752242381535
0.0,0.0,5.13,30.0,1752242381710
0.0,0.0,5.151,30.0,1752242381811
0.0,0.0,5.141,30.0,1752242381992
0.0,0.0,5.141,30.0,1752242382092
0.0,0.0,5.141,30.0,1752242382525
0.0,0.0,5.141,30.0,1752242382596
0.0,0.0,5.141,30.0,1752242382727
0.0,0.0,5.13,30.0,1752242382799
0.0,0.0,5.141,30.0,1752242382927
0.0,0.0,5.151,30.0,1752242382997
31.70990753173828,-97.18814086914062,5.151,30.0,1752242383000
0.0,0.0,5.13,30.0,1752242383125
0.0,0.0,5.13,30.0,1752242383208
0.0,0.0,5.12,30.0,1752242383342
0.0,0.0,5.109,30.0,1752242383413
0.0,0.0,5.109,30.0,1752242383544
0.0,0.0,5.109,30.0,1752242383615
0.0,0.0,5.109,30.0,1752242383745
0.0,0.0,5.12,30.0,1752242383816
0.0,0.0,5.109,30.0,1752242383946
31.70991325378418,-97.18814086914062,5.12,30.0,1752242384000
0.0,0.0,5.12,30.0,1752242384018
0.0,0.0,5.109,30.0,1752242384148
0.0,0.0,5.089,30.0,1752242384238
0.0,0.0,5.089,30.0,1752242384411
0.0,0.0,5.089,30.0,1752242384511
0.0,0.0,5.089,30.0,1752242384689
0.0,0.0,5.078,30.0,1752242384795
0.0,0.0,5.068,30.0,1752242384964
0.0,0.0,5.057,30.0,1752242385303
0.0,0.0,5.057,30.0,1752242385432
0.0,0.0,5.057,30.0,1752242385511
0.0,0.0,5.057,30.0,1752242385684
0.0,0.0,5.057,30.0,1752242385787
0.0,0.0,5.068,30.0,1752242385966
31.709918975830078,-97.18811798095703,5.068,30.0,1752242386000
0.0,0.0,5.078,30.0,1752242386065
0.0,0.0,5.078,30.0,1752242386246
0.0,0.0,5.078,30.0,1752242386586
0.0,0.0,5.089,30.0,1752242386714
0.0,0.0,5.099,30.0,1752242386785
0.0,0.0,5.099,30.0,1752242386914
0.0,0.0,5.109,30.0,1752242386988
0.0,0.0,5.089,30.0,1752242387118
0.0,0.0,5.068,30.0,1752242387194
0.0,0.0,5.036,30.0,1752242387337
0.0,0.0,5.016,30.0,1752242387433
0.0,0.0,5.016,30.0,1752242387611
0.0,0.0,5.016,30.0,1752242387799
0.0,0.0,5.005,30.0,1752242387934
0.0,0.0,4.984,30.0,1752242388026
0.0,0.0,4.964,30.0,1752242388424
0.0,0.0,4.953,30.0,1752242388495
0.0,0.0,4.922,30.0,1752242388629
0.0,0.0,4.912,30.0,1752242388700
0.0,0.0,4.922,30.0,1752242388831
0.0,0.0,4.932,30.0,1752242388903
31.709918975830078,-97.18812561035156,4.932,30.0,1752242389000
0.0,0.0,4.932,30.0,1752242389032
0.0,0.0,4.943,30.0,1752242389103
0.0,0.0,4.953,30.0,1752242389243
0.0,0.0,4.912,30.0,1752242389314
0.0,0.0,4.932,30.0,1752242389442
0.0,0.0,4.932,30.0,1752242389513
0.0,0.0,4.932,30.0,1752242389641
0.0,0.0,4.932,30.0,1752242389713
0.0,0.0,4.932,30.0,1752242389844
0.0,0.0,4.932,30.0,1752242389916
31.709917068481445,-97.18812561035156,4.932,30.0,1752242390000
0.0,0.0,4.932,30.0,1752242390051
0.0,0.0,4.922,30.0,1752242390093
0.0,0.0,4.922,30.0,1752242390258
0.0,0.0,4.912,30.0,1752242390364
0.0,0.0,4.912,30.0,1752242390549
0.0,0.0,4.922,30.0,1752242390605
0.0,0.0,4.922,30.0,1752242390788
0.0,0.0,4.922,30.0,1752242390888
0.0,0.0,4.922,30.0,1752242391292
0.0,0.0,4.932,30.0,1752242391370
0.0,0.0,4.943,30.0,1752242391510
0.0,0.0,4.953,30.0,1752242391610
0.0,0.0,4.964,30.0,1752242391794
0.0,0.0,4.953,30.0,1752242391891
31.709915161132812,-97.18812561035156,4.964,30.0,1752242392000
0.0,0.0,4.964,30.0,1752242392070
0.0,0.0,4.974,30.0,1752242392171
0.0,0.0,4.964,30.0,1752242392580
0.0,0.0,4.964,30.0,1752242392651
0.0,0.0,4.974,30.0,1752242392783
0.0,0.0,4.964,30.0,1752242392853
0.0,0.0,4.964,30.0,1752242392989
0.0,0.0,4.964,30.0,1752242393060
0.0,0.0,4.964,30.0,1752242393200
0.0,0.0,4.964,30.0,1752242393292
0.0,0.0,4.964,30.0,1752242393451
0.0,0.0,4.964,30.0,1752242393551
0.0,0.0,4.953,30.0,1752242393732
0.0,0.0,4.953,30.0,1752242393833
31.709911346435547,-97.18812561035156,4.953,30.0,1752242394000
0.0,0.0,4.953,30.0,1752242394010
0.0,0.0,4.953,30.0,1752242394350
0.0,0.0,4.953,30.0,1752242394481
0.0,0.0,4.964,30.0,1752242394553
0.0,0.0,4.964,30.0,1752242394687
0.0,0.0,4.964,30.0,1752242394759
0.0,0.0,4.974,30.0,1752242394895
0.0,0.0,4.984,30.0,1752242394966
0.0,0.0,4.984,30.0,1752242395095
0.0,0.0,4.984,30.0,1752242395170
0.0,0.0,4.995,30.0,1752242395320
0.0,0.0,4.984,30.0,1752242395420
0.0,0.0,4.984,30.0,1752242395600
0.0,0.0,4.984,30.0,1752242395702
0.0,0.0,4.974,30.0,1752242395883
0.0,0.0,4.984,30.0,1752242395982
31.70990753173828,-97.1881332397461,4.984,30.0,1752242396000
0.0,0.0,4.974,30.0,1752242396387
0.0,0.0,4.974,30.0,1752242396467
0.0,0.0,4.964,30.0,1752242396596
0.0,0.0,4.964,30.0,1752242396667
0.0,0.0,4.953,30.0,1752242396802
0.0,0.0,4.953,30.0,1752242396874
0.0,0.0,4.974,30.0,1752242397006
0.0,0.0,4.995,30.0,1752242397077
0.0,0.0,4.995,30.0,1752242397229
0.0,0.0,5.005,30.0,1752242397340
0.0,0.0,5.005,30.0,1752242397524
0.0,0.0,5.005,30.0,1752242397619
0.0,0.0,5.005,30.0,1752242397800
0.0,0.0,5.005,30.0,1752242397898
31.70990562438965,-97.1881332397461,5.005,30.0,1752242398000
0.0,0.0,5.005,30.0,1752242398303
0.0,0.0,5.016,30.0,1752242398375
0.0,0.0,5.016,30.0,1752242398507
0.0,0.0,5.016,30.0,1752242398578
0.0,0.0,4.995,30.0,1752242398714
0.0,0.0,4.974,30.0,1752242398785
0.0,0.0,4.974,30.0,1752242398917
0.0,0.0,4.974,30.0,1752242398988
0.0,0.0,4.974,30.0,1752242399121
0.0,0.0,4.964,30.0,1752242399194
0.0,0.0,4.953,30.0,1752242399342
0.0,0.0,4.953,30.0,1752242399441
0.0,0.0,4.964,30.0,1752242399623
0.0,0.0,4.964,30.0,1752242399723
0.0,0.0,4.964,30.0,1752242399906
0.0,0.0,4.964,30.0,1752242400005
0.0,0.0,4.984,30.0,1752242400416
0.0,0.0,4.995,30.0,1752242400557
0.0,0.0,4.995,30.0,1752242400621
0.0,0.0,4.995,30.0,1752242400754
0.0,0.0,4.995,30.0,1752242400824
0.0,0.0,4.995,30.0,1752242400957
31.709897994995117,-97.1881332397461,4.995,30.0,1752242401000
0.0,0.0,4.995,30.0,1752242401028
0.0,0.0,4.995,30.0,1752242401161
0.0,0.0,4.984,30.0,1752242401243
0.0,0.0,4.984,30.0,1752242401372
0.0,0.0,4.974,30.0,1752242401442
0.0,0.0,4.974,30.0,1752242401574
0.0,0.0,4.974,30.0,1752242401646
0.0,0.0,4.974,30.0,1752242401779
0.0,0.0,4.964,30.0,1752242401850
0.0,0.0,4.964,30.0,1752242401990
0.0,0.0,4.964,30.0,1752242402064
0.0,0.0,4.964,30.0,1752242402208
0.0,0.0,4.953,30.0,1752242402305
0.0,0.0,4.953,30.0,1752242402486
0.0,0.0,4.964,30.0,1752242402586
0.0,0.0,4.964,30.0,1752242402770
0.0,0.0,4.974,30.0,1752242402871
31.70989418029785,-97.1881332397461,4.984,30.0,1752242403000
0.0,0.0,4.984,30.0,1752242403041
0.0,0.0,4.984,30.0,1752242403390
0.0,0.0,4.984,30.0,1752242403521
0.0,0.0,4.995,30.0,1752242403592
0.0,0.0,4.995,30.0,1752242403725
0.0,0.0,4.995,30.0,1752242403796
0.0,0.0,4.995,30.0,1752242403932
0.0,0.0,4.995,30.0,1752242404002
0.0,0.0,4.995,30.0,1752242404134
0.0,0.0,4.984,30.0,1752242404225
0.0,0.0,4.995,30.0,1752242404407
0.0,0.0,4.974,30.0,1752242404506
0.0,0.0,4.974,30.0,1752242404689
0.0,0.0,4.974,30.0,1752242404789
0.0,0.0,4.974,30.0,1752242404960
31.70989227294922,-97.1881332397461,4.974,30.0,1752242405000
0.0,0.0,4.974,30.0,1752242405310
0.0,0.0,4.974,30.0,1752242405450
0.0,0.0,4.974,30.0,1752242405521
0.0,0.0,4.974,30.0,1752242405658
0.0,0.0,4.974,30.0,1752242405733
0.0,0.0,4.974,30.0,1752242405872
0.0,0.0,4.974,30.0,1752242405943
0.0,0.0,4.974,30.0,1752242406077
0.0,0.0,4.974,30.0,1752242406149
0.0,0.0,4.984,30.0,1752242406330
0.0,0.0,4.984,30.0,1752242406432
0.0,0.0,4.974,30.0,1752242406612
0.0,0.0,4.964,30.0,1752242406712
0.0,0.0,4.964,30.0,1752242406897
0.0,0.0,4.964,30.0,1752242406992
31.709888458251953,-97.1881332397461,4.964,30.0,1752242407000
0.0,0.0,4.964,30.0,1752242407395
0.0,0.0,4.964,30.0,1752242407466
0.0,0.0,4.964,30.0,1752242407598
0.0,0.0,4.964,30.0,1752242407668
0.0,0.0,4.964,30.0,1752242407801
0.0,0.0,4.953,30.0,1752242407876
0.0,0.0,4.964,30.0,1752242408008
0.0,0.0,4.953,30.0,1752242408079
0.0,0.0,4.964,30.0,1752242408250
0.0,0.0,4.974,30.0,1752242408358
0.0,0.0,4.964,30.0,1752242408536
0.0,0.0,4.964,30.0,1752242408635
0.0,0.0,4.974,30.0,1752242408819
0.0,0.0,4.974,30.0,1752242408910
31.709882736206055,-97.1881332397461,4.974,30.0,1752242409000
0.0,0.0,4.974,30.0,1752242409312
0.0,0.0,4.984,30.0,1752242409384
0.0,0.0,4.974,30.0,1752242409518
0.0,0.0,4.984,30.0,1752242409589
0.0,0.0,4.974,30.0,1752242409763
0.0,0.0,4.964,30.0,1752242409827
0.0,0.0,4.974,30.0,1752242409959
31.70987892150879,-97.1881332397461,4.974,30.0,1752242410000
0.0,0.0,4.974,30.0,1752242410030
0.0,0.0,4.974,30.0,1752242410163
0.0,0.0,4.984,30.0,1752242410255
0.0,0.0,4.984,30.0,1752242410437
0.0,0.0,4.984,30.0,1752242410538
0.0,0.0,4.974,30.0,1752242410726
0.0,0.0,4.974,30.0,1752242410825
0.0,0.0,4.974,30.0,1752242410995
0.0,0.0,4.974,30.0,1752242411346
0.0,0.0,4.974,30.0,1752242411478
0.0,0.0,4.974,30.0,1752242411557
0.0,0.0,4.974,30.0,1752242411730
0.0,0.0,4.974,30.0,1752242411829
0.0,0.0,4.964,30.0,1752242412014
0.0,0.0,4.974,30.0,1752242412115
0.0,0.0,4.974,30.0,1752242412609
0.0,0.0,4.974,30.0,1752242412674
0.0,0.0,4.974,30.0,1752242412809
0.0,0.0,4.974,30.0,1752242412880
31.709875106811523,-97.1881332397461,4.974,30.0,1752242413000
0.0,0.0,4.974,30.0,1752242413013
0.0,0.0,4.974,30.0,1752242413087
0.0,0.0,4.974,30.0,1752242413227
0.0,0.0,4.974,30.0,1752242413302
0.0,0.0,4.974,30.0,1752242413435
0.0,0.0,4.974,30.0,1752242413507
0.0,0.0,4.974,30.0,1752242413640
0.0,0.0,4.964,30.0,1752242413713
0.0,0.0,4.964,30.0,1752242413845
0.0,0.0,4.964,30.0,1752242413916
31.709869384765625,-97.1881332397461,4.964,30.0,1752242414000
0.0,0.0,4.964,30.0,1752242414051
0.0,0.0,4.964,30.0,1752242414122
0.0,0.0,4.974,30.0,1752242414286
0.0,0.0,4.974,30.0,1752242414386
0.0,0.0,4.974,30.0,1752242414570
0.0,0.0,4.974,30.0,1752242414676
0.0,0.0,4.964,30.0,1752242414861
0.0,0.0,4.964,30.0,1752242414953
0.0,0.0,4.964,30.0,1752242415366
0.0,0.0,4.964,30.0,1752242415437
0.0,0.0,4.964,30.0,1752242415588
0.0,0.0,4.953,30.0,1752242415688
0.0,0.0,4.953,30.0,1752242415877
0.0,0.0,4.953,30.0,1752242415977
31.70986557006836,-97.1881332397461,4.953,30.0,1752242416000
0.0,0.0,4.953,30.0,1752242416162
0.0,0.0,4.953,30.0,1752242416276
0.0,0.0,4.953,30.0,1752242416680
0.0,0.0,4.953,30.0,1752242416751
0.0,0.0,4.964,30.0,1752242416886
0.0,0.0,4.953,30.0,1752242416961
0.0,0.0,4.953,30.0,1752242417095
0.0,0.0,4.953,30.0,1752242417170
0.0,0.0,4.953,30.0,1752242417320
0.0,0.0,4.953,30.0,1752242417413
0.0,0.0,4.953,30.0,1752242417602
0.0,0.0,4.943,30.0,1752242417702
0.0,0.0,4.943,30.0,1752242417888
0.0,0.0,4.943,30.0,1752242417989
31.70985984802246,-97.1881332397461,4.943,30.0,1752242418000
0.0,0.0,4.943,30.0,1752242418401
0.0,0.0,4.943,30.0,1752242418472
0.0,0.0,4.932,30.0,1752242418608
0.0,0.0,4.943,30.0,1752242418681
0.0,0.0,4.922,30.0,1752242418815
0.0,0.0,4.932,30.0,1752242418886
0.0,0.0,4.932,30.0,1752242419024
0.0,0.0,4.932,30.0,1752242419095
0.0,0.0,4.932,30.0,1752242419259
0.0,0.0,4.932,30.0,1752242419359
0.0,0.0,4.932,30.0,1752242419541
0.0,0.0,4.932,30.0,1752242419642
0.0,0.0,4.932,30.0,1752242419829
0.0,0.0,4.932,30.0,1752242419929
31.709854125976562,-97.1881332397461,4.932,30.0,1752242420000
0.0,0.0,4.943,30.0,1752242420346
0.0,0.0,4.932,30.0,1752242420418
0.0,0.0,4.922,30.0,1752242420554
0.0,0.0,4.943,30.0,1752242420625
0.0,0.0,4.922,30.0,1752242420759
0.0,0.0,4.922,30.0,1752242420830
0.0,0.0,4.922,30.0,1752242420970
0.0,0.0,4.922,30.0,1752242421041
0.0,0.0,4.912,30.0,1752242421174
0.0,0.0,4.901,30.0,1752242421265
0.0,0.0,4.901,30.0,1752242421450
0.0,0.0,4.901,30.0,1752242421549
0.0,0.0,4.901,30.0,1752242421737
0.0,0.0,4.901,30.0,1752242421837
31.70985221862793,-97.18812561035156,4.901,30.0,1752242422000
0.0,0.0,4.901,30.0,1752242422009
0.0,0.0,4.891,30.0,1752242422360
0.0,0.0,4.901,30.0,1752242422494
0.0,0.0,4.901,30.0,1752242422565
0.0,0.0,4.901,30.0,1752242422703
0.0,0.0,4.891,30.0,1752242422774
0.0,0.0,4.891,30.0,1752242422916
0.0,0.0,4.891,30.0,1752242422988
0.0,0.0,4.891,30.0,1752242423122
0.0,0.0,4.88,30.0,1752242423203
0.0,0.0,4.88,30.0,1752242423347
0.0,0.0,4.891,30.0,1752242423448
0.0,0.0,4.891,30.0,1752242423636
0.0,0.0,4.88,30.0,1752242423736
0.0,0.0,4.87,30.0,1752242423925
31.709848403930664,-97.1881332397461,4.87,30.0,1752242424000
0.0,0.0,4.87,30.0,1752242424024
0.0,0.0,4.87,30.0,1752242424433
0.0,0.0,4.86,30.0,1752242424506
0.0,0.0,4.86,30.0,1752242424640
0.0,0.0,4.849,30.0,1752242424714
0.0,0.0,4.86,30.0,1752242424854
0.0,0.0,4.849,30.0,1752242424926
0.0,0.0,4.849,30.0,1752242425060
0.0,0.0,4.828,30.0,1752242425132
0.0,0.0,4.839,30.0,1752242425294
0.0,0.0,4.839,30.0,1752242425394
0.0,0.0,4.828,30.0,1752242425576
0.0,0.0,4.818,30.0,1752242425676
0.0,0.0,4.808,30.0,1752242425863
0.0,0.0,4.818,30.0,1752242425963
31.7098445892334,-97.18812561035156,4.818,30.0,1752242426000
0.0,0.0,4.797,30.0,1752242426392
0.0,0.0,4.797,30.0,1752242426464
0.0,0.0,4.787,30.0,1752242426599
0.0,0.0,4.776,30.0,1752242426671
0.0,0.0,4.766,30.0,1752242426808
0.0,0.0,4.766,30.0,1752242426986
0.0,0.0,4.745,30.0,1752242427048
0.0,0.0,4.745,30.0,1752242427182
0.0,0.0,4.756,30.0,1752242427276
0.0,0.0,4.756,30.0,1752242427452
0.0,0.0,4.756,30.0,1752242427696
0.0,0.0,4.641,30.0,1752242427783
31.709840774536133,-97.18812561035156,4.641,30.0,1752242428000
0.0,0.0,4.651,30.0,1752242428385
0.0,0.0,4.662,30.0,1752242428447
0.0,0.0,4.662,30.0,1752242428581
0.0,0.0,4.651,30.0,1752242428822
0.0,0.0,4.61,30.0,1752242428884
31.7098388671875,-97.18812561035156,4.61,30.0,1752242429000
0.0,0.0,4.61,30.0,1752242429226
0.0,0.0,4.631,30.0,1752242429288
0.0,0.0,4.631,30.0,1752242429442
0.0,0.0,4.631,30.0,1752242429685
0.0,0.0,4.631,30.0,1752242429772
0.0,0.0,4.62,30.0,1752242429965
0.0,0.0,4.714,30.0,1752242430514
0.0,0.0,4.735,30.0,1752242430690
0.0,0.0,4.703,30.0,1752242430911
31.709835052490234,-97.18812561035156,4.703,30.0,1752242431000
0.0,0.0,4.537,30.0,1752242431242
0.0,0.0,4.547,30.0,1752242431721
0.0,0.0,4.547,30.0,1752242431787
0.0,0.0,4.381,30.0,1752242432059
0.0,0.0,4.298,30.0,1752242432204
0.0,0.0,4.235,30.0,1752242432281
0.0,0.0,4.183,30.0,1752242432469
0.0,0.0,4.11,30.0,1752242432572
0.0,0.0,4.058,30.0,1752242432759
0.0,0.0,3.954,30.0,1752242432862
31.70983123779297,-97.18812561035156,3.954,30.0,1752242433000
0.0,0.0,3.85,30.0,1752242433297
0.0,0.0,3.829,30.0,1752242433378
0.0,0.0,3.933,30.0,1752242433516
0.0,0.0,3.84,30.0,1752242433589
0.0,0.0,3.788,30.0,1752242433726
0.0,0.0,3.892,30.0,1752242433799
0.0,0.0,3.881,30.0,1752242433933
0.0,0.0,3.892,30.0,1752242434005
0.0,0.0,3.861,30.0,1752242434140
0.0,0.0,3.84,30.0,1752242434230
0.0,0.0,3.819,30.0,1752242434412
0.0,0.0,3.788,30.0,1752242434513
0.0,0.0,3.788,30.0,1752242434700
0.0,0.0,3.725,30.0,1752242434800
0.0,0.0,3.6,30.0,1752242434968
31.709827423095703,-97.18812561035156,3.6,30.0,1752242435000
0.0,0.0,3.559,30.0,1752242435320
0.0,0.0,3.496,30.0,1752242435457
0.0,0.0,3.403,30.0,1752242435529
0.0,0.0,3.351,30.0,1752242435669
0.0,0.0,3.309,30.0,1752242435741
0.0,0.0,3.246,30.0,1752242435878
0.0,0.0,3.205,30.0,1752242435949
0.0,0.0,3.215,30.0,1752242436083
0.0,0.0,3.174,30.0,1752242436154
0.0,0.0,3.142,30.0,1752242436394
0.0,0.0,3.163,30.0,1752242436487
0.0,0.0,3.142,30.0,1752242436678
0.0,0.0,3.111,30.0,1752242436780
0.0,0.0,3.08,30.0,1752242436961
0.0,0.0,3.038,30.0,1752242437315
0.0,0.0,2.986,30.0,1752242437458
0.0,0.0,2.945,30.0,1752242437533
0.0,0.0,2.903,30.0,1752242437669
0.0,0.0,2.872,30.0,1752242437743
0.0,0.0,2.83,30.0,1752242437880
0.0,0.0,2.778,30.0,1752242437956
0.0,0.0,2.747,30.0,1752242438110
0.0,0.0,2.705,30.0,1752242438189
0.0,0.0,2.674,30.0,1752242438332
0.0,0.0,2.653,30.0,1752242438405
0.0,0.0,2.612,30.0,1752242438541
0.0,0.0,2.601,30.0,1752242438614
0.0,0.0,2.58,30.0,1752242438752
0.0,0.0,2.57,30.0,1752242438826
0.0,0.0,2.57,30.0,1752242438962
31.709815979003906,-97.18812561035156,2.549,30.0,1752242439000
0.0,0.0,2.549,30.0,1752242439036
0.0,0.0,2.528,30.0,1752242439175
0.0,0.0,2.528,30.0,1752242439259
0.0,0.0,2.549,30.0,1752242439395
0.0,0.0,2.528,30.0,1752242439468
0.0,0.0,2.518,30.0,1752242439604
0.0,0.0,2.497,30.0,1752242439677
0.0,0.0,2.497,30.0,1752242439813
0.0,0.0,2.476,30.0,1752242439886
31.709814071655273,-97.18812561035156,2.476,30.0,1752242440000
0.0,0.0,2.476,30.0,1752242440020
0.0,0.0,2.456,30.0,1752242440093
0.0,0.0,2.456,30.0,1752242440277
0.0,0.0,2.456,30.0,1752242440383
0.0,0.0,2.466,30.0,1752242440573
0.0,0.0,2.456,30.0,1752242440677
0.0,0.0,2.424,30.0,1752242440872
0.0,0.0,2.414,30.0,1752242441233
0.0,0.0,2.414,30.0,1752242441377
0.0,0.0,2.393,30.0,1752242441459
0.0,0.0,2.414,30.0,1752242441628
0.0,0.0,2.414,30.0,1752242441732
0.0,0.0,2.414,30.0,1752242441916
0.0,0.0,2.393,30.0,1752242442020
0.0,0.0,2.393,30.0,1752242442206
0.0,0.0,2.383,30.0,1752242442560
0.0,0.0,2.372,30.0,1752242442695
0.0,0.0,2.372,30.0,1752242442767
0.0,0.0,2.362,30.0,1752242442900
0.0,0.0,2.362,30.0,1752242442972
31.709810256958008,-97.18812561035156,2.362,30.0,1752242443000
0.0,0.0,2.383,30.0,1752242443118
0.0,0.0,2.404,30.0,1752242443199
0.0,0.0,2.372,30.0,1752242443339
0.0,0.0,2.372,30.0,1752242443412
0.0,0.0,2.445,30.0,1752242443548
0.0,0.0,2.466,30.0,1752242443590
0.0,0.0,2.445,30.0,1752242443725
0.0,0.0,2.476,30.0,1752242443798
0.0,0.0,2.466,30.0,1752242443935
31.709806442260742,-97.18812561035156,2.497,30.0,1752242444000
0.0,0.0,2.497,30.0,1752242444010
0.0,0.0,2.539,30.0,1752242444144
0.0,0.0,2.518,30.0,1752242444236
0.0,0.0,2.497,30.0,1752242444417
0.0,0.0,2.466,30.0,1752242444523
0.0,0.0,2.497,30.0,1752242444708
0.0,0.0,2.518,30.0,1752242444816
0.0,0.0,2.476,30.0,1752242444990
0.0,0.0,2.497,30.0,1752242445342
0.0,0.0,2.508,30.0,1752242445407
0.0,0.0,2.539,30.0,1752242445492
0.0,0.0,2.57,30.0,1752242445669
0.0,0.0,2.56,30.0,1752242445776
0.0,0.0,2.56,30.0,1752242445967
31.709800720214844,-97.18812561035156,2.56,30.0,1752242446000
0.0,0.0,2.601,30.0,1752242446072
0.0,0.0,2.622,30.0,1752242446269
0.0,0.0,2.653,30.0,1752242446617
0.0,0.0,2.612,30.0,1752242446748
0.0,0.0,2.58,30.0,1752242446823
0.0,0.0,2.622,30.0,1752242446959
0.0,0.0,2.601,30.0,1752242447039
0.0,0.0,2.591,30.0,1752242447174
0.0,0.0,2.539,30.0,1752242447268
0.0,0.0,2.497,30.0,1752242447454
0.0,0.0,2.487,30.0,1752242447563
0.0,0.0,2.466,30.0,1752242447754
0.0,0.0,2.435,30.0,1752242447819
0.0,0.0,2.414,30.0,1752242447902
0.0,0.0,2.383,30.0,1752242447903
31.70979881286621,-97.18812561035156,2.393,30.0,1752242448000
0.0,0.0,2.393,30.0,1752242448093
0.0,0.0,2.435,30.0,1752242448188
0.0,0.0,2.445,30.0,1752242448626
0.0,0.0,2.424,30.0,1752242448925
0.0,0.0,2.435,30.0,1752242448933
0.0,0.0,2.476,30.0,1752242448940
0.0,0.0,2.497,30.0,1752242448945
0.0,0.0,2.518,30.0,1752242448946
0.0,0.0,2.56,30.0,1752242448950
0.0,0.0,2.56,30.0,1752242448950
0.0,0.0,2.56,30.0,1752242449000
0.0,0.0,2.58,30.0,1752242452663
0.0,0.0,2.57,30.0,1752242452941
31.709794998168945,-97.18812561035156,2.57,30.0,1752242453000
0.0,0.0,2.518,30.0,1752242453194
0.0,0.0,2.487,30.0,1752242453570
0.0,0.0,2.487,30.0,1752242453654
0.0,0.0,2.487,30.0,1752242453746
0.0,0.0,2.476,30.0,1752242453769
0.0,0.0,2.487,30.0,1752242453805
0.0,0.0,2.476,30.0,1752242453810
0.0,0.0,2.456,30.0,1752242453871
0.0,0.0,2.445,30.0,1752242453906
0.0,0.0,2.424,30.0,1752242453937
31.709789276123047,-97.18811798095703,2.383,30.0,1752242454000
0.0,0.0,2.383,30.0,1752242454007
0.0,0.0,2.393,30.0,1752242454039
0.0,0.0,2.414,30.0,1752242454371
0.0,0.0,2.424,30.0,1752242454598
0.0,0.0,2.424,30.0,1752242454711
0.0,0.0,2.404,30.0,1752242454745
0.0,0.0,2.393,30.0,1752242454891
0.0,0.0,2.383,30.0,1752242454937
0.0,0.0,2.404,30.0,1752242455089
0.0,0.0,2.404,30.0,1752242455371
0.0,0.0,2.393,30.0,1752242455630
0.0,0.0,2.383,30.0,1752242455672
0.0,0.0,2.393,30.0,1752242455706
0.0,0.0,2.393,30.0,1752242455840
0.0,0.0,2.372,30.0,1752242455934
0.0,0.0,2.383,30.0,1752242455980
0.0,0.0,2.383,30.0,1752242456005
0.0,0.0,2.393,30.0,1752242456224
31.709781646728516,-97.18812561035156,2.383,30.0,1752242459000
0.0,0.0,2.383,30.0,1752242459081
0.0,0.0,2.383,30.0,1752242459364
0.0,0.0,2.372,30.0,1752242459401
0.0,0.0,2.372,30.0,1752242459445
0.0,0.0,2.383,30.0,1752242459468
0.0,0.0,2.383,30.0,1752242459501
0.0,0.0,2.383,30.0,1752242459538
0.0,0.0,2.372,30.0,1752242459567
0.0,0.0,2.362,30.0,1752242459607
0.0,0.0,2.362,30.0,1752242459633
0.0,0.0,2.351,30.0,1752242459694
0.0,0.0,2.341,30.0,1752242459697
0.0,0.0,2.341,30.0,1752242459776
0.0,0.0,2.341,30.0,1752242459804
0.0,0.0,2.341,30.0,1752242459843
0.0,0.0,2.341,30.0,1752242459845
0.0,0.0,2.331,30.0,1752242459966
31.709775924682617,-97.18812561035156,2.331,30.0,1752242460000
0.0,0.0,2.331,30.0,1752242460003
0.0,0.0,2.341,30.0,1752242460035
0.0,0.0,2.341,30.0,1752242460308
0.0,0.0,2.341,30.0,1752242460402
0.0,0.0,2.331,30.0,1752242460437
0.0,0.0,2.331,30.0,1752242460469
0.0,0.0,2.341,30.0,1752242460502
0.0,0.0,2.351,30.0,1752242460563
0.0,0.0,2.351,30.0,1752242460567
0.0,0.0,2.351,30.0,1752242460611
0.0,0.0,2.351,30.0,1752242460615
0.0,0.0,2.362,30.0,1752242460673
0.0,0.0,2.372,30.0,1752242460681
0.0,0.0,2.372,30.0,1752242460818
0.0,0.0,2.383,30.0,1752242460842
0.0,0.0,2.383,30.0,1752242460902
0.0,0.0,2.393,30.0,1752242460971
31.70977210998535,-97.18812561035156,2.383,30.0,1752242461000
31.709768295288086,-97.18812561035156,2.383,30.0,1752242461000
0.0,0.0,2.383,30.0,1752242461008
0.0,0.0,2.383,30.0,1752242461117
0.0,0.0,2.383,30.0,1752242461204
0.0,0.0,2.393,30.0,1752242461231
0.0,0.0,2.404,30.0,1752242461247
0.0,0.0,2.404,30.0,1752242461251
0.0,0.0,2.393,30.0,1752242461301
0.0,0.0,2.383,30.0,1752242461313
0.0,0.0,2.383,30.0,1752242461332
0.0,0.0,2.383,30.0,1752242461369
0.0,0.0,2.383,30.0,1752242461437
0.0,0.0,2.383,30.0,1752242461444
0.0,0.0,2.383,30.0,1752242461492
0.0,0.0,2.393,30.0,1752242461533
0.0,0.0,2.393,30.0,1752242461536
0.0,0.0,2.404,30.0,1752242461572
0.0,0.0,2.414,30.0,1752242461575
0.0,0.0,2.414,30.0,1752242461617
0.0,0.0,2.414,30.0,1752242461683
0.0,0.0,2.424,30.0,1752242461705
0.0,0.0,2.435,30.0,1752242461743
0.0,0.0,2.414,30.0,1752242461768
0.0,0.0,2.414,30.0,1752242461772
0.0,0.0,2.414,30.0,1752242461783
0.0,0.0,2.404,30.0,1752242464095
0.0,0.0,2.404,30.0,1752242464284
0.0,0.0,2.404,30.0,1752242464385
0.0,0.0,2.362,30.0,1752242464439
0.0,0.0,2.351,30.0,1752242464442
0.0,0.0,2.351,30.0,1752242464488
0.0,0.0,2.341,30.0,1752242464608
0.0,0.0,2.56,29.2,1752242526187
0.0,0.0,2.539,29.2,1752242526265
0.0,0.0,2.56,29.2,1752242526403
0.0,0.0,2.56,29.2,1752242526511
0.0,0.0,2.56,29.2,1752242526588
0.0,0.0,2.58,29.2,1752242526725
0.0,0.0,2.591,29.2,1752242526800
0.0,0.0,2.601,29.2,1752242526933
0.0,0.0,2.632,29.2,1752242527375
0.0,0.0,2.685,29.2,1752242527481
0.0,0.0,2.757,29.2,1752242527555
0.0,0.0,2.809,29.2,1752242527764
0.0,0.0,2.851,29.2,1752242527828
0.0,0.0,2.934,29.2,1752242527963
31.709997177124023,-97.188232421875,2.934,29.2,1752242528000
0.0,0.0,2.955,29.2,1752242528039
0.0,0.0,2.997,29.2,1752242528238
0.0,0.0,2.986,29.2,1752242528302
0.0,0.0,2.945,29.2,1752242528438
0.0,0.0,2.976,29.2,1752242528510
0.0,0.0,2.955,29.2,1752242528717
0.0,0.0,2.986,29.2,1752242528783
0.0,0.0,2.955,29.2,1752242528930
0.0,0.0,2.872,29.2,1752242528998
31.71000099182129,-97.188232421875,2.872,29.2,1752242529000
0.0,0.0,2.851,29.2,1752242529130
0.0,0.0,2.799,29.2,1752242529210
0.0,0.0,2.737,29.2,1752242529355
0.0,0.0,2.726,29.2,1752242529457
0.0,0.0,2.674,29.2,1752242530679
0.0,0.0,2.695,29.2,1752242530748
0.0,0.0,2.747,29.2,1752242530913
31.710012435913086,-97.18824005126953,2.716,29.2,1752242531000
0.0,0.0,2.716,29.2,1752242531019
0.0,0.0,2.747,29.2,1752242531210
0.0,0.0,2.695,29.2,1752242531279
0.0,0.0,2.716,29.2,1752242531465
0.0,0.0,2.768,29.2,1752242531570
0.0,0.0,2.778,29.2,1752242532003
0.0,0.0,2.841,29.2,1752242532080
0.0,0.0,2.861,29.2,1752242532240
0.0,0.0,2.882,29.2,1752242532354
0.0,0.0,2.924,29.2,1752242532544
0.0,0.0,2.903,29.2,1752242532741
0.0,0.0,2.872,29.2,1752242532883
0.0,0.0,2.851,29.2,1752242532980
31.71001625061035,-97.18824005126953,2.851,29.2,1752242533000
0.0,0.0,2.82,29.2,1752242533345
0.0,0.0,2.841,29.2,1752242533420
0.0,0.0,2.809,29.2,1752242533591
0.0,0.0,2.789,29.2,1752242533662
0.0,0.0,2.768,29.2,1752242533795
0.0,0.0,2.737,29.2,1752242533869
0.0,0.0,2.768,29.2,1752242534002
0.0,0.0,2.737,29.2,1752242534073
0.0,0.0,2.726,29.2,1752242534250
0.0,0.0,2.705,29.2,1752242534358
0.0,0.0,2.695,29.2,1752242534545
0.0,0.0,2.705,29.2,1752242534644
0.0,0.0,2.695,29.2,1752242534829
0.0,0.0,2.705,29.2,1752242534921
31.710012435913086,-97.18821716308594,2.705,29.2,1752242535000
0.0,0.0,2.685,29.2,1752242535329
0.0,0.0,2.685,29.2,1752242535401
0.0,0.0,2.695,29.2,1752242535534
0.0,0.0,2.705,29.2,1752242535608
0.0,0.0,2.705,29.2,1752242535744
0.0,0.0,2.695,29.2,1752242535820
0.0,0.0,2.716,29.2,1752242535956
0.0,0.0,2.705,29.6,1752242536031
0.0,0.0,2.685,29.6,1752242536214
0.0,0.0,2.685,29.6,1752242536413
0.0,0.0,2.674,29.6,1752242536503
0.0,0.0,2.674,29.6,1752242536794
0.0,0.0,2.685,29.6,1752242536887
31.710020065307617,-97.18821716308594,2.674,29.6,1752242537000
0.0,0.0,2.674,29.6,1752242537063
0.0,0.0,2.653,29.6,1752242537422
0.0,0.0,2.632,29.6,1752242537592
0.0,0.0,2.622,29.6,1752242537659
0.0,0.0,2.632,29.6,1752242537790
0.0,0.0,2.632,29.6,1752242537862
0.0,0.0,2.653,29.6,1752242537995
31.710018157958984,-97.18821716308594,2.653,29.6,1752242538000
0.0,0.0,2.674,29.6,1752242538066
0.0,0.0,2.705,29.6,1752242538199
0.0,0.0,2.716,29.6,1752242538288
0.0,0.0,2.705,29.6,1752242538471
0.0,0.0,2.726,29.6,1752242538673
0.0,0.0,2.726,29.6,1752242538814
0.0,0.0,2.778,29.6,1752242538920
0.0,0.0,2.789,29.6,1752242539362
0.0,0.0,2.799,29.6,1752242539447
0.0,0.0,2.799,29.6,1752242539586
0.0,0.0,2.778,29.6,1752242539691
0.0,0.0,2.757,29.6,1752242539872
0.0,0.0,2.747,29.6,1752242539972
0.0,0.0,2.716,29.6,1752242540150
0.0,0.0,2.726,29.6,1752242540266
0.0,0.0,2.726,29.6,1752242540683
0.0,0.0,2.705,29.6,1752242540758
0.0,0.0,2.705,29.6,1752242540890
0.0,0.0,2.664,29.6,1752242540963
31.710020065307617,-97.18821716308594,2.664,29.6,1752242541000
0.0,0.0,2.653,29.6,1752242541092
0.0,0.0,2.664,29.6,1752242541164
0.0,0.0,2.685,29.6,1752242541315
0.0,0.0,2.716,29.6,1752242541387
0.0,0.0,2.747,29.6,1752242541517
0.0,0.0,2.737,29.6,1752242541588
0.0,0.0,2.768,29.6,1752242541719
0.0,0.0,2.757,29.6,1752242541790
0.0,0.0,2.778,29.6,1752242541925
0.0,0.0,2.799,29.6,1752242541997
31.71002197265625,-97.18822479248047,2.799,29.6,1752242542000
0.0,0.0,2.809,29.6,1752242542126
0.0,0.0,2.841,29.6,1752242542206
0.0,0.0,2.83,29.6,1752242542351
0.0,0.0,2.83,29.6,1752242542451
0.0,0.0,2.799,29.6,1752242542631
0.0,0.0,2.799,29.6,1752242542732
0.0,0.0,2.778,29.6,1752242542919
0.0,0.0,2.789,29.6,1752242543019
0.0,0.0,2.809,29.6,1752242543446
0.0,0.0,2.82,29.6,1752242543535
0.0,0.0,2.799,29.6,1752242543756
0.0,0.0,2.82,29.6,1752242543845
31.71002197265625,-97.18822479248047,2.83,29.6,1752242544000
0.0,0.0,2.83,29.6,1752242544025
0.0,0.0,2.809,29.6,1752242544124
0.0,0.0,2.82,29.6,1752242544303
0.0,0.0,2.82,29.6,1752242544745
0.0,0.0,2.841,29.6,1752242544809
0.0,0.0,2.882,29.6,1752242544946
0.0,0.0,2.934,29.6,1752242545018
0.0,0.0,2.945,29.6,1752242545149
0.0,0.0,2.924,29.6,1752242545334
0.0,0.0,2.903,29.6,1752242545423
0.0,0.0,2.934,29.6,1752242545602
0.0,0.0,2.903,29.6,1752242545702
0.0,0.0,2.893,29.6,1752242545885
31.710023880004883,-97.18822479248047,2.903,29.6,1752242546000
31.710023880004883,-97.18822479248047,2.903,29.6,1752242546000
0.0,0.0,2.903,29.6,1752242546052
0.0,0.0,2.893,29.6,1752242546420
0.0,0.0,2.882,29.6,1752242546494
0.0,0.0,2.882,29.6,1752242546624
0.0,0.0,2.872,29.6,1752242546903
0.0,0.0,2.809,29.6,1752242547001
0.0,0.0,2.757,29.6,1752242547075
0.0,0.0,2.778,29.6,1752242547240
0.0,0.0,2.789,29.6,1752242547353
0.0,0.0,2.778,29.6,1752242547538
0.0,0.0,2.768,29.6,1752242547641
0.0,0.0,2.757,29.6,1752242547821
0.0,0.0,2.737,29.6,1752242547924
0.0,0.0,2.757,29.6,1752242548458
0.0,0.0,2.747,29.6,1752242548561
0.0,0.0,2.716,29.6,1752242548986
0.0,0.0,2.685,29.6,1752242549059
0.0,0.0,2.726,29.6,1752242549198
0.0,0.0,2.747,29.6,1752242549281
0.0,0.0,2.737,29.6,1752242549410
0.0,0.0,2.716,29.6,1752242549553
0.0,0.0,2.695,29.6,1752242549617
0.0,0.0,2.716,29.6,1752242549748
0.0,0.0,2.726,29.6,1752242549820
0.0,0.0,2.705,29.6,1752242549950
31.710018157958984,-97.188232421875,2.685,29.6,1752242550000
0.0,0.0,2.685,29.6,1752242550021
0.0,0.0,2.685,29.6,1752242550149
0.0,0.0,2.685,29.6,1752242550231
0.0,0.0,2.726,29.8,1752242550391
0.0,0.0,2.705,29.8,1752242550536
0.0,0.0,2.695,29.8,1752242550604
0.0,0.0,2.685,29.8,1752242550734
0.0,0.0,2.674,29.8,1752242550805
0.0,0.0,2.695,29.8,1752242550937
31.71001434326172,-97.18824005126953,2.653,29.8,1752242551000
0.0,0.0,2.653,29.8,1752242551009
0.0,0.0,2.643,29.8,1752242551139
0.0,0.0,2.622,29.8,1752242551230
0.0,0.0,2.601,29.8,1752242551409
0.0,0.0,2.56,29.8,1752242551510
0.0,0.0,2.549,29.8,1752242551689
0.0,0.0,2.528,29.8,1752242551789
0.0,0.0,2.497,29.8,1752242551957
0.0,0.0,2.487,29.8,1752242552303
0.0,0.0,2.508,29.8,1752242552443
0.0,0.0,2.518,29.8,1752242552523
0.0,0.0,2.497,29.8,1752242552692
0.0,0.0,2.497,29.8,1752242552792
0.0,0.0,2.476,29.8,1752242552971
0.0,0.0,2.487,29.8,1752242553071
0.0,0.0,2.497,29.8,1752242553256
0.0,0.0,2.528,29.8,1752242553591
0.0,0.0,2.518,29.8,1752242553720
0.0,0.0,2.508,29.8,1752242553791
0.0,0.0,2.539,29.8,1752242553922
0.0,0.0,2.518,29.8,1752242553993
31.71000862121582,-97.18824005126953,2.518,29.8,1752242554000
0.0,0.0,2.497,29.8,1752242554124
0.0,0.0,2.518,29.8,1752242554207
0.0,0.0,2.508,29.8,1752242554338
0.0,0.0,2.497,29.8,1752242554409
0.0,0.0,2.518,29.8,1752242554539
0.0,0.0,2.518,29.8,1752242554610
0.0,0.0,2.508,29.8,1752242554744
0.0,0.0,2.518,29.8,1752242554815
0.0,0.0,2.518,29.8,1752242554947
31.710004806518555,-97.18824005126953,2.539,29.8,1752242555000
0.0,0.0,2.539,29.8,1752242555017
0.0,0.0,2.528,29.8,1752242555147
0.0,0.0,2.56,29.8,1752242555236
0.0,0.0,2.57,29.8,1752242555413
0.0,0.0,2.57,29.8,1752242555512
0.0,0.0,2.58,29.8,1752242555689
0.0,0.0,2.601,29.8,1752242555783
0.0,0.0,2.601,29.8,1752242556269
0.0,0.0,2.612,29.8,1752242556340
0.0,0.0,2.612,29.8,1752242556475
0.0,0.0,2.612,29.8,1752242556573
0.0,0.0,2.622,29.8,1752242556803
0.0,0.0,2.622,29.8,1752242556893
31.71000099182129,-97.18824005126953,2.632,29.8,1752242557000
0.0,0.0,2.632,29.8,1752242557066
0.0,0.0,2.664,29.8,1752242557167
0.0,0.0,2.664,29.8,1752242557583
0.0,0.0,2.685,29.8,1752242557654
0.0,0.0,2.685,29.8,1752242557822
31.71000099182129,-97.18824768066406,2.726,29.8,1752242558000
0.0,0.0,2.726,29.8,1752242558087
0.0,0.0,2.778,29.8,1752242558165
0.0,0.0,2.82,29.8,1752242558344
0.0,0.0,2.872,29.8,1752242558444
0.0,0.0,2.913,29.8,1752242558620
0.0,0.0,2.986,29.8,1752242558721
0.0,0.0,3.007,29.8,1752242558896
31.709999084472656,-97.1882553100586,3.007,29.8,1752242559000
0.0,0.0,3.059,29.8,1752242559249
0.0,0.0,3.08,29.8,1752242559375
0.0,0.0,3.142,29.8,1752242559455
0.0,0.0,3.215,29.8,1752242559716
0.0,0.0,3.288,29.8,1752242559813
0.0,0.0,3.288,29.8,1752242560089
0.0,0.0,3.267,29.8,1752242560182
0.0,0.0,3.267,29.8,1752242560596
0.0,0.0,3.236,29.8,1752242560875
31.709983825683594,-97.18826293945312,3.236,29.8,1752242561000
31.709980010986328,-97.18826293945312,3.236,29.8,1752242561000
31.70996856689453,-97.1882553100586,3.236,29.8,1752242561000
0.0,0.0,3.246,29.8,1752242561244
0.0,0.0,3.174,29.8,1752242561585
0.0,0.0,3.205,29.8,1752242561712
0.0,0.0,3.215,29.8,1752242561916
0.0,0.0,3.278,29.8,1752242561984
0.0,0.0,3.299,29.8,1752242562115
0.0,0.0,3.278,29.8,1752242562190
0.0,0.0,3.246,29.8,1752242562345
0.0,0.0,3.288,29.8,1752242562576
0.0,0.0,3.309,29.8,1752242562663
0.0,0.0,3.351,29.8,1752242562893
0.0,0.0,3.371,29.8,1752242562983
31.7099609375,-97.1882553100586,3.371,29.8,1752242563000
0.0,0.0,3.403,29.8,1752242563671
0.0,0.0,3.527,29.8,1752242563766
0.0,0.0,3.548,29.8,1752242564291
0.0,0.0,3.569,29.8,1752242564394
0.0,0.0,3.538,29.8,1752242564913
0.0,0.0,3.527,29.8,1752242565011
0.0,0.0,3.559,29.8,1752242565199
0.0,0.0,3.58,29.8,1752242565653
0.0,0.0,3.6,29.8,1752242565716
0.0,0.0,3.611,29.8,1752242565842
0.0,0.0,3.632,29.8,1752242565912
31.70995330810547,-97.1882553100586,3.673,29.8,1752242566000
0.0,0.0,3.673,29.8,1752242566039
0.0,0.0,3.642,29.8,1752242566110
0.0,0.0,3.611,29.8,1752242566248
0.0,0.0,3.632,29.8,1752242566516
0.0,0.0,3.58,29.8,1752242566581
0.0,0.0,3.611,29.8,1752242566707
0.0,0.0,3.6,29.8,1752242566844
0.0,0.0,3.559,29.8,1752242566909
31.709945678710938,-97.1882553100586,3.6,29.8,1752242567000
0.0,0.0,3.6,29.8,1752242567037
0.0,0.0,3.517,29.8,1752242567126
0.0,0.0,3.517,29.8,1752242567319
0.0,0.0,3.465,29.8,1752242567419
0.0,0.0,3.403,29.8,1752242567596
0.0,0.0,3.403,29.8,1752242567784
31.70993995666504,-97.1882553100586,3.351,29.8,1752242568000
0.0,0.0,3.351,29.8,1752242568169
0.0,0.0,3.299,29.8,1752242568251
0.0,0.0,3.351,29.8,1752242568387
0.0,0.0,3.299,29.8,1752242568487
0.0,0.0,3.299,29.8,1752242568664
0.0,0.0,3.309,29.8,1752242568764
0.0,0.0,3.257,29.8,1752242568941
0.0,0.0,3.288,29.8,1752242569039
0.0,0.0,3.267,29.8,1752242569444
0.0,0.0,3.267,29.8,1752242569533
0.0,0.0,3.246,29.8,1752242569699
0.0,0.0,3.194,29.8,1752242569799
0.0,0.0,3.194,29.8,1752242569970
0.0,0.0,3.174,29.8,1752242570070
0.0,0.0,3.09,29.8,1752242570251
0.0,0.0,3.07,29.8,1752242570605
0.0,0.0,3.018,29.8,1752242570733
0.0,0.0,2.965,29.8,1752242570804
0.0,0.0,2.955,29.8,1752242570933
31.709938049316406,-97.1882553100586,2.893,29.8,1752242571000
0.0,0.0,2.893,29.8,1752242571004
0.0,0.0,2.82,29.8,1752242571133
0.0,0.0,2.768,29.8,1752242571216
0.0,0.0,2.778,29.8,1752242571346
0.0,0.0,2.726,29.8,1752242571416
0.0,0.0,2.653,29.8,1752242571547
0.0,0.0,2.674,29.8,1752242571617
0.0,0.0,2.664,29.8,1752242571750
0.0,0.0,2.653,29.8,1752242571821
0.0,0.0,2.653,29.8,1752242571950
31.70993995666504,-97.1882553100586,2.664,29.8,1752242572000
0.0,0.0,2.664,29.8,1752242572020
0.0,0.0,2.653,29.8,1752242572150
0.0,0.0,2.653,29.8,1752242572240
0.0,0.0,2.685,29.8,1752242572407
0.0,0.0,2.664,29.8,1752242572594
0.0,0.0,2.632,29.8,1752242572736
0.0,0.0,2.664,29.8,1752242572835
0.0,0.0,2.716,29.8,1752242573267
0.0,0.0,2.685,29.8,1752242573346
0.0,0.0,2.716,29.8,1752242573482
0.0,0.0,2.747,29.8,1752242573583
0.0,0.0,2.747,29.8,1752242573761
0.0,0.0,2.747,29.8,1752242573860
0.0,0.0,2.747,29.8,1752242574037
0.0,0.0,2.799,29.8,1752242574136
0.0,0.0,2.789,29.8,1752242574551
0.0,0.0,2.809,29.8,1752242574691
0.0,0.0,2.841,29.8,1752242574756
0.0,0.0,2.841,29.8,1752242574884
0.0,0.0,2.882,29.8,1752242574956
0.0,0.0,2.913,29.8,1752242575086
0.0,0.0,2.913,29.8,1752242575241
0.0,0.0,2.924,29.8,1752242575310
0.0,0.0,2.986,29.8,1752242575439
0.0,0.0,3.018,29.8,1752242575509
0.0,0.0,3.049,29.8,1752242575639
0.0,0.0,3.059,29.8,1752242575712
0.0,0.0,3.101,29.8,1752242575843
0.0,0.0,3.09,29.8,1752242575914
31.709936141967773,-97.18826293945312,3.111,29.8,1752242576000
0.0,0.0,3.111,29.8,1752242576042
0.0,0.0,3.142,29.8,1752242576113
0.0,0.0,3.122,29.8,1752242576253
0.0,0.0,3.122,29.8,1752242576325
0.0,0.0,3.101,29.8,1752242576454
0.0,0.0,3.423,30.2,1752242600082
0.0,0.0,3.382,30.2,1752242600185
0.0,0.0,3.351,30.2,1752242600348
0.0,0.0,3.309,30.2,1752242600447
0.0,0.0,3.278,30.2,1752242600618
0.0,0.0,3.246,30.2,1752242600719
0.0,0.0,3.205,30.2,1752242600896
0.0,0.0,3.163,30.2,1752242600996
31.70979118347168,-97.18830108642578,3.163,30.2,1752242601000
0.0,0.0,3.122,30.2,1752242601386
0.0,0.0,3.08,30.2,1752242601464
0.0,0.0,3.038,30.2,1752242601590
0.0,0.0,2.997,30.2,1752242601662
0.0,0.0,2.955,30.2,1752242601791
0.0,0.0,2.934,30.2,1752242601863
0.0,0.0,2.924,30.2,1752242601990
0.0,0.0,2.913,30.2,1752242602061
0.0,0.0,2.893,30.2,1752242602196
0.0,0.0,2.861,30.2,1752242602287
0.0,0.0,2.841,30.2,1752242602458
0.0,0.0,2.82,30.2,1752242602558
0.0,0.0,2.799,30.2,1752242602735
0.0,0.0,2.768,30.2,1752242602834
31.709789276123047,-97.18830108642578,2.726,30.2,1752242603000
0.0,0.0,2.726,30.2,1752242603007
0.0,0.0,2.695,30.2,1752242603342
0.0,0.0,2.664,30.2,1752242603481
0.0,0.0,2.622,30.2,1752242603551
0.0,0.0,2.58,30.2,1752242603678
0.0,0.0,2.528,30.2,1752242603750
0.0,0.0,2.487,30.2,1752242603876
0.0,0.0,2.445,30.2,1752242603947
0.0,0.0,2.404,30.2,1752242604081
0.0,0.0,2.362,30.2,1752242604152
0.0,0.0,2.32,30.2,1752242604320
0.0,0.0,2.289,30.2,1752242604421
0.0,0.0,2.268,30.2,1752242604597
0.0,0.0,2.247,30.2,1752242604696
0.0,0.0,2.227,30.2,1752242604873
0.0,0.0,2.195,30.2,1752242604974
31.70978546142578,-97.18830108642578,2.195,30.2,1752242605000
0.0,0.0,2.154,30.2,1752242605374
0.0,0.0,2.143,30.2,1752242605453
0.0,0.0,2.133,30.2,1752242605582
0.0,0.0,2.112,30.2,1752242605655
0.0,0.0,2.091,30.2,1752242605784
0.0,0.0,2.07,30.2,1752242605855
0.0,0.0,2.05,30.2,1752242605985
31.70978355407715,-97.18830108642578,2.05,30.2,1752242606000
0.0,0.0,2.029,30.2,1752242606056
0.0,0.0,2.018,30.2,1752242606195
0.0,0.0,2.008,30.2,1752242606289
0.0,0.0,2.008,30.2,1752242606456
0.0,0.0,1.998,30.2,1752242606555
0.0,0.0,1.998,30.2,1752242606731
0.0,0.0,1.956,30.2,1752242606830
0.0,0.0,1.925,30.2,1752242606999
0.0,0.0,1.925,30.2,1752242607334
0.0,0.0,1.904,30.2,1752242607469
0.0,0.0,1.873,30.2,1752242607548
0.0,0.0,1.852,30.2,1752242607716
0.0,0.0,1.842,30.2,1752242607814
0.0,0.0,1.81,30.2,1752242607990
0.0,0.0,1.8,30.2,1752242608090
0.0,0.0,1.748,30.2,1752242608278
0.0,0.0,1.717,30.2,1752242608619
0.0,0.0,1.717,30.2,1752242608747
0.0,0.0,1.727,30.2,1752242608818
0.0,0.0,1.727,30.2,1752242608944
31.709779739379883,-97.18830871582031,1.696,30.2,1752242609000
0.0,0.0,1.696,30.2,1752242609015
0.0,0.0,1.685,30.2,1752242609143
0.0,0.0,1.685,30.2,1752242609227
0.0,0.0,1.665,30.2,1752242609353
0.0,0.0,1.644,30.2,1752242609424
0.0,0.0,1.644,30.2,1752242609549
0.0,0.0,1.623,30.2,1752242609620
0.0,0.0,1.633,30.2,1752242609749
0.0,0.0,1.602,30.2,1752242609819
0.0,0.0,1.581,30.2,1752242609947
31.709775924682617,-97.18830871582031,1.529,30.2,1752242610000
0.0,0.0,1.529,30.2,1752242610017
0.0,0.0,1.519,30.2,1752242610151
0.0,0.0,1.55,30.2,1752242610241
0.0,0.0,1.519,30.2,1752242610412
0.0,0.0,1.509,30.2,1752242610513
0.0,0.0,1.488,30.2,1752242610688
0.0,0.0,1.467,30.2,1752242610793
0.0,0.0,1.467,30.2,1752242610965
0.0,0.0,1.456,30.2,1752242611305
0.0,0.0,1.425,30.2,1752242611432
0.0,0.0,1.425,30.2,1752242611513
0.0,0.0,1.415,30.2,1752242611681
0.0,0.0,1.425,30.2,1752242611783
0.0,0.0,1.373,30.2,1752242611961
31.709774017333984,-97.18830871582031,1.373,30.2,1752242612000
0.0,0.0,1.363,30.2,1752242612064
0.0,0.0,1.342,30.2,1752242612242
0.0,0.0,1.3,30.2,1752242612577
0.0,0.0,1.259,30.2,1752242612704
0.0,0.0,1.248,30.2,1752242612776
0.0,0.0,1.207,30.2,1752242612904
0.0,0.0,1.165,30.2,1752242612978
0.0,0.0,1.165,30.2,1752242613109
0.0,0.0,1.144,30.2,1752242613182
0.0,0.0,1.123,30.2,1752242613327
0.0,0.0,1.103,30.2,1752242613428
0.0,0.0,1.113,30.2,1752242613604
0.0,0.0,1.092,30.2,1752242613704
0.0,0.0,1.113,30.2,1752242613879
0.0,0.0,1.113,30.2,1752242613979
31.70977020263672,-97.18830871582031,1.113,30.2,1752242614000
0.0,0.0,1.113,30.2,1752242614394
0.0,0.0,1.113,30.2,1752242614474
0.0,0.0,1.134,30.2,1752242614601
0.0,0.0,1.165,30.2,1752242614672
0.0,0.0,1.155,30.2,1752242614799
0.0,0.0,1.134,30.2,1752242614874
0.0,0.0,1.134,30.2,1752242615001
0.0,0.0,1.134,30.2,1752242615072
0.0,0.0,1.113,30.2,1752242615215
0.0,0.0,1.134,30.2,1752242615325
0.0,0.0,1.103,30.2,1752242615501
0.0,0.0,1.092,30.2,1752242615600
0.0,0.0,1.123,30.2,1752242615775
0.0,0.0,1.103,30.2,1752242615877
31.70976448059082,-97.18830871582031,1.103,30.2,1752242616000
0.0,0.0,1.082,30.2,1752242616282
0.0,0.0,1.071,30.2,1752242616361
0.0,0.0,1.082,30.2,1752242616488
0.0,0.0,1.092,30.2,1752242616559
0.0,0.0,1.103,30.2,1752242616686
0.0,0.0,1.123,30.2,1752242616758
0.0,0.0,1.165,30.2,1752242616888
0.0,0.0,1.175,30.2,1752242616959
0.0,0.0,1.196,30.2,1752242617087
0.0,0.0,1.228,30.2,1752242617158
0.0,0.0,1.228,30.2,1752242617313
0.0,0.0,1.248,30.2,1752242617408
0.0,0.0,1.269,30.2,1752242617582
0.0,0.0,1.29,30.2,1752242617682
0.0,0.0,1.3,30.2,1752242617856
0.0,0.0,1.311,30.2,1752242617956
31.709762573242188,-97.18830871582031,1.311,30.2,1752242618000
0.0,0.0,1.311,30.2,1752242618374
0.0,0.0,1.311,30.2,1752242618453
0.0,0.0,1.3,30.2,1752242618579
0.0,0.0,1.29,30.2,1752242618650
0.0,0.0,1.29,30.2,1752242618782
0.0,0.0,1.28,30.2,1752242618854
0.0,0.0,1.29,30.2,1752242618980
0.0,0.0,1.3,30.2,1752242619050
0.0,0.0,1.29,30.2,1752242619180
0.0,0.0,1.28,30.2,1752242619271
0.0,0.0,1.29,30.2,1752242619430
0.0,0.0,1.29,30.2,1752242619532
0.0,0.0,1.28,30.2,1752242619708
0.0,0.0,1.28,30.2,1752242619807
0.0,0.0,1.3,30.2,1752242619982
31.70975685119629,-97.18830871582031,1.3,30.2,1752242620000
0.0,0.0,1.29,30.2,1752242620352
0.0,0.0,1.28,30.2,1752242620485
0.0,0.0,1.29,30.2,1752242620556
0.0,0.0,1.259,30.2,1752242620686
0.0,0.0,1.217,30.2,1752242620760
0.0,0.0,1.217,30.2,1752242620886
0.0,0.0,1.196,30.2,1752242620959
0.0,0.0,1.186,30.2,1752242621087
0.0,0.0,1.144,30.2,1752242621157
0.0,0.0,1.113,30.2,1752242621326
0.0,0.0,1.103,30.2,1752242621429
0.0,0.0,1.051,30.2,1752242621604
0.0,0.0,1.051,30.2,1752242621706
0.0,0.0,1.009,30.2,1752242621881
0.0,0.0,0.988,30.2,1752242621980
0.0,0.0,1.009,30.2,1752242622406
0.0,0.0,0.999,30.2,1752242622489
0.0,0.0,0.978,30.2,1752242622615
0.0,0.0,0.967,30.2,1752242622686
0.0,0.0,0.915,30.2,1752242622812
0.0,0.0,0.936,30.2,1752242622883
0.0,0.0,0.936,30.2,1752242623010
0.0,0.0,0.895,30.2,1752242623081
0.0,0.0,0.895,30.2,1752242623208
0.0,0.0,0.863,30.2,1752242623289
0.0,0.0,0.863,30.2,1752242623414
0.0,0.0,0.832,30.2,1752242623485
0.0,0.0,0.801,30.2,1752242623616
0.0,0.0,0.759,30.2,1752242623693
0.0,0.0,0.749,30.2,1752242623821
0.0,0.0,0.738,30.2,1752242623902
31.709745407104492,-97.18831634521484,0.78,30.2,1752242624000
0.0,0.0,0.78,30.2,1752242624039
0.0,0.0,0.77,30.2,1752242624240
0.0,0.0,0.79,30.2,1752242624484
0.0,0.0,0.79,30.2,1752242624555
0.0,0.0,0.79,30.2,1752242624729
0.0,0.0,0.78,30.2,1752242624975
31.709741592407227,-97.18831634521484,0.78,30.2,1752242625000
0.0,0.0,0.759,30.2,1752242625046
0.0,0.0,0.77,30.2,1752242625179
0.0,0.0,0.77,30.2,1752242625626
0.0,0.0,0.79,30.2,1752242625718
0.0,0.0,0.811,30.2,1752242626042
0.0,0.0,0.874,30.2,1752242626399
0.0,0.0,0.853,30.2,1752242626722
0.0,0.0,0.822,30.2,1752242626909
0.0,0.0,0.79,30.2,1752242626998
31.709735870361328,-97.18831634521484,0.79,30.2,1752242627000
0.0,0.0,0.77,30.2,1752242627180
0.0,0.0,0.759,30.2,1752242627570
0.0,0.0,0.77,30.2,1752242627700
0.0,0.0,0.759,30.2,1752242627773
0.0,0.0,0.759,30.2,1752242627902
0.0,0.0,0.749,30.2,1752242627976
0.0,0.0,0.728,30.2,1752242628104
0.0,0.0,0.707,30.2,1752242628181
0.0,0.0,0.624,30.2,1752242628338
0.0,0.0,0.634,30.2,1752242628442
0.0,0.0,0.645,30.2,1752242628629
0.0,0.0,0.666,30.2,1752242628732
0.0,0.0,0.676,30.2,1752242628908
31.709732055664062,-97.18831634521484,0.676,30.2,1752242629000
0.0,0.0,0.676,30.2,1752242629011
0.0,0.0,0.676,30.2,1752242629431
0.0,0.0,0.676,30.2,1752242629510
0.0,0.0,0.697,30.2,1752242629636
0.0,0.0,0.676,30.2,1752242629709
0.0,0.0,0.686,30.2,1752242629833
0.0,0.0,0.686,30.2,1752242629906
0.0,0.0,0.718,30.2,1752242630033
0.0,0.0,0.728,30.2,1752242630106
0.0,0.0,0.738,30.2,1752242630272
0.0,0.0,0.738,30.2,1752242630377
0.0,0.0,0.738,30.2,1752242630557
0.0,0.0,0.749,30.2,1752242630662
0.0,0.0,0.749,30.2,1752242630838
0.0,0.0,0.738,30.2,1752242630942
0.0,0.0,0.718,30.2,1752242631389
0.0,0.0,0.697,30.2,1752242631454
0.0,0.0,0.697,30.2,1752242631579
0.0,0.0,0.686,30.2,1752242631651
0.0,0.0,0.707,30.2,1752242631778
0.0,0.0,0.707,30.2,1752242631851
0.0,0.0,0.707,30.2,1752242631974
31.7097225189209,-97.18832397460938,0.707,30.2,1752242632000
0.0,0.0,0.707,30.2,1752242632048
0.0,0.0,0.697,30.2,1752242632176
0.0,0.0,0.707,30.2,1752242632265
0.0,0.0,0.707,30.2,1752242632395
0.0,0.0,0.697,30.2,1752242632468
0.0,0.0,0.707,30.2,1752242632598
0.0,0.0,0.718,30.2,1752242632675
0.0,0.0,0.718,30.2,1752242632803
0.0,0.0,0.728,30.2,1752242632880
0.0,0.0,0.718,30.2,1752242633008
0.0,0.0,0.728,30.2,1752242633082
0.0,0.0,0.728,30.2,1752242633255
0.0,0.0,0.728,30.2,1752242633362
0.0,0.0,0.749,30.2,1752242633534
0.0,0.0,0.759,30.2,1752242633633
0.0,0.0,0.77,30.2,1752242633807
0.0,0.0,0.77,30.2,1752242633907
31.709718704223633,-97.18832397460938,0.77,30.2,1752242634000
0.0,0.0,0.78,30.2,1752242634322
0.0,0.0,0.77,30.2,1752242634401
0.0,0.0,0.78,30.2,1752242634527
0.0,0.0,0.77,30.2,1752242634598
0.0,0.0,0.78,30.2,1752242634726
0.0,0.0,0.78,30.2,1752242634797
0.0,0.0,0.78,30.2,1752242634921
0.0,0.0,0.77,30.2,1752242634991
0.0,0.0,0.759,30.2,1752242635116
0.0,0.0,0.759,30.2,1752242635189
0.0,0.0,0.749,30.2,1752242635341
0.0,0.0,0.749,30.2,1752242635440
0.0,0.0,0.738,30.2,1752242635613
0.0,0.0,0.738,30.2,1752242635800
0.0,0.0,0.738,30.2,1752242635927
0.0,0.0,0.728,30.2,1752242636026
0.0,0.0,0.728,30.2,1752242636433
0.0,0.0,0.728,30.2,1752242636512
0.0,0.0,0.738,30.2,1752242636636
0.0,0.0,0.728,30.2,1752242636708
0.0,0.0,0.728,30.2,1752242636832
0.0,0.0,0.728,30.2,1752242636903
31.70970916748047,-97.1883316040039,0.728,30.2,1752242637000
0.0,0.0,0.728,30.2,1752242637029
0.0,0.0,0.718,30.2,1752242637100
0.0,0.0,0.728,30.2,1752242637231
0.0,0.0,0.718,30.2,1752242637307
0.0,0.0,0.718,30.2,1752242637430
0.0,0.0,0.707,30.2,1752242637501
0.0,0.0,0.707,30.2,1752242637625
0.0,0.0,0.697,30.2,1752242637696
0.0,0.0,0.686,30.2,1752242637819
0.0,0.0,0.686,30.2,1752242637892
0.0,0.0,0.686,30.2,1752242638022
0.0,0.0,0.676,30.2,1752242638094
0.0,0.0,0.666,30.2,1752242638265
0.0,0.0,0.655,30.2,1752242638369
0.0,0.0,0.655,30.2,1752242638539
0.0,0.0,0.645,30.2,1752242638638
0.0,0.0,0.634,30.2,1752242638808
0.0,0.0,0.624,30.2,1752242638909
31.709701538085938,-97.1883316040039,0.624,30.2,1752242639000
0.0,0.0,0.624,30.2,1752242639303
0.0,0.0,0.624,30.2,1752242639383
0.0,0.0,0.614,30.2,1752242639509
0.0,0.0,0.603,30.2,1752242639582
0.0,0.0,0.593,30.2,1752242639707
0.0,0.0,0.582,30.2,1752242639779
0.0,0.0,0.614,30.2,1752242639943
31.709686279296875,-97.1883316040039,0.603,30.2,1752242640000
0.0,0.0,0.603,30.2,1752242640008
0.0,0.0,3.142,30.2,1752242671707
0.0,0.0,3.132,30.2,1752242671793
0.0,0.0,3.122,30.2,1752242671894
0.0,0.0,3.132,30.2,1752242671988
0.0,0.0,3.132,30.2,1752242672082
0.0,0.0,3.132,30.2,1752242672176
0.0,0.0,3.132,30.2,1752242672281
0.0,0.0,3.142,30.2,1752242672375
0.0,0.0,3.142,30.2,1752242672469
0.0,0.0,3.142,30.2,1752242672563
0.0,0.0,3.153,30.2,1752242672656
0.0,0.0,3.163,30.2,1752242672750
0.0,0.0,3.163,30.2,1752242672845
0.0,0.0,3.174,30.2,1752242672939
0.0,0.0,3.194,30.2,1752242673033
0.0,0.0,3.205,30.2,1752242673127
0.0,0.0,3.226,30.2,1752242673232
0.0,0.0,3.226,30.2,1752242673328
0.0,0.0,3.246,30.2,1752242673421
0.0,0.0,3.278,30.2,1752242673515
0.0,0.0,3.309,30.2,1752242673610
0.0,0.0,3.33,30.2,1752242673706
0.0,0.0,3.33,30.2,1752242673800
0.0,0.0,3.371,30.2,1752242673894
0.0,0.0,3.382,30.2,1752242673988
0.0,0.0,3.403,30.2,1752242674084
0.0,0.0,3.382,30.2,1752242674181
0.0,0.0,3.382,30.2,1752242674282
0.0,0.0,3.382,30.2,1752242674382
0.0,0.0,3.382,30.2,1752242674477
0.0,0.0,3.403,30.2,1752242674571
0.0,0.0,3.392,30.2,1752242674668
0.0,0.0,3.351,30.2,1752242674767
0.0,0.0,3.33,30.2,1752242674861
0.0,0.0,3.34,30.2,1752242674955
0.0,0.0,3.319,30.2,1752242675050
0.0,0.0,3.309,30.2,1752242675144
0.0,0.0,3.288,30.2,1752242675247
0.0,0.0,3.299,30.2,1752242675342
0.0,0.0,3.278,30.2,1752242675477
0.0,0.0,3.278,30.2,1752242675565
0.0,0.0,3.309,30.2,1752242675659
0.0,0.0,3.278,30.2,1752242675756
0.0,0.0,3.288,30.2,1752242675851
0.0,0.0,3.319,30.2,1752242675946
0.0,0.0,3.34,30.2,1752242676041
0.0,0.0,3.33,30.2,1752242676135
0.0,0.0,3.319,30.2,1752242676236
0.0,0.0,3.309,30.2,1752242676330
0.0,0.0,3.33,30.2,1752242676424
0.0,0.0,3.34,30.2,1752242676519
0.0,0.0,3.34,30.2,1752242676617
0.0,0.0,3.33,30.2,1752242676712
0.0,0.0,3.267,30.2,1752242676806
0.0,0.0,3.288,30.2,1752242676900
0.0,0.0,3.257,30.2,1752242676997
31.709991455078125,-97.18822479248047,3.257,30.2,1752242677000
0.0,0.0,3.246,30.2,1752242677093
0.0,0.0,3.246,30.2,1752242677193
0.0,0.0,3.236,30.2,1752242677295
0.0,0.0,3.246,30.2,1752242677392
0.0,0.0,3.246,30.2,1752242677486
0.0,0.0,3.236,30.2,1752242677579
0.0,0.0,3.215,30.2,1752242677673
0.0,0.0,3.205,30.2,1752242677767
0.0,0.0,3.236,30.2,1752242677861
0.0,0.0,3.288,30.2,1752242677962
0.0,0.0,3.278,30.2,1752242678032
0.0,0.0,3.288,30.2,1752242678150
0.0,0.0,3.288,30.2,1752242678241
0.0,0.0,3.257,30.2,1752242678404
0.0,0.0,3.288,30.2,1752242678503
0.0,0.0,3.288,30.2,1752242678664
0.0,0.0,3.278,30.2,1752242678763
0.0,0.0,3.278,30.2,1752242678924
31.709989547729492,-97.18822479248047,3.278,30.2,1752242679000
0.0,0.0,3.278,30.2,1752242679281
0.0,0.0,3.267,30.2,1752242679407
0.0,0.0,3.236,30.2,1752242679478
0.0,0.0,3.194,30.2,1752242679594
0.0,0.0,3.194,30.2,1752242679665
0.0,0.0,3.205,30.2,1752242679781
0.0,0.0,3.184,30.2,1752242679856
0.0,0.0,3.194,30.2,1752242679973
0.0,0.0,3.153,30.2,1752242680045
0.0,0.0,3.153,30.2,1752242680160
0.0,0.0,3.194,30.2,1752242680243
0.0,0.0,3.184,30.2,1752242680392
0.0,0.0,3.215,30.2,1752242680490
0.0,0.0,3.246,30.2,1752242680652
0.0,0.0,3.257,30.2,1752242680752
0.0,0.0,3.267,30.2,1752242680916
31.709985733032227,-97.188232421875,3.267,30.2,1752242681000
0.0,0.0,3.288,30.2,1752242681276
0.0,0.0,3.278,30.2,1752242681400
0.0,0.0,3.288,30.2,1752242681471
0.0,0.0,3.299,30.2,1752242681587
0.0,0.0,3.299,30.2,1752242681661
0.0,0.0,3.288,30.2,1752242681776
0.0,0.0,3.278,30.2,1752242681848
0.0,0.0,3.299,30.2,1752242681963
31.709985733032227,-97.188232421875,3.278,30.2,1752242682000
0.0,0.0,3.278,30.2,1752242682033
0.0,0.0,3.246,30.2,1752242682148
0.0,0.0,3.236,30.2,1752242682230
0.0,0.0,3.236,30.2,1752242682380
0.0,0.0,3.215,30.2,1752242682479
0.0,0.0,3.236,30.2,1752242682640
0.0,0.0,3.246,30.2,1752242682865
31.709980010986328,-97.18824005126953,3.246,30.2,1752242683000
0.0,0.0,3.246,30.2,1752242683615
0.0,0.0,3.246,30.2,1752242683693
0.0,0.0,3.246,30.2,1752242683863
0.0,0.0,3.226,30.2,1752242683965
0.0,0.0,3.184,30.2,1752242684133
0.0,0.0,3.153,30.2,1752242684247
0.0,0.0,3.184,30.2,1752242684428
0.0,0.0,3.153,30.2,1752242684990
31.709978103637695,-97.18824005126953,3.153,30.2,1752242685000
0.0,0.0,3.153,30.2,1752242685078
0.0,0.0,3.153,30.2,1752242685307
0.0,0.0,3.09,30.2,1752242685751
0.0,0.0,3.07,30.2,1752242685817
0.0,0.0,3.038,30.2,1752242685941
31.70997428894043,-97.18824768066406,3.018,30.2,1752242686000
0.0,0.0,3.018,30.2,1752242686012
0.0,0.0,3.007,30.2,1752242686139
0.0,0.0,3.007,30.2,1752242686224
0.0,0.0,3.028,30.2,1752242686377
0.0,0.0,3.038,30.2,1752242686476
0.0,0.0,2.986,30.2,1752242686649
0.0,0.0,2.965,30.2,1752242686833
0.0,0.0,2.955,30.2,1752242686968
0.0,0.0,2.945,30.2,1752242687311
0.0,0.0,2.965,30.2,1752242687438
0.0,0.0,2.934,30.2,1752242687518
0.0,0.0,2.934,30.2,1752242687685
0.0,0.0,2.882,30.2,1752242687781
0.0,0.0,2.851,30.2,1752242687955
0.0,0.0,2.841,30.2,1752242688054
0.0,0.0,2.809,30.2,1752242688230
0.0,0.0,2.768,30.2,1752242688607
0.0,0.0,2.726,30.2,1752242688734
0.0,0.0,2.705,30.2,1752242688805
0.0,0.0,2.664,30.2,1752242688930
31.709972381591797,-97.18824768066406,2.643,30.2,1752242689000
0.0,0.0,2.643,30.2,1752242689002
0.0,0.0,2.612,30.2,1752242689128
0.0,0.0,2.58,30.2,1752242689206
0.0,0.0,2.539,30.2,1752242689331
0.0,0.0,2.528,30.2,1752242689403
0.0,0.0,2.508,30.2,1752242689529
0.0,0.0,2.476,30.2,1752242689601
0.0,0.0,2.466,30.2,1752242689726
0.0,0.0,2.456,30.2,1752242689797
0.0,0.0,2.435,30.2,1752242689923
0.0,0.0,2.404,30.2,1752242689994
31.70996856689453,-97.1882553100586,2.404,30.2,1752242690000
0.0,0.0,2.404,30.2,1752242690118
0.0,0.0,2.404,30.2,1752242690192
0.0,0.0,2.372,30.2,1752242690346
0.0,0.0,2.414,30.2,1752242690447
0.0,0.0,2.424,30.2,1752242690624
0.0,0.0,2.393,30.2,1752242690724
0.0,0.0,2.393,30.2,1752242690898
0.0,0.0,2.393,30.2,1752242690992
0.0,0.0,2.445,30.2,1752242691487
0.0,0.0,2.435,30.2,1752242691550
0.0,0.0,2.445,30.2,1752242691682
0.0,0.0,2.497,30.2,1752242691780
0.0,0.0,2.487,30.2,1752242691953
31.709964752197266,-97.1882553100586,2.487,30.2,1752242692000
0.0,0.0,2.508,30.2,1752242692055
0.0,0.0,2.518,30.2,1752242692228
0.0,0.0,2.456,30.2,1752242692333
0.0,0.0,2.508,30.2,1752242692747
0.0,0.0,2.58,30.2,1752242692819
0.0,0.0,2.622,30.2,1752242692943
0.0,0.0,2.705,30.2,1752242693016
0.0,0.0,2.705,30.2,1752242693143
0.0,0.0,2.726,30.2,1752242693231
0.0,0.0,2.716,30.2,1752242693386
0.0,0.0,2.653,30.2,1752242693486
0.0,0.0,2.653,30.2,1752242693658
0.0,0.0,2.632,30.2,1752242693760
0.0,0.0,2.632,30.2,1752242693933
31.70994758605957,-97.18826293945312,2.632,30.2,1752242694000
0.0,0.0,2.664,30.2,1752242694288
0.0,0.0,2.601,30.2,1752242694417
0.0,0.0,2.539,30.2,1752242694487
0.0,0.0,2.508,30.2,1752242694683
0.0,0.0,2.435,30.2,1752242694747
0.0,0.0,2.414,30.2,1752242694874
0.0,0.0,2.404,30.2,1752242694947
0.0,0.0,2.414,30.2,1752242695071
0.0,0.0,2.424,30.2,1752242695144
0.0,0.0,2.445,30.2,1752242695300
0.0,0.0,2.456,30.2,1752242695399
0.0,0.0,2.466,30.2,1752242695572
0.0,0.0,2.456,30.2,1752242695811
0.0,0.0,2.456,30.2,1752242695899
31.70993423461914,-97.18826293945312,2.497,30.2,1752242696000
0.0,0.0,2.497,30.2,1752242696054
0.0,0.0,2.497,30.2,1752242696400
0.0,0.0,2.508,30.2,1752242696525
0.0,0.0,2.549,30.2,1752242696597
0.0,0.0,2.549,30.2,1752242696728
0.0,0.0,2.528,30.2,1752242696801
0.0,0.0,2.539,30.2,1752242696931
0.0,0.0,2.487,30.2,1752242697001
0.0,0.0,2.456,30.2,1752242697127
0.0,0.0,2.435,30.2,1752242697212
0.0,0.0,2.404,30.2,1752242697373
0.0,0.0,2.372,30.2,1752242697474
0.0,0.0,2.362,30.2,1752242697648
0.0,0.0,2.362,30.2,1752242697747
0.0,0.0,2.351,30.2,1752242697920
31.709924697875977,-97.18827056884766,2.351,30.2,1752242698000
0.0,0.0,2.341,30.2,1752242698263
0.0,0.0,2.341,30.2,1752242698394
0.0,0.0,2.341,30.2,1752242698465
0.0,0.0,2.331,30.2,1752242698595
0.0,0.0,2.331,30.2,1752242698668
0.0,0.0,2.32,30.2,1752242698795
0.0,0.0,2.32,30.2,1752242698866
0.0,0.0,2.299,30.2,1752242698992
0.0,0.0,2.289,30.2,1752242699063
0.0,0.0,2.279,30.2,1752242699197
0.0,0.0,2.289,30.2,1752242699289
0.0,0.0,2.279,30.2,1752242699447
0.0,0.0,2.299,30.2,1752242699546
0.0,0.0,2.289,30.2,1752242699720
0.0,0.0,2.289,30.2,1752242699818
0.0,0.0,2.299,30.2,1752242699992
0.0,0.0,2.31,30.2,1752242700339
0.0,0.0,2.299,30.2,1752242700473
0.0,0.0,2.299,30.2,1752242700546
0.0,0.0,2.32,30.2,1752242700710
0.0,0.0,2.341,30.2,1752242700774
0.0,0.0,2.341,30.2,1752242700898
0.0,0.0,2.331,30.2,1752242700969
31.709911346435547,-97.18827056884766,2.331,30.2,1752242701000
0.0,0.0,2.351,30.2,1752242701094
0.0,0.0,2.341,30.2,1752242701168
0.0,0.0,2.351,30.2,1752242701300
0.0,0.0,2.351,30.2,1752242701371
0.0,0.0,2.372,30.2,1752242701497
0.0,0.0,2.383,30.2,1752242701568
0.0,0.0,2.393,30.2,1752242701697
0.0,0.0,2.393,30.2,1752242701768
0.0,0.0,2.372,30.2,1752242701899
0.0,0.0,2.393,30.2,1752242701971
0.0,0.0,2.424,30.2,1752242702097
0.0,0.0,2.435,30.2,1752242702171
0.0,0.0,2.445,30.2,1752242702327
0.0,0.0,2.466,30.2,1752242702428
0.0,0.0,2.487,30.2,1752242702601
0.0,0.0,2.528,30.2,1752242702700
0.0,0.0,2.528,30.2,1752242702875
0.0,0.0,2.528,30.2,1752242702973
31.709911346435547,-97.18826293945312,2.528,30.2,1752242703000
0.0,0.0,2.57,30.2,1752242703386
0.0,0.0,2.591,30.2,1752242703465
0.0,0.0,2.601,30.2,1752242703592
0.0,0.0,2.612,30.2,1752242703663
0.0,0.0,2.643,30.2,1752242703789
0.0,0.0,2.653,30.2,1752242703863
0.0,0.0,2.653,30.2,1752242703991
0.0,0.0,2.674,30.2,1752242704063
0.0,0.0,2.674,30.2,1752242704194
0.0,0.0,2.653,30.2,1752242704285
0.0,0.0,2.664,30.2,1752242704456
0.0,0.0,2.685,30.2,1752242704556
0.0,0.0,2.685,30.2,1752242704732
0.0,0.0,2.685,30.2,1752242704832
31.70990562438965,-97.1882553100586,2.716,30.2,1752242705000
0.0,0.0,2.716,30.2,1752242705005
0.0,0.0,2.716,30.2,1752242705362
0.0,0.0,2.695,30.2,1752242705497
0.0,0.0,2.705,30.2,1752242705568
0.0,0.0,2.716,30.2,1752242705699
0.0,0.0,2.716,30.2,1752242705774
0.0,0.0,2.726,30.2,1752242705901
0.0,0.0,2.747,30.2,1752242705971
0.0,0.0,2.757,30.2,1752242706097
0.0,0.0,2.747,30.2,1752242706254
0.0,0.0,2.747,30.2,1752242706320
0.0,0.0,2.778,30.2,1752242706496
0.0,0.0,2.757,30.2,1752242706595
0.0,0.0,2.757,30.2,1752242706772
0.0,0.0,2.778,30.2,1752242706872
31.70989990234375,-97.1882553100586,2.747,30.2,1752242707000
0.0,0.0,2.747,30.2,1752242707043
0.0,0.0,2.768,30.2,1752242707387
0.0,0.0,2.789,30.2,1752242707517
0.0,0.0,2.789,30.2,1752242707591
0.0,0.0,2.799,30.2,1752242707719
0.0,0.0,2.789,30.2,1752242707790
0.0,0.0,2.778,30.2,1752242707917
0.0,0.0,2.768,30.2,1752242707989
0.0,0.0,2.757,30.2,1752242708118
0.0,0.0,2.757,30.2,1752242708192
0.0,0.0,2.768,30.2,1752242708345
0.0,0.0,2.757,30.2,1752242708444
0.0,0.0,2.768,30.2,1752242708616
0.0,0.0,2.747,30.2,1752242708715
0.0,0.0,2.737,30.2,1752242708894
0.0,0.0,2.737,30.2,1752242708995
0.0,0.0,2.716,30.4,1752242709443
0.0,0.0,2.747,30.4,1752242709526
0.0,0.0,2.747,30.4,1752242709653
0.0,0.0,2.726,30.4,1752242709724
0.0,0.0,2.705,30.4,1752242709854
0.0,0.0,2.705,30.4,1752242709925
31.70989227294922,-97.18826293945312,2.716,30.4,1752242710000
0.0,0.0,2.716,30.4,1752242710053
0.0,0.0,2.726,30.4,1752242710124
0.0,0.0,2.695,30.4,1752242710260
0.0,0.0,2.705,30.4,1752242710331
0.0,0.0,2.705,30.4,1752242710458
0.0,0.0,2.705,30.4,1752242710529
0.0,0.0,2.695,30.4,1752242710656
0.0,0.0,2.664,30.4,1752242710729
0.0,0.0,2.653,30.4,1752242710858
0.0,0.0,2.674,30.4,1752242710931
0.0,0.0,2.674,30.4,1752242711063
0.0,0.0,2.674,30.4,1752242711134
0.0,0.0,2.632,30.4,1752242711289
0.0,0.0,2.622,30.4,1752242711388
0.0,0.0,2.591,30.4,1752242711567
0.0,0.0,2.591,30.4,1752242711667
0.0,0.0,2.57,30.4,1752242711844
0.0,0.0,2.549,30.4,1752242711938
31.70988655090332,-97.18826293945312,2.549,30.4,1752242712000
0.0,0.0,2.539,30.4,1752242712348
0.0,0.0,2.539,30.4,1752242712430
0.0,0.0,2.528,30.4,1752242712558
0.0,0.0,2.518,30.4,1752242712628
0.0,0.0,2.508,30.4,1752242712757
0.0,0.0,2.508,30.4,1752242712828
0.0,0.0,2.497,30.4,1752242712959
0.0,0.0,2.476,30.4,1752242713031
0.0,0.0,2.487,30.4,1752242713167
0.0,0.0,2.476,30.4,1752242713258
0.0,0.0,2.466,30.4,1752242713424
0.0,0.0,2.508,30.4,1752242713523
0.0,0.0,2.497,30.4,1752242713702
0.0,0.0,2.508,30.4,1752242713802
0.0,0.0,2.476,30.4,1752242713974
31.709882736206055,-97.18826293945312,2.476,30.4,1752242714000
0.0,0.0,2.476,30.4,1752242714330
0.0,0.0,2.466,30.4,1752242714495
0.0,0.0,2.456,30.4,1752242714566
0.0,0.0,2.466,30.4,1752242714693
0.0,0.0,2.456,30.4,1752242714765
0.0,0.0,2.445,30.4,1752242714895
0.0,0.0,2.466,30.4,1752242715071
0.0,0.0,2.508,30.4,1752242715134
0.0,0.0,2.476,30.4,1752242715281
0.0,0.0,2.487,30.4,1752242715369
0.0,0.0,2.466,30.4,1752242715548
0.0,0.0,2.487,30.4,1752242715647
0.0,0.0,2.508,30.4,1752242715826
0.0,0.0,2.549,30.4,1752242715924
31.709880828857422,-97.18826293945312,2.549,30.4,1752242716000
0.0,0.0,2.58,30.4,1752242716348
0.0,0.0,2.591,30.4,1752242716428
0.0,0.0,2.591,30.4,1752242716559
0.0,0.0,2.601,30.4,1752242716630
0.0,0.0,2.601,30.4,1752242716760
0.0,0.0,2.58,30.4,1752242716835
0.0,0.0,2.591,30.4,1752242716964
0.0,0.0,2.643,30.4,1752242717035
0.0,0.0,2.664,30.4,1752242717165
0.0,0.0,2.685,30.4,1752242717256
0.0,0.0,2.674,30.4,1752242717439
0.0,0.0,2.695,30.4,1752242717538
0.0,0.0,2.737,30.4,1752242717718
0.0,0.0,2.768,30.4,1752242717818
0.0,0.0,2.789,30.4,1752242717991
31.709880828857422,-97.18826293945312,2.789,30.4,1752242718000
0.0,0.0,2.768,30.4,1752242718335
0.0,0.0,2.768,30.4,1752242718473
0.0,0.0,2.851,30.4,1752242718544
0.0,0.0,2.882,30.4,1752242718673
0.0,0.0,2.841,30.4,1752242718744
0.0,0.0,2.882,30.4,1752242718879
0.0,0.0,2.903,30.4,1752242718951
0.0,0.0,2.934,30.4,1752242719082
0.0,0.0,2.893,30.4,1752242719152
0.0,0.0,2.861,30.4,1752242719314
0.0,0.0,2.83,30.4,1752242719404
0.0,0.0,2.82,30.4,1752242719585
0.0,0.0,2.83,30.4,1752242719686
0.0,0.0,2.851,30.4,1752242719866
0.0,0.0,2.861,30.4,1752242719966
31.709877014160156,-97.18827056884766,2.861,30.4,1752242720000
0.0,0.0,2.83,30.4,1752242720380
0.0,0.0,2.851,30.4,1752242720460
0.0,0.0,2.841,30.4,1752242720592
0.0,0.0,2.799,30.4,1752242720664
0.0,0.0,2.809,30.4,1752242720797
0.0,0.0,2.841,30.4,1752242720869
0.0,0.0,2.851,30.4,1752242720999
0.0,0.0,2.861,30.4,1752242721070
0.0,0.0,2.861,30.4,1752242721201
0.0,0.0,2.851,30.4,1752242721290
0.0,0.0,2.841,30.4,1752242721461
0.0,0.0,2.789,30.4,1752242721561
0.0,0.0,2.799,30.4,1752242721741
0.0,0.0,2.757,30.4,1752242721841
31.709871292114258,-97.18827056884766,2.705,30.4,1752242722000
0.0,0.0,2.705,30.4,1752242722021
0.0,0.0,2.716,30.4,1752242722373
0.0,0.0,2.695,30.4,1752242722511
0.0,0.0,2.705,30.4,1752242722582
0.0,0.0,2.695,30.4,1752242722715
0.0,0.0,2.664,30.4,1752242722788
0.0,0.0,2.653,30.4,1752242722917
0.0,0.0,2.622,30.4,1752242722988
0.0,0.0,2.601,30.4,1752242723120
0.0,0.0,2.622,30.4,1752242723197
0.0,0.0,2.612,30.4,1752242723339
0.0,0.0,2.622,30.4,1752242723437
0.0,0.0,2.622,30.4,1752242723617
0.0,0.0,2.622,30.4,1752242723718
0.0,0.0,2.612,30.4,1752242723897
31.709867477416992,-97.18827056884766,2.612,30.4,1752242724000
0.0,0.0,2.612,30.4,1752242724074
0.0,0.0,2.601,30.4,1752242724466
0.0,0.0,2.58,30.4,1752242724537
0.0,0.0,2.58,30.4,1752242724671
0.0,0.0,2.58,30.4,1752242724809
0.0,0.0,2.57,30.4,1752242724874
0.0,0.0,2.56,30.4,1752242725004
0.0,0.0,2.549,30.4,1752242725075
0.0,0.0,2.56,30.4,1752242725241
0.0,0.0,2.56,30.4,1752242725348
0.0,0.0,2.549,30.4,1752242725530
0.0,0.0,2.57,30.4,1752242725630
0.0,0.0,2.591,30.4,1752242725811
0.0,0.0,2.601,30.4,1752242725908
0.0,0.0,2.601,30.4,1752242726326
0.0,0.0,2.601,30.4,1752242726396
0.0,0.0,2.601,30.4,1752242726525
0.0,0.0,2.591,30.4,1752242726596
0.0,0.0,2.612,30.4,1752242726724
0.0,0.0,2.601,30.4,1752242726795
0.0,0.0,2.622,30.4,1752242726929
0.0,0.0,2.612,30.4,1752242727000
31.709857940673828,-97.18827056884766,2.612,30.4,1752242727000
0.0,0.0,2.612,30.4,1752242727130
0.0,0.0,2.601,30.4,1752242727212
0.0,0.0,2.56,30.4,1752242727342
0.0,0.0,2.56,30.4,1752242727412
0.0,0.0,2.56,30.4,1752242727543
0.0,0.0,2.56,30.4,1752242727614
0.0,0.0,2.58,30.4,1752242727745
0.0,0.0,2.58,30.4,1752242727820
0.0,0.0,2.601,30.4,1752242727950
0.0,0.0,2.612,30.4,1752242728020
0.0,0.0,2.57,30.4,1752242728151
0.0,0.0,2.58,30.4,1752242728244
0.0,0.0,2.622,30.4,1752242728423
0.0,0.0,2.632,30.4,1752242728522
0.0,0.0,2.664,30.4,1752242728701
0.0,0.0,2.695,30.4,1752242728803
0.0,0.0,2.705,30.4,1752242728983
31.709854125976562,-97.18827056884766,2.705,30.4,1752242729000
0.0,0.0,2.705,30.4,1752242729317
0.0,0.0,2.705,30.4,1752242729456
0.0,0.0,2.747,30.4,1752242729526
0.0,0.0,2.726,30.4,1752242729656
0.0,0.0,2.716,30.4,1752242729727
0.0,0.0,2.737,30.4,1752242729862
0.0,0.0,2.768,30.4,1752242729934
0.0,0.0,2.747,30.4,1752242730064
0.0,0.0,2.799,30.4,1752242730138
0.0,0.0,2.809,30.4,1752242730301
0.0,0.0,2.789,30.4,1752242730401
0.0,0.0,2.841,30.4,1752242730580
0.0,0.0,2.861,30.4,1752242730681
0.0,0.0,2.882,30.4,1752242730859
0.0,0.0,2.861,30.4,1752242730958
31.709850311279297,-97.18827056884766,2.861,30.4,1752242731000
0.0,0.0,2.893,30.4,1752242731370
0.0,0.0,2.945,30.4,1752242731449
0.0,0.0,2.986,30.4,1752242731580
0.0,0.0,2.997,30.4,1752242731651
0.0,0.0,3.049,30.4,1752242731787
0.0,0.0,3.049,30.4,1752242731859
0.0,0.0,3.09,30.4,1752242731991
0.0,0.0,3.142,30.4,1752242732062
0.0,0.0,3.101,30.4,1752242732196
0.0,0.0,3.132,30.4,1752242732285
0.0,0.0,3.174,30.4,1752242732459
0.0,0.0,3.194,30.4,1752242732558
0.0,0.0,3.215,30.4,1752242732739
0.0,0.0,3.194,30.4,1752242732839
31.7098445892334,-97.18827819824219,3.184,30.4,1752242733000
0.0,0.0,3.184,30.4,1752242733012
0.0,0.0,3.174,30.4,1752242733354
0.0,0.0,3.174,30.4,1752242733493
0.0,0.0,3.194,30.4,1752242733563
0.0,0.0,3.153,30.4,1752242733696
0.0,0.0,3.163,30.4,1752242733767
0.0,0.0,3.194,30.4,1752242733898
0.0,0.0,3.194,30.4,1752242733970
0.0,0.0,3.205,30.4,1752242734101
0.0,0.0,3.236,30.4,1752242734175
0.0,0.0,3.257,30.4,1752242734333
0.0,0.0,3.288,30.4,1752242734432
0.0,0.0,3.319,30.4,1752242734634
0.0,0.0,3.361,30.4,1752242734734
0.0,0.0,3.371,30.4,1752242734915
31.709840774536133,-97.18827819824219,3.382,30.4,1752242735000
0.0,0.0,3.382,30.4,1752242735014
0.0,0.0,3.403,30.4,1752242735442
0.0,0.0,3.371,30.4,1752242735513
0.0,0.0,3.361,30.4,1752242735648
0.0,0.0,3.34,30.4,1752242735719
0.0,0.0,3.319,30.4,1752242735853
0.0,0.0,3.267,30.4,1752242735926
0.0,0.0,3.288,30.4,1752242736056
0.0,0.0,3.246,30.4,1752242736128
0.0,0.0,3.215,30.4,1752242736279
0.0,0.0,3.153,30.4,1752242736382
0.0,0.0,3.132,30.4,1752242736562
0.0,0.0,3.122,30.4,1752242736662
0.0,0.0,3.122,30.4,1752242736844
0.0,0.0,3.142,30.4,1752242736946
0.0,0.0,3.184,30.4,1752242737361
0.0,0.0,3.194,30.4,1752242737441
0.0,0.0,3.205,30.4,1752242737574
0.0,0.0,3.215,30.4,1752242737646
0.0,0.0,3.174,30.4,1752242737778
0.0,0.0,3.184,30.4,1752242737849
0.0,0.0,3.194,30.4,1752242737981
0.0,0.0,3.205,30.4,1752242738052
0.0,0.0,3.194,30.4,1752242738182
0.0,0.0,3.194,30.2,1752242738263
0.0,0.0,3.174,30.2,1752242738428
0.0,0.0,3.142,30.2,1752242738500
0.0,0.0,3.101,30.2,1752242738632
0.0,0.0,3.08,30.2,1752242738706
0.0,0.0,3.08,30.2,1752242738840
0.0,0.0,3.07,30.2,1752242738911
31.709836959838867,-97.18828582763672,3.08,30.2,1752242739000
0.0,0.0,3.08,30.2,1752242739045
0.0,0.0,3.059,30.2,1752242739118
0.0,0.0,3.059,30.2,1752242739259
0.0,0.0,3.07,30.2,1752242739333
0.0,0.0,3.08,30.2,1752242739463
0.0,0.0,3.09,30.2,1752242739534
0.0,0.0,3.07,30.2,1752242739666
0.0,0.0,3.08,30.2,1752242739737
0.0,0.0,3.07,30.2,1752242739869
0.0,0.0,3.09,30.2,1752242739942
31.70983123779297,-97.18828582763672,3.09,30.2,1752242740000
0.0,0.0,3.07,30.2,1752242740074
0.0,0.0,3.059,30.2,1752242740145
0.0,0.0,3.038,30.2,1752242740325
0.0,0.0,3.028,30.2,1752242740424
0.0,0.0,3.018,30.2,1752242740605
0.0,0.0,2.997,30.2,1752242740711
0.0,0.0,2.976,30.2,1752242740894
0.0,0.0,2.965,30.2,1752242740995
0.0,0.0,2.986,30.2,1752242741405
0.0,0.0,2.976,30.2,1752242741485
0.0,0.0,2.965,30.2,1752242741624
0.0,0.0,2.945,30.2,1752242741720
0.0,0.0,2.913,30.2,1752242741901
31.709827423095703,-97.18828582763672,2.913,30.2,1752242742000
0.0,0.0,2.913,30.2,1752242742001
0.0,0.0,2.903,30.2,1752242742184
0.0,0.0,2.903,30.2,1752242742299
0.0,0.0,2.903,30.2,1752242742717
0.0,0.0,2.882,30.2,1752242742791
0.0,0.0,2.872,30.2,1752242742924
0.0,0.0,2.872,30.2,1752242743001
0.0,0.0,2.841,30.2,1752242743134
0.0,0.0,2.809,30.2,1752242743241
0.0,0.0,2.799,30.2,1752242743421
0.0,0.0,2.809,30.2,1752242743522
0.0,0.0,2.809,30.2,1752242743704
0.0,0.0,2.809,30.2,1752242743810
0.0,0.0,2.809,30.2,1752242743987
0.0,0.0,2.799,30.2,1752242744336
0.0,0.0,2.799,30.2,1752242744477
0.0,0.0,2.799,30.2,1752242744553
0.0,0.0,2.778,30.2,1752242744687
0.0,0.0,2.768,30.2,1752242744763
0.0,0.0,2.768,30.2,1752242744899
0.0,0.0,2.768,30.2,1752242744975
31.70982551574707,-97.18829345703125,2.768,30.2,1752242745000
0.0,0.0,2.768,30.2,1752242745112
0.0,0.0,2.747,30.2,1752242745191
0.0,0.0,2.747,30.2,1752242745332
0.0,0.0,2.737,30.2,1752242745409
0.0,0.0,2.705,30.2,1752242745549
0.0,0.0,2.705,30.2,1752242745624
0.0,0.0,2.705,30.2,1752242745763
0.0,0.0,2.685,30.2,1752242745838
0.0,0.0,2.674,30.2,1752242745974
31.709821701049805,-97.18829345703125,2.674,30.2,1752242746000
0.0,0.0,2.695,30.2,1752242746050
0.0,0.0,2.716,30.2,1752242746197
0.0,0.0,2.716,30.2,1752242746302
0.0,0.0,2.716,30.2,1752242746479
0.0,0.0,2.726,30.2,1752242746580
0.0,0.0,2.726,30.2,1752242746773
0.0,0.0,2.716,30.2,1752242746875
0.0,0.0,2.737,30.2,1752242747054
0.0,0.0,2.737,30.2,1752242747416
0.0,0.0,2.747,30.2,1752242747565
0.0,0.0,2.778,30.2,1752242747657
0.0,0.0,2.799,30.2,1752242747845
0.0,0.0,2.778,30.2,1752242747950
31.70981788635254,-97.18829345703125,2.778,30.2,1752242748000
0.0,0.0,2.768,30.2,1752242748137
0.0,0.0,2.757,30.2,1752242748253
0.0,0.0,2.747,30.2,1752242748669
0.0,0.0,2.726,30.2,1752242748742
0.0,0.0,2.747,30.2,1752242748880
0.0,0.0,2.778,30.2,1752242748952
0.0,0.0,2.747,30.2,1752242749088
0.0,0.0,2.768,30.2,1752242749164
0.0,0.0,2.757,30.2,1752242749319
0.0,0.0,2.705,30.2,1752242749420
0.0,0.0,2.685,30.2,1752242749605
0.0,0.0,2.685,30.2,1752242749707
0.0,0.0,2.685,30.2,1752242749890
0.0,0.0,2.685,30.2,1752242749993
31.709815979003906,-97.18829345703125,2.685,30.2,1752242750000
0.0,0.0,2.685,30.2,1752242750415
0.0,0.0,2.685,30.2,1752242750495
0.0,0.0,2.643,30.2,1752242750626
0.0,0.0,2.612,30.2,1752242750698
0.0,0.0,2.622,30.2,1752242750836
0.0,0.0,2.601,30.2,1752242750910
0.0,0.0,2.591,30.2,1752242751044
0.0,0.0,2.601,30.2,1752242751117
0.0,0.0,2.601,30.2,1752242751273
0.0,0.0,2.591,30.2,1752242751376
0.0,0.0,2.601,30.2,1752242751562
0.0,0.0,2.591,30.2,1752242751665
0.0,0.0,2.57,30.2,1752242751856
0.0,0.0,2.57,30.2,1752242751964
31.709814071655273,-97.18830108642578,2.57,30.2,1752242752000
0.0,0.0,2.56,30.2,1752242752402
0.0,0.0,2.549,30.2,1752242752478
0.0,0.0,2.518,30.2,1752242752616
0.0,0.0,2.518,30.2,1752242752690
0.0,0.0,2.508,30.2,1752242752826
0.0,0.0,2.508,30.2,1752242752905
0.0,0.0,2.487,30.2,1752242753041
0.0,0.0,2.487,30.2,1752242753117
0.0,0.0,2.456,30.2,1752242753270
0.0,0.0,2.456,30.2,1752242753328
0.0,0.0,2.445,30.2,1752242753515
0.0,0.0,2.404,30.2,1752242753620
0.0,0.0,2.404,30.2,1752242753767
0.0,0.0,2.424,30.2,1752242753877
31.709808349609375,-97.18830108642578,2.424,30.2,1752242754000
0.0,0.0,2.414,30.2,1752242754316
0.0,0.0,2.404,30.2,1752242754400
0.0,0.0,2.393,30.2,1752242754533
0.0,0.0,2.383,30.2,1752242754609
0.0,0.0,2.383,30.2,1752242754709
0.0,0.0,2.383,30.2,1752242754790
0.0,0.0,2.393,30.2,1752242754923
0.0,0.0,2.372,30.2,1752242754998
0.0,0.0,2.383,30.2,1752242755129
0.0,0.0,2.383,30.2,1752242755212
0.0,0.0,2.372,30.2,1752242755368
0.0,0.0,2.351,30.2,1752242755476
0.0,0.0,2.32,30.2,1752242755661
0.0,0.0,2.331,30.2,1752242755762
0.0,0.0,2.31,30.2,1752242755944
31.709802627563477,-97.18830108642578,2.31,30.2,1752242756000
0.0,0.0,2.31,30.2,1752242756051
0.0,0.0,2.299,30.2,1752242756472
0.0,0.0,2.289,30.2,1752242756545
0.0,0.0,2.279,30.2,1752242756684
0.0,0.0,2.289,30.2,1752242756761
0.0,0.0,2.268,30.2,1752242756891
0.0,0.0,2.237,30.2,1752242756965
0.0,0.0,2.227,30.2,1752242757065
0.0,0.0,2.216,30.2,1752242757140
0.0,0.0,2.247,30.2,1752242757293
0.0,0.0,2.237,30.2,1752242757397
0.0,0.0,2.258,30.2,1752242757586
0.0,0.0,2.258,30.2,1752242757691
0.0,0.0,2.268,30.2,1752242757876
0.0,0.0,2.258,30.2,1752242757983
31.70979881286621,-97.18830108642578,2.258,30.2,1752242758000
0.0,0.0,2.227,30.2,1752242758409
0.0,0.0,2.195,30.2,1752242758485
0.0,0.0,2.195,30.2,1752242758619
0.0,0.0,2.185,30.2,1752242758700
0.0,0.0,2.175,30.2,1752242758834
0.0,0.0,2.154,30.2,1752242758908
0.0,0.0,2.133,30.2,1752242759040
0.0,0.0,2.102,30.2,1752242759115
0.0,0.0,2.102,30.2,1752242759271
0.0,0.0,2.05,30.2,1752242759379
0.0,0.0,2.018,30.2,1752242759561
0.0,0.0,2.008,30.2,1752242759670
0.0,0.0,2.029,30.2,1752242759861
0.0,0.0,2.018,30.2,1752242759968
31.709794998168945,-97.18830108642578,2.018,30.2,1752242760000
0.0,0.0,2.018,30.2,1752242760395
0.0,0.0,2.018,30.2,1752242760471
0.0,0.0,2.008,30.2,1752242760605
0.0,0.0,1.998,30.2,1752242760684
0.0,0.0,1.966,30.2,1752242760816
0.0,0.0,1.977,30.2,1752242760890
0.0,0.0,1.914,30.2,1752242761022
0.0,0.0,1.914,30.2,1752242761064
0.0,0.0,1.914,30.2,1752242761215
0.0,0.0,1.904,30.2,1752242761328
0.0,0.0,1.852,30.2,1752242761512
0.0,0.0,1.831,30.2,1752242761617
0.0,0.0,1.821,30.2,1752242761805
0.0,0.0,1.8,30.2,1752242761911
31.70979118347168,-97.18830108642578,1.8,30.2,1752242762000
0.0,0.0,1.769,30.2,1752242762332
0.0,0.0,1.758,30.2,1752242762407
0.0,0.0,1.769,30.2,1752242762543
0.0,0.0,1.769,30.2,1752242762618
0.0,0.0,1.8,30.2,1752242762716
0.0,0.0,1.81,30.2,1752242762792
0.0,0.0,1.8,30.2,1752242762925
0.0,0.0,1.821,30.2,1752242763000
0.0,0.0,1.81,30.2,1752242763134
0.0,0.0,1.852,30.2,1752242763226
0.0,0.0,1.821,30.2,1752242763399
0.0,0.0,1.842,30.2,1752242763506
0.0,0.0,1.852,30.2,1752242763694
0.0,0.0,1.883,30.2,1752242763801
0.0,0.0,1.862,30.2,1752242763973
31.709787368774414,-97.18830108642578,1.862,30.2,1752242764000
0.0,0.0,1.873,30.2,1752242764320
0.0,0.0,1.873,30.2,1752242764453
0.0,0.0,1.862,30.2,1752242764529
0.0,0.0,1.894,30.2,1752242764662
0.0,0.0,1.904,30.2,1752242764739
0.0,0.0,1.966,30.2,1752242764874
0.0,0.0,1.966,30.2,1752242764950
0.0,0.0,2.008,30.2,1752242765081
0.0,0.0,2.029,30.2,1752242765154
0.0,0.0,2.018,30.2,1752242765332
0.0,0.0,2.039,30.2,1752242765439
0.0,0.0,2.07,30.2,1752242765622
0.0,0.0,2.07,30.2,1752242765730
0.0,0.0,2.102,30.2,1752242765912
31.70978355407715,-97.18830871582031,2.143,30.2,1752242766000
0.0,0.0,2.143,30.2,1752242766017
0.0,0.0,2.143,30.2,1752242766436
0.0,0.0,2.154,30.2,1752242766514
0.0,0.0,2.123,30.2,1752242766649
0.0,0.0,2.123,30.2,1752242766723
0.0,0.0,2.102,30.2,1752242766856
0.0,0.0,2.091,30.2,1752242766931
0.0,0.0,2.123,30.2,1752242767064
0.0,0.0,2.133,30.2,1752242767140
0.0,0.0,2.102,30.2,1752242767295
0.0,0.0,2.123,30.2,1752242767401
0.0,0.0,2.102,30.2,1752242767588
0.0,0.0,2.081,30.2,1752242767695
0.0,0.0,2.07,30.2,1752242767880
0.0,0.0,2.05,30.2,1752242767982
31.70977783203125,-97.18830871582031,2.05,30.2,1752242768000
0.0,0.0,2.05,30.2,1752242768406
0.0,0.0,2.06,30.2,1752242768481
0.0,0.0,2.081,30.2,1752242768618
0.0,0.0,2.07,30.2,1752242768694
0.0,0.0,2.05,30.2,1752242768827
0.0,0.0,2.018,30.2,1752242768903
0.0,0.0,2.029,30.2,1752242769039
0.0,0.0,2.018,30.2,1752242769115
0.0,0.0,2.018,30.2,1752242769264
0.0,0.0,2.029,30.2,1752242769362
0.0,0.0,2.008,30.2,1752242769547
0.0,0.0,2.018,30.2,1752242769654
0.0,0.0,2.008,30.2,1752242769840
0.0,0.0,1.998,30.2,1752242769948
31.709775924682617,-97.18830871582031,1.998,30.2,1752242770000
0.0,0.0,1.956,30.2,1752242770376
0.0,0.0,1.966,30.2,1752242770451
0.0,0.0,1.956,30.2,1752242770586
0.0,0.0,1.966,30.2,1752242770660
0.0,0.0,1.946,30.2,1752242770798
0.0,0.0,1.914,30.2,1752242770873
0.0,0.0,1.914,30.2,1752242771008
0.0,0.0,1.894,30.2,1752242771085
0.0,0.0,1.914,30.2,1752242771240
0.0,0.0,1.883,30.2,1752242771345
0.0,0.0,1.873,30.2,1752242771529
0.0,0.0,1.862,30.2,1752242771634
0.0,0.0,1.862,30.2,1752242771821
0.0,0.0,1.842,30.2,1752242771920
31.70977210998535,-97.18830871582031,1.842,30.2,1752242772000
0.0,0.0,1.831,30.2,1752242772281
0.0,0.0,1.831,30.2,1752242772362
0.0,0.0,1.821,30.2,1752242772465
0.0,0.0,1.842,30.2,1752242772541
0.0,0.0,1.831,30.2,1752242772675
0.0,0.0,1.821,30.2,1752242772750
0.0,0.0,1.8,30.2,1752242772885
0.0,0.0,1.842,30.2,1752242772927
0.0,0.0,1.8,30.2,1752242773061
0.0,0.0,1.79,30.2,1752242773137
0.0,0.0,1.758,30.2,1752242773292
0.0,0.0,1.779,30.2,1752242773396
0.0,0.0,1.748,30.2,1752242773577
0.0,0.0,1.727,30.2,1752242773636
0.0,0.0,1.727,30.2,1752242773822
0.0,0.0,1.727,30.2,1752242773928
31.709766387939453,-97.18831634521484,1.727,30.2,1752242774000
0.0,0.0,1.737,30.2,1752242774089
0.0,0.0,1.737,30.2,1752242774407
0.0,0.0,1.717,30.2,1752242774538
0.0,0.0,1.675,30.2,1752242774613
0.0,0.0,1.665,30.2,1752242774746
0.0,0.0,1.665,30.2,1752242774823
0.0,0.0,1.654,30.2,1752242774923
0.0,0.0,1.633,30.2,1752242775000
31.709762573242188,-97.18831634521484,1.633,30.2,1752242775000
0.0,0.0,1.623,30.2,1752242775131
0.0,0.0,1.613,30.2,1752242775224
0.0,0.0,1.602,30.2,1752242775405
0.0,0.0,1.561,30.2,1752242775511
0.0,0.0,1.529,30.2,1752242775694
0.0,0.0,1.477,30.2,1752242775803
0.0,0.0,1.477,30.2,1752242775981
0.0,0.0,1.477,30.2,1752242776341
0.0,0.0,1.467,30.2,1752242776471
0.0,0.0,1.415,30.2,1752242776519
0.0,0.0,1.404,30.2,1752242776627
0.0,0.0,1.394,30.2,1752242776733
0.0,0.0,1.394,30.2,1752242776917
0.0,0.0,1.363,30.2,1752242777023
0.0,0.0,1.321,30.2,1752242777201
0.0,0.0,1.29,30.2,1752242777584
0.0,0.0,1.29,30.2,1752242777683
0.0,0.0,4.995,29.4,1752242808704
0.0,0.0,4.974,29.4,1752242808770
0.0,0.0,4.974,29.4,1752242808903
0.0,0.0,4.984,29.4,1752242808975
31.709888458251953,-97.1881332397461,4.984,29.4,1752242809000
0.0,0.0,4.984,29.4,1752242809107
0.0,0.0,4.974,29.4,1752242809184
0.0,0.0,4.974,29.4,1752242809323
0.0,0.0,4.964,29.4,1752242809401
0.0,0.0,4.964,29.4,1752242809532
0.0,0.0,4.964,29.4,1752242809605
0.0,0.0,4.964,29.4,1752242809735
0.0,0.0,4.953,29.4,1752242809806
0.0,0.0,4.943,29.4,1752242809939
31.709890365600586,-97.18814086914062,4.943,29.4,1752242810000
0.0,0.0,4.943,29.4,1752242810011
0.0,0.0,4.953,29.4,1752242810142
0.0,0.0,4.932,29.4,1752242810236
0.0,0.0,4.932,29.4,1752242810368
0.0,0.0,4.932,29.4,1752242810783
31.709888458251953,-97.18814849853516,4.932,29.4,1752242811000
0.0,0.0,4.943,29.4,1752242811319
0.0,0.0,4.953,29.4,1752242811804
0.0,0.0,4.974,29.4,1752242811900
0.0,0.0,4.974,29.4,1752242812080
0.0,0.0,4.995,29.4,1752242812837
0.0,0.0,4.995,29.4,1752242812931
0.0,0.0,5.005,29.4,1752242813107
0.0,0.0,5.005,29.4,1752242813260
0.0,0.0,5.005,29.4,1752242813436
0.0,0.0,5.016,29.4,1752242813767
0.0,0.0,5.005,29.4,1752242813887
0.0,0.0,5.005,29.4,1752242813962
31.709888458251953,-97.18817138671875,5.005,29.4,1752242814000
0.0,0.0,5.005,29.4,1752242814081
0.0,0.0,4.984,29.4,1752242814154
0.0,0.0,4.964,29.4,1752242814284
0.0,0.0,4.953,29.4,1752242814360
0.0,0.0,4.932,29.4,1752242814481
0.0,0.0,4.922,29.4,1752242814553
0.0,0.0,4.912,29.4,1752242814674
0.0,0.0,4.912,29.4,1752242814746
0.0,0.0,4.901,29.4,1752242814866
0.0,0.0,4.891,29.4,1752242814938
31.709897994995117,-97.18818664550781,4.891,29.4,1752242815000
0.0,0.0,4.891,29.4,1752242815057
0.0,0.0,4.891,29.4,1752242815132
0.0,0.0,4.891,29.4,1752242815262
0.0,0.0,4.901,29.4,1752242815360
0.0,0.0,4.912,29.4,1752242815531
0.0,0.0,4.922,29.4,1752242815630
0.0,0.0,4.932,29.4,1752242815802
0.0,0.0,4.932,29.4,1752242815911
0.0,0.0,4.943,29.4,1752242816139
0.0,0.0,4.943,29.4,1752242816431
0.0,0.0,4.943,29.4,1752242816561
0.0,0.0,4.943,29.4,1752242816661
0.0,0.0,4.932,29.4,1752242816841
0.0,0.0,4.932,29.4,1752242816942
0.0,0.0,4.922,29.4,1752242817144
0.0,0.0,4.922,29.4,1752242817260
0.0,0.0,4.922,29.4,1752242817648
0.0,0.0,4.912,29.4,1752242817723
0.0,0.0,4.912,29.4,1752242817845
0.0,0.0,4.912,29.4,1752242817916
31.70989990234375,-97.18820190429688,4.912,29.4,1752242818000
0.0,0.0,4.912,29.4,1752242818037
0.0,0.0,4.912,29.4,1752242818108
0.0,0.0,4.912,29.4,1752242818242
0.0,0.0,4.912,29.4,1752242818314
0.0,0.0,4.912,29.4,1752242818435
0.0,0.0,4.912,29.4,1752242818507
0.0,0.0,4.912,29.4,1752242818628
0.0,0.0,4.912,29.4,1752242818700
0.0,0.0,4.912,29.4,1752242818821
0.0,0.0,4.912,29.4,1752242818895
31.709897994995117,-97.18821716308594,4.912,29.4,1752242819000
0.0,0.0,4.912,29.4,1752242819016
0.0,0.0,4.912,29.4,1752242819088
0.0,0.0,4.912,29.4,1752242819215
0.0,0.0,4.901,29.4,1752242819311
0.0,0.0,4.901,29.4,1752242819481
0.0,0.0,4.901,29.4,1752242819581
0.0,0.0,4.901,29.4,1752242819758
0.0,0.0,4.901,29.4,1752242819858
0.0,0.0,4.901,29.4,1752242820263
0.0,0.0,4.901,29.4,1752242820343
0.0,0.0,4.912,29.4,1752242820465
0.0,0.0,4.912,29.4,1752242820558
0.0,0.0,4.912,29.4,1752242820731
0.0,0.0,4.912,29.4,1752242820831
0.0,0.0,4.901,29.4,1752242820997
31.709896087646484,-97.18822479248047,4.901,29.4,1752242821000
0.0,0.0,4.901,29.4,1752242821093
0.0,0.0,4.901,29.4,1752242821514
0.0,0.0,4.891,29.4,1752242821586
0.0,0.0,4.891,29.4,1752242821708
0.0,0.0,4.891,29.4,1752242821782
0.0,0.0,4.891,29.4,1752242821908
0.0,0.0,4.891,29.4,1752242821980
0.0,0.0,4.87,29.4,1752242822103
0.0,0.0,4.87,29.4,1752242822179
0.0,0.0,4.87,29.4,1752242822309
0.0,0.0,4.87,29.4,1752242822393
0.0,0.0,4.88,29.4,1752242822565
0.0,0.0,4.88,29.4,1752242822665
0.0,0.0,4.87,29.4,1752242822840
0.0,0.0,4.87,29.4,1752242822941
31.70989418029785,-97.188232421875,4.87,29.4,1752242823000
0.0,0.0,4.86,29.4,1752242823342
0.0,0.0,4.86,29.4,1752242823423
0.0,0.0,4.87,29.4,1752242823545
0.0,0.0,4.87,29.4,1752242823618
0.0,0.0,4.86,29.4,1752242823740
0.0,0.0,4.87,29.4,1752242823817
0.0,0.0,4.87,29.4,1752242823940
0.0,0.0,4.86,29.4,1752242824012
0.0,0.0,4.86,29.4,1752242824136
0.0,0.0,4.86,29.4,1752242824219
0.0,0.0,4.86,29.4,1752242824364
0.0,0.0,4.86,29.4,1752242824464
0.0,0.0,4.86,30.0,1752242824680
0.0,0.0,4.86,30.0,1752242824788
0.0,0.0,4.849,30.0,1752242824947
31.709897994995117,-97.18824768066406,4.849,30.0,1752242825000
0.0,0.0,4.839,30.0,1752242825298
0.0,0.0,4.839,30.0,1752242825420
0.0,0.0,4.828,30.0,1752242825492
0.0,0.0,4.828,30.0,1752242825613
0.0,0.0,4.818,30.0,1752242825688
0.0,0.0,4.818,30.0,1752242825809
0.0,0.0,4.808,30.0,1752242825881
0.0,0.0,4.797,30.0,1752242826003
0.0,0.0,4.797,30.0,1752242826075
0.0,0.0,4.797,30.0,1752242826201
0.0,0.0,4.797,30.0,1752242826310
0.0,0.0,4.787,30.0,1752242826484
0.0,0.0,4.797,30.0,1752242826588
0.0,0.0,4.787,30.0,1752242826759
0.0,0.0,4.797,30.0,1752242826860
31.70989990234375,-97.1882553100586,4.797,30.0,1752242827000
0.0,0.0,4.797,30.0,1752242827259
0.0,0.0,4.797,30.0,1752242827339
0.0,0.0,4.808,30.0,1752242827461
0.0,0.0,4.797,30.0,1752242827538
0.0,0.0,4.797,30.0,1752242827660
0.0,0.0,4.808,30.0,1752242827732
0.0,0.0,4.808,30.0,1752242827855
0.0,0.0,4.808,30.0,1752242827926
0.0,0.0,4.808,30.0,1752242828047
0.0,0.0,4.808,30.0,1752242828118
0.0,0.0,4.787,30.0,1752242828250
0.0,0.0,4.787,30.0,1752242828342
0.0,0.0,4.787,30.0,1752242828516
0.0,0.0,4.766,30.0,1752242828619
0.0,0.0,4.766,30.0,1752242828793
0.0,0.0,4.776,30.0,1752242828889
0.0,0.0,4.745,30.0,1752242829290
0.0,0.0,4.745,30.0,1752242829370
0.0,0.0,4.766,30.0,1752242829493
0.0,0.0,4.724,30.0,1752242829566
0.0,0.0,4.703,30.0,1752242829689
0.0,0.0,4.683,30.0,1752242829762
0.0,0.0,4.683,30.0,1752242829885
0.0,0.0,4.651,30.0,1752242829959
31.709897994995117,-97.18827056884766,4.651,30.0,1752242830000
0.0,0.0,4.599,30.0,1752242830082
0.0,0.0,4.599,30.0,1752242830154
0.0,0.0,4.568,30.0,1752242830287
0.0,0.0,4.568,30.0,1752242830358
0.0,0.0,4.568,30.0,1752242830482
0.0,0.0,4.537,30.0,1752242830554
0.0,0.0,4.485,30.0,1752242830677
0.0,0.0,4.475,30.0,1752242830750
0.0,0.0,4.443,30.0,1752242830876
0.0,0.0,4.454,30.0,1752242830948
0.0,0.0,4.412,30.0,1752242831072
0.0,0.0,4.402,30.0,1752242831145
0.0,0.0,4.402,30.0,1752242831283
0.0,0.0,4.35,30.0,1752242831378
0.0,0.0,4.329,30.0,1752242831557
0.0,0.0,4.287,30.0,1752242831661
0.0,0.0,4.235,30.0,1752242831834
0.0,0.0,4.225,30.0,1752242831935
31.709901809692383,-97.18827819824219,4.225,30.0,1752242832000
0.0,0.0,4.204,30.0,1752242832347
0.0,0.0,4.183,30.0,1752242832429
0.0,0.0,4.152,30.0,1752242832553
0.0,0.0,4.1,30.0,1752242832625
0.0,0.0,4.079,30.0,1752242832753
0.0,0.0,4.079,30.0,1752242832827
0.0,0.0,4.037,30.0,1752242832952
0.0,0.0,4.017,30.0,1752242833024
0.0,0.0,3.996,30.0,1752242833148
0.0,0.0,3.985,30.0,1752242833233
0.0,0.0,3.975,30.0,1752242833395
0.0,0.0,3.954,30.0,1752242833496
0.0,0.0,3.933,30.0,1752242833677
0.0,0.0,3.902,30.0,1752242833777
0.0,0.0,3.881,30.0,1752242833950
31.709909439086914,-97.18828582763672,3.881,30.0,1752242834000
0.0,0.0,3.913,30.0,1752242834298
0.0,0.0,3.892,30.0,1752242834434
0.0,0.0,3.798,30.0,1752242834507
0.0,0.0,3.767,30.0,1752242834636
0.0,0.0,3.788,30.0,1752242834709
0.0,0.0,3.725,30.0,1752242834837
0.0,0.0,3.715,30.0,1752242834910
0.0,0.0,3.736,30.0,1752242835036
0.0,0.0,3.684,30.0,1752242835108
0.0,0.0,3.715,30.0,1752242835244
0.0,0.0,3.746,30.0,1752242835475
0.0,0.0,3.704,30.0,1752242835563
0.0,0.0,3.684,30.0,1752242835739
0.0,0.0,3.663,30.0,1752242835843
31.709917068481445,-97.18829345703125,3.663,30.0,1752242836000
0.0,0.0,3.663,30.0,1752242836272
0.0,0.0,3.642,30.0,1752242836353
0.0,0.0,3.548,30.0,1752242836478
0.0,0.0,3.559,30.0,1752242836555
0.0,0.0,3.527,30.0,1752242836682
0.0,0.0,3.434,30.0,1752242836755
0.0,0.0,3.423,30.0,1752242836880
0.0,0.0,3.351,30.0,1752242836954
0.0,0.0,3.257,30.0,1752242837078
0.0,0.0,3.236,30.0,1752242837150
0.0,0.0,3.194,30.0,1752242837289
0.0,0.0,3.153,30.0,1752242837377
0.0,0.0,3.111,30.0,1752242837554
0.0,0.0,3.07,30.0,1752242837656
0.0,0.0,3.101,30.0,1752242837835
0.0,0.0,3.07,30.0,1752242837937
31.709918975830078,-97.18830108642578,3.07,30.0,1752242838000
0.0,0.0,3.07,30.0,1752242838348
0.0,0.0,3.07,30.0,1752242838432
0.0,0.0,3.028,30.0,1752242838557
0.0,0.0,3.028,30.0,1752242838628
0.0,0.0,3.049,30.0,1752242838755
0.0,0.0,3.049,30.0,1752242838827
0.0,0.0,3.038,30.0,1752242838992
31.70992088317871,-97.18830871582031,3.038,30.0,1752242839000
0.0,0.0,3.028,30.0,1752242839056
0.0,0.0,3.028,30.0,1752242839183
0.0,0.0,3.018,30.0,1752242839267
0.0,0.0,3.007,30.0,1752242839419
0.0,0.0,2.945,30.0,1752242839519
0.0,0.0,2.903,30.0,1752242839697
0.0,0.0,2.903,30.0,1752242839802
0.0,0.0,2.893,30.0,1752242839979
0.0,0.0,2.893,30.0,1752242840324
0.0,0.0,2.872,30.0,1752242840466
0.0,0.0,2.882,30.0,1752242840588
0.0,0.0,2.872,30.0,1752242840689
0.0,0.0,2.872,30.0,1752242840866
0.0,0.0,2.861,30.0,1752242840966
0.0,0.0,2.83,30.0,1752242841142
0.0,0.0,2.82,30.0,1752242841256
0.0,0.0,2.851,30.0,1752242841688
0.0,0.0,2.872,30.0,1752242841761
0.0,0.0,2.882,30.0,1752242841886
0.0,0.0,2.872,30.0,1752242841957
31.70992088317871,-97.18831634521484,2.872,30.0,1752242842000
0.0,0.0,2.872,30.0,1752242842080
0.0,0.0,2.903,30.0,1752242842151
0.0,0.0,2.882,30.0,1752242842291
0.0,0.0,2.882,30.0,1752242842367
0.0,0.0,2.861,30.0,1752242842492
0.0,0.0,2.893,30.0,1752242842564
0.0,0.0,2.913,30.0,1752242842689
0.0,0.0,2.903,30.0,1752242842761
0.0,0.0,2.893,30.0,1752242842886
0.0,0.0,2.841,30.0,1752242842958
31.70992660522461,-97.1883316040039,2.841,30.0,1752242843000
0.0,0.0,2.82,30.0,1752242843083
0.0,0.0,2.82,30.0,1752242843155
0.0,0.0,2.82,30.0,1752242843315
0.0,0.0,2.778,30.0,1752242843416
0.0,0.0,2.768,30.0,1752242843588
0.0,0.0,2.757,30.0,1752242843695
0.0,0.0,2.747,30.0,1752242843872
0.0,0.0,2.695,30.0,1752242843970
0.0,0.0,2.695,30.0,1752242844377
0.0,0.0,2.705,30.0,1752242844457
0.0,0.0,2.685,30.0,1752242844583
0.0,0.0,2.685,30.0,1752242844679
0.0,0.0,2.664,30.0,1752242844953
31.709930419921875,-97.18834686279297,2.643,30.0,1752242845000
31.70993423461914,-97.1883544921875,2.643,30.0,1752242845000
0.0,0.0,2.643,30.0,1752242845042
0.0,0.0,2.622,30.0,1752242845286
0.0,0.0,2.612,30.0,1752242845620
0.0,0.0,2.601,30.0,1752242845746
0.0,0.0,2.57,30.0,1752242845822
0.0,0.0,2.539,30.0,1752242845945
0.0,0.0,2.549,30.0,1752242846017
0.0,0.0,2.497,30.0,1752242846143
0.0,0.0,2.487,30.0,1752242846226
0.0,0.0,2.476,30.0,1752242846387
0.0,0.0,2.487,30.0,1752242846487
0.0,0.0,2.466,30.0,1752242846664
0.0,0.0,2.487,30.0,1752242846760
0.0,0.0,2.487,30.0,1752242846937
0.0,0.0,2.487,30.0,1752242847372
0.0,0.0,2.508,30.0,1752242847554
0.0,0.0,2.528,30.0,1752242847649
0.0,0.0,2.539,30.0,1752242848050
0.0,0.0,2.539,30.0,1752242848122
0.0,0.0,2.549,30.0,1752242848256
0.0,0.0,2.56,30.0,1752242848329
0.0,0.0,2.56,30.0,1752242848455
0.0,0.0,2.56,30.0,1752242848529
0.0,0.0,2.549,30.0,1752242848654
0.0,0.0,2.528,30.0,1752242848726
0.0,0.0,2.528,30.0,1752242848853
0.0,0.0,2.497,30.0,1752242848925
31.709938049316406,-97.18836212158203,2.476,30.0,1752242849000
0.0,0.0,2.476,30.0,1752242849050
0.0,0.0,2.487,30.0,1752242849122
0.0,0.0,2.466,30.0,1752242849257
0.0,0.0,2.456,30.0,1752242849329
0.0,0.0,2.476,30.0,1752242849454
0.0,0.0,2.445,30.0,1752242849530
0.0,0.0,2.435,30.0,1752242849656
0.0,0.0,2.424,30.0,1752242849728
0.0,0.0,2.445,30.0,1752242849854
0.0,0.0,2.424,30.0,1752242849926
0.0,0.0,2.393,30.0,1752242850050
0.0,0.0,2.383,30.0,1752242850123
0.0,0.0,2.383,30.0,1752242850258
0.0,0.0,2.32,30.0,1752242850336
0.0,0.0,2.31,30.0,1752242850512
0.0,0.0,2.32,30.0,1752242850617
0.0,0.0,2.268,30.0,1752242850793
0.0,0.0,2.258,30.0,1752242850894
31.709938049316406,-97.18836212158203,2.258,30.0,1752242851000
0.0,0.0,2.279,30.0,1752242851298
0.0,0.0,2.268,30.0,1752242851382
0.0,0.0,2.247,30.0,1752242851506
0.0,0.0,2.237,30.0,1752242851578
0.0,0.0,2.268,30.0,1752242851703
0.0,0.0,2.258,30.0,1752242851774
0.0,0.0,2.247,30.0,1752242851899
0.0,0.0,2.279,30.0,1752242851971
31.709938049316406,-97.18836212158203,2.279,30.0,1752242852000
0.0,0.0,2.268,30.0,1752242852096
0.0,0.0,2.247,30.0,1752242852172
0.0,0.0,2.258,30.0,1752242852305
0.0,0.0,2.279,30.0,1752242852391
0.0,0.0,2.237,30.0,1752242852568
0.0,0.0,2.237,30.0,1752242852669
0.0,0.0,2.216,30.0,1752242852840
0.0,0.0,2.206,30.0,1752242852944
0.0,0.0,2.175,30.0,1752242853354
0.0,0.0,2.154,30.0,1752242853436
0.0,0.0,2.143,30.0,1752242853561
0.0,0.0,2.102,30.0,1752242853655
0.0,0.0,2.081,30.0,1752242853831
0.0,0.0,2.091,30.0,1752242853929
0.0,0.0,2.081,30.0,1752242854105
0.0,0.0,2.06,30.0,1752242854221
0.0,0.0,2.06,30.0,1752242854604
0.0,0.0,2.06,30.0,1752242854676
0.0,0.0,2.081,30.0,1752242854800
0.0,0.0,2.06,30.0,1752242854874
0.0,0.0,2.05,30.0,1752242854998
31.70993423461914,-97.1883544921875,2.05,30.0,1752242855000
0.0,0.0,2.05,30.0,1752242855071
0.0,0.0,2.06,30.0,1752242855202
0.0,0.0,2.039,30.0,1752242855284
0.0,0.0,2.039,30.0,1752242855408
0.0,0.0,2.018,30.0,1752242855480
0.0,0.0,2.008,30.0,1752242855605
0.0,0.0,2.018,30.0,1752242855677
0.0,0.0,2.029,30.0,1752242855802
0.0,0.0,1.998,30.0,1752242855873
0.0,0.0,1.987,30.0,1752242855997
31.709932327270508,-97.1883544921875,1.987,30.0,1752242856000
0.0,0.0,1.956,30.0,1752242856070
0.0,0.0,1.935,30.0,1752242856197
0.0,0.0,1.925,30.0,1752242856278
0.0,0.0,1.925,30.0,1752242856439
0.0,0.0,1.925,30.0,1752242856542
0.0,0.0,1.925,30.0,1752242856721
0.0,0.0,1.914,30.0,1752242856825
0.0,0.0,1.914,30.0,1752242856994
0.0,0.0,1.914,30.0,1752242857340
0.0,0.0,1.883,30.0,1752242857473
0.0,0.0,1.862,30.0,1752242857546
0.0,0.0,1.873,30.0,1752242857703
0.0,0.0,1.894,30.0,1752242857804
0.0,0.0,1.904,30.0,1752242857981
31.70992660522461,-97.18836212158203,1.904,30.0,1752242858000
0.0,0.0,1.883,30.0,1752242858079
0.0,0.0,1.873,30.0,1752242858265
0.0,0.0,1.862,30.0,1752242858617
0.0,0.0,1.852,30.0,1752242858745
0.0,0.0,1.852,30.0,1752242858818
0.0,0.0,1.852,30.0,1752242858942
0.0,0.0,1.821,30.0,1752242859018
0.0,0.0,1.842,30.0,1752242859144
0.0,0.0,1.883,30.0,1752242859228
0.0,0.0,1.883,30.0,1752242859384
0.0,0.0,1.873,30.0,1752242859487
0.0,0.0,1.873,30.0,1752242859661
0.0,0.0,1.894,30.0,1752242859765
0.0,0.0,1.904,30.0,1752242859939
31.709924697875977,-97.18836212158203,1.904,30.0,1752242860000
0.0,0.0,1.894,30.0,1752242860280
0.0,0.0,1.873,30.0,1752242860413
0.0,0.0,1.873,30.0,1752242860485
0.0,0.0,1.852,30.0,1752242860609
0.0,0.0,1.904,30.0,1752242860682
0.0,0.0,1.904,30.0,1752242860808
0.0,0.0,1.862,30.0,1752242860887
0.0,0.0,1.852,30.0,1752242861013
0.0,0.0,1.842,30.0,1752242861088
0.0,0.0,1.842,30.0,1752242861215
0.0,0.0,1.821,30.0,1752242861321
0.0,0.0,1.81,30.0,1752242861502
0.0,0.0,1.779,30.0,1752242861610
0.0,0.0,1.79,30.0,1752242861743
0.0,0.0,1.821,30.0,1752242861926
31.709922790527344,-97.1883773803711,1.821,30.0,1752242862000
0.0,0.0,1.831,30.0,1752242862306
0.0,0.0,1.8,30.0,1752242862384
0.0,0.0,1.81,30.0,1752242862511
0.0,0.0,1.842,30.0,1752242862583
0.0,0.0,1.842,30.0,1752242862708
0.0,0.0,1.842,30.0,1752242862785
0.0,0.0,1.81,30.0,1752242862912
0.0,0.0,1.821,30.0,1752242862987
0.0,0.0,1.81,30.0,1752242863115
0.0,0.0,1.821,30.0,1752242863192
0.0,0.0,1.8,30.0,1752242863327
0.0,0.0,1.779,30.0,1752242863413
0.0,0.0,1.769,30.0,1752242863588
0.0,0.0,1.769,30.0,1752242863701
0.0,0.0,1.748,30.0,1752242863874
0.0,0.0,1.717,30.0,1752242863977
31.709918975830078,-97.1883773803711,1.717,30.0,1752242864000
0.0,0.0,1.706,30.0,1752242864394
0.0,0.0,1.706,30.0,1752242864478
0.0,0.0,1.717,30.0,1752242864605
0.0,0.0,1.685,30.0,1752242864680
0.0,0.0,1.696,30.0,1752242864810
0.0,0.0,1.665,30.0,1752242864887
0.0,0.0,1.654,30.0,1752242865014
0.0,0.0,1.633,30.0,1752242865091
0.0,0.0,1.613,30.0,1752242865222
0.0,0.0,1.613,30.0,1752242865323
0.0,0.0,1.592,30.0,1752242865500
0.0,0.0,1.571,30.0,1752242865605
0.0,0.0,1.54,30.0,1752242865778
0.0,0.0,1.488,30.0,1752242865880
31.709917068481445,-97.18838500976562,1.488,30.0,1752242866000
0.0,0.0,1.446,30.0,1752242866293
0.0,0.0,1.436,30.0,1752242866343
0.0,0.0,1.404,30.0,1752242866467
0.0,0.0,1.352,30.0,1752242866508
0.0,0.0,1.332,30.0,1752242866637
0.0,0.0,1.3,30.0,1752242866711
0.0,0.0,1.259,30.0,1752242866803
0.0,0.0,1.238,30.0,1752242866877
0.0,0.0,1.217,30.0,1752242867000
0.0,0.0,1.207,30.0,1752242867073
0.0,0.0,1.217,30.0,1752242867210
0.0,0.0,1.207,30.0,1752242867324
0.0,0.0,1.196,30.0,1752242867492
0.0,0.0,1.175,30.0,1752242867597
0.0,0.0,1.155,30.0,1752242867763
0.0,0.0,1.144,30.0,1752242867770
0.0,0.0,1.134,30.0,1752242868242
0.0,0.0,1.134,30.0,1752242868312
0.0,0.0,1.134,30.0,1752242868386
0.0,0.0,1.103,30.0,1752242868509
0.0,0.0,1.103,30.0,1752242868583
0.0,0.0,1.092,30.0,1752242868707
0.0,0.0,1.082,30.0,1752242868782
0.0,0.0,1.061,30.0,1752242868904
0.0,0.0,1.04,30.0,1752242868977
31.70990753173828,-97.18839263916016,1.04,30.0,1752242869000
0.0,0.0,1.04,30.0,1752242869102
0.0,0.0,1.019,30.0,1752242869176
0.0,0.0,1.009,30.0,1752242869305
0.0,0.0,0.978,30.0,1752242869378
0.0,0.0,0.978,30.0,1752242869500
0.0,0.0,0.967,30.0,1752242869573
0.0,0.0,0.967,30.0,1752242869695
0.0,0.0,0.967,30.0,1752242869771
0.0,0.0,0.957,30.0,1752242869896
0.0,0.0,0.947,30.0,1752242869972
0.0,0.0,0.967,30.0,1752242870097
0.0,0.0,0.967,30.0,1752242870175
0.0,0.0,0.978,30.0,1752242870307
0.0,0.0,0.967,30.0,1752242870391
0.0,0.0,0.947,30.0,1752242870567
0.0,0.0,0.936,30.0,1752242870672
0.0,0.0,0.947,30.0,1752242870849
0.0,0.0,0.936,30.0,1752242870954
31.70990562438965,-97.18840026855469,0.936,30.0,1752242871000
0.0,0.0,0.947,30.0,1752242871349
0.0,0.0,0.936,30.0,1752242871429
0.0,0.0,0.936,30.0,1752242871550
0.0,0.0,0.926,30.0,1752242871623
0.0,0.0,0.905,30.0,1752242871717
0.0,0.0,0.895,30.0,1752242871758
0.0,0.0,0.874,30.0,1752242871882
0.0,0.0,0.884,30.0,1752242871954
0.0,0.0,0.895,30.0,1752242872076
0.0,0.0,0.905,30.0,1752242872150
0.0,0.0,0.884,30.0,1752242872278
0.0,0.0,0.895,30.0,1752242872380
0.0,0.0,0.884,30.0,1752242872554
0.0,0.0,0.895,30.0,1752242872657
0.0,0.0,0.874,30.0,1752242872825
0.0,0.0,0.884,30.0,1752242872927
0.0,0.0,0.874,30.0,1752242873339
0.0,0.0,0.874,30.0,1752242873416
0.0,0.0,0.884,30.0,1752242873537
0.0,0.0,0.874,30.0,1752242873612
0.0,0.0,0.874,30.0,1752242873735
0.0,0.0,0.874,30.0,1752242873810
0.0,0.0,0.863,30.0,1752242873932
31.709896087646484,-97.18840026855469,0.853,30.0,1752242874000
0.0,0.0,0.853,30.0,1752242874006
0.0,0.0,0.842,30.0,1752242874129
0.0,0.0,0.832,30.0,1752242874211
0.0,0.0,0.842,30.0,1752242874334
0.0,0.0,0.832,30.0,1752242874406
0.0,0.0,0.842,30.0,1752242874528
0.0,0.0,0.853,30.0,1752242874602
0.0,0.0,0.853,30.0,1752242874726
0.0,0.0,0.853,30.0,1752242874800
0.0,0.0,0.853,30.0,1752242874928
0.0,0.0,0.853,30.0,1752242875003
0.0,0.0,0.842,30.0,1752242875056
0.0,0.0,0.853,30.0,1752242875200
0.0,0.0,0.853,30.0,1752242875301
0.0,0.0,0.874,30.0,1752242875475
0.0,0.0,0.874,30.0,1752242875581
0.0,0.0,0.884,30.0,1752242875750
0.0,0.0,0.884,30.0,1752242875851
31.709884643554688,-97.18840789794922,0.884,30.0,1752242876000
0.0,0.0,0.884,30.0,1752242876261
0.0,0.0,0.884,30.0,1752242876337
0.0,0.0,0.895,30.0,1752242876461
0.0,0.0,0.915,30.0,1752242876535
0.0,0.0,0.915,30.0,1752242876657
0.0,0.0,0.947,30.0,1752242876733
0.0,0.0,0.957,30.0,1752242876856
0.0,0.0,0.947,30.0,1752242876931
31.709871292114258,-97.18841552734375,0.957,30.0,1752242877000
0.0,0.0,0.957,30.0,1752242877055
0.0,0.0,0.967,30.0,1752242877129
0.0,0.0,0.978,30.0,1752242877317
0.0,0.0,0.978,30.0,1752242877413
0.0,0.0,0.978,30.0,1752242877586
0.0,0.0,0.967,30.0,1752242877686
0.0,0.0,0.957,30.0,1752242877858
0.0,0.0,0.947,30.0,1752242877957
0.0,0.0,0.936,30.0,1752242878360
0.0,0.0,0.915,30.0,1752242878433
0.0,0.0,0.915,30.0,1752242878556
0.0,0.0,0.915,30.0,1752242878652
0.0,0.0,0.895,30.2,1752242878823
0.0,0.0,0.884,30.2,1752242879004
0.0,0.0,0.863,30.2,1752242879105
0.0,0.0,0.863,30.2,1752242879279
0.0,0.0,0.853,30.2,1752242879617
0.0,0.0,0.863,30.2,1752242879735
0.0,0.0,0.874,30.2,1752242879808
0.0,0.0,0.874,30.2,1752242879928
31.70986557006836,-97.18842315673828,0.863,30.2,1752242880000
0.0,0.0,0.863,30.2,1752242880003
0.0,0.0,0.874,30.2,1752242880126
0.0,0.0,0.874,30.2,1752242880209
0.0,0.0,0.863,30.2,1752242880329
0.0,0.0,0.853,30.2,1752242880405
0.0,0.0,0.863,30.2,1752242880526
0.0,0.0,0.863,30.2,1752242880599
0.0,0.0,0.842,30.2,1752242880720
0.0,0.0,0.822,30.2,1752242880793
0.0,0.0,0.801,30.2,1752242880913
0.0,0.0,0.79,30.2,1752242880985
31.709857940673828,-97.18843078613281,0.79,30.2,1752242881000
0.0,0.0,0.77,30.2,1752242881103
0.0,0.0,0.77,30.2,1752242881180
0.0,0.0,0.749,30.2,1752242881307
0.0,0.0,0.728,30.2,1752242881388
0.0,0.0,0.718,30.2,1752242881562
0.0,0.0,0.718,30.2,1752242881668
0.0,0.0,0.707,30.2,1752242881837
0.0,0.0,0.707,30.2,1752242881942
0.0,0.0,0.707,30.2,1752242882347
0.0,0.0,0.718,30.2,1752242882429
0.0,0.0,0.707,30.2,1752242882545
0.0,0.0,0.718,30.2,1752242882637
0.0,0.0,0.718,30.2,1752242882798
0.0,0.0,0.697,30.2,1752242882898
31.709854125976562,-97.18843841552734,0.697,30.2,1752242883000
0.0,0.0,0.697,30.2,1752242883058
0.0,0.0,0.707,30.2,1752242883158
0.0,0.0,0.697,30.2,1752242883579
0.0,0.0,0.676,30.2,1752242883655
0.0,0.0,0.666,30.2,1752242883773
0.0,0.0,0.655,30.2,1752242883848
0.0,0.0,0.645,30.2,1752242883966
0.0,0.0,0.634,30.2,1752242884037
0.0,0.0,0.624,30.2,1752242884156
0.0,0.0,0.614,30.2,1752242884241
0.0,0.0,0.603,30.2,1752242884375
0.0,0.0,0.614,30.2,1752242884476
0.0,0.0,0.624,30.2,1752242884647
0.0,0.0,0.614,30.2,1752242884755
0.0,0.0,0.624,30.2,1752242884920
31.709850311279297,-97.18844604492188,0.624,30.2,1752242885000
0.0,0.0,0.645,30.2,1752242885283
0.0,0.0,0.655,30.2,1752242885411
0.0,0.0,0.655,30.2,1752242885487
0.0,0.0,0.676,30.2,1752242885606
0.0,0.0,0.686,30.2,1752242885685
0.0,0.0,0.697,30.2,1752242885805
0.0,0.0,0.707,30.2,1752242885913
0.0,0.0,0.718,30.2,1752242886049
0.0,0.0,0.718,30.2,1752242886128
0.0,0.0,0.718,30.2,1752242886258
0.0,0.0,0.718,30.2,1752242886370
0.0,0.0,0.707,30.2,1752242886538
0.0,0.0,0.707,30.2,1752242886674
0.0,0.0,0.718,30.2,1752242886843
0.0,0.0,0.718,30.2,1752242886950
31.709850311279297,-97.1884536743164,0.718,30.2,1752242887000
0.0,0.0,0.718,30.2,1752242887432
0.0,0.0,0.718,30.2,1752242887476
0.0,0.0,0.707,30.2,1752242887560
0.0,0.0,0.697,30.2,1752242887641
0.0,0.0,0.718,30.2,1752242887759
0.0,0.0,0.718,30.2,1752242887766
0.0,0.0,0.718,30.2,1752242887889
0.0,0.0,0.738,30.2,1752242887979
0.0,0.0,0.759,30.2,1752242888094
0.0,0.0,0.801,30.2,1752242888214
0.0,0.0,0.811,30.2,1752242888415
0.0,0.0,0.79,30.2,1752242888638
0.0,0.0,0.79,30.2,1752242888731
0.0,0.0,0.811,30.2,1752242888892
0.0,0.0,0.811,30.2,1752242888987
31.709842681884766,-97.18846130371094,0.811,30.2,1752242889000
0.0,0.0,0.801,30.2,1752242889394
0.0,0.0,0.78,30.2,1752242889466
0.0,0.0,0.77,30.2,1752242889582
0.0,0.0,0.759,30.2,1752242889653
0.0,0.0,0.749,30.2,1752242889770
0.0,0.0,0.738,30.2,1752242889845
0.0,0.0,0.666,30.2,1752242889963
31.709840774536133,-97.18846130371094,0.666,30.2,1752242890000
0.0,0.0,0.655,30.2,1752242890037
0.0,0.0,0.676,30.2,1752242890098
0.0,0.0,0.666,30.2,1752242890154
0.0,0.0,0.634,30.2,1752242890196
0.0,0.0,0.634,30.2,1752242890265
0.0,0.0,0.645,30.2,1752242890377
0.0,0.0,0.634,30.2,1752242890467
0.0,0.0,0.645,30.2,1752242890526
0.0,0.0,0.634,30.2,1752242890611
0.0,0.0,0.634,30.2,1752242890736
0.0,0.0,0.645,30.2,1752242890827
0.0,0.0,0.686,30.2,1752242890886
0.0,0.0,0.686,30.2,1752242890955
31.709836959838867,-97.18846893310547,0.686,30.2,1752242891000
0.0,0.0,0.666,30.2,1752242891309
0.0,0.0,0.676,30.2,1752242891381
0.0,0.0,0.686,30.2,1752242891444
0.0,0.0,0.676,30.2,1752242891486
0.0,0.0,0.666,30.2,1752242891547
0.0,0.0,0.666,30.2,1752242891652
0.0,0.0,0.634,30.2,1752242891734
0.0,0.0,0.645,30.2,1752242891791
0.0,0.0,0.645,30.2,1752242891874
0.0,0.0,0.645,30.2,1752242891994
0.0,0.0,0.624,30.2,1752242892090
0.0,0.0,0.624,30.2,1752242892179
0.0,0.0,0.634,30.2,1752242892237
0.0,0.0,0.634,30.2,1752242892575
0.0,0.0,0.634,30.2,1752242892664
0.0,0.0,0.634,30.2,1752242892707
0.0,0.0,0.634,30.2,1752242892848
0.0,0.0,0.634,30.2,1752242892929
31.709836959838867,-97.18846893310547,0.634,30.2,1752242893000
0.0,0.0,0.634,30.2,1752242893011
0.0,0.0,0.634,30.2,1752242893093
0.0,0.0,0.624,30.2,1752242893147
0.0,0.0,0.614,30.2,1752242893236
0.0,0.0,0.614,30.2,1752242893358
0.0,0.0,0.634,30.2,1752242893719
0.0,0.0,0.634,30.2,1752242893779
0.0,0.0,0.624,30.2,1752242893784
0.0,0.0,0.624,30.2,1752242893925
0.0,0.0,0.634,30.2,1752242893963
0.0,0.0,0.624,30.2,1752242893996
31.7098331451416,-97.1884765625,0.624,30.2,1752242894000
0.0,0.0,0.603,30.2,1752242894054
0.0,0.0,0.614,30.2,1752242894135
0.0,0.0,0.603,30.2,1752242894198
0.0,0.0,0.603,30.2,1752242894245
0.0,0.0,0.614,30.2,1752242894317
0.0,0.0,0.645,30.2,1752242894432
0.0,0.0,0.645,30.2,1752242894519
0.0,0.0,0.655,30.2,1752242894665
0.0,0.0,0.666,30.2,1752242894826
0.0,0.0,0.676,30.2,1752242894997
31.7098331451416,-97.1884765625,0.676,30.2,1752242895000
0.0,0.0,0.676,30.2,1752242895320
0.0,0.0,0.686,30.2,1752242895424
0.0,0.0,0.697,30.2,1752242895542
0.0,0.0,0.697,30.2,1752242895583
0.0,0.0,0.728,30.2,1752242895713
0.0,0.0,0.749,30.2,1752242895890
0.0,0.0,0.749,30.2,1752242896030
0.0,0.0,0.884,30.2,1752242896158
0.0,0.0,0.884,30.2,1752242896219
0.0,0.0,1.113,30.2,1752242896844
0.0,0.0,1.394,30.2,1752242896933
0.0,0.0,1.8,30.2,1752242897731
0.0,0.0,2.487,30.2,1752242898284
0.0,0.0,3.111,30.2,1752242898367
0.0,0.0,3.736,30.2,1752242899886
0.0,0.0,4.402,30.2,1752242901406
0.0,0.0,5.297,30.2,1752242901952
0.0,0.0,6.192,30.2,1752242902030
0.0,0.0,7.16,30.2,1752242902118
0.0,0.0,8.221,30.2,1752242905883
0.0,0.0,9.595,30.2,1752242907266
0.0,0.0,0.728,30.2,1752242964813
0.0,0.0,1.946,30.2,1752242967114
0.0,0.0,1.966,30.2,1752242967520
0.0,0.0,1.977,30.2,1752242969447
0.0,0.0,1.998,30.2,1752242969805
0.0,0.0,2.018,30.2,1752242970613
0.0,0.0,2.32,30.0,1752242996064
0.0,0.0,2.58,30.0,1752242997429
0.0,0.0,2.893,30.0,1752242997519
0.0,0.0,3.226,30.0,1752242997861
0.0,0.0,3.527,30.0,1752242997968
0.0,0.0,3.84,30.0,1752242998100
0.0,0.0,4.152,30.0,1752242998203
0.0,0.0,3.122,30.0,1752242998581
0.0,0.0,3.486,30.0,1752242998645
0.0,0.0,3.933,30.0,1752242998980
0.0,0.0,4.277,30.0,1752242999047
0.0,0.0,4.547,30.0,1752242999541
0.0,0.0,4.516,30.0,1752242999606
0.0,0.0,4.527,30.0,1752242999737
0.0,0.0,4.485,30.0,1752242999838
0.0,0.0,4.412,30.0,1752242999941
0.0,0.0,4.381,30.2,1752243000077
0.0,0.0,4.329,30.2,1752243005881
0.0,0.0,4.298,30.2,1752243005973
31.70990753173828,-97.1882095336914,4.298,30.2,1752243006000
0.0,0.0,4.901,30.2,1752243006075
0.0,0.0,4.808,30.2,1752243006189
0.0,0.0,4.568,30.2,1752243006373
0.0,0.0,4.516,30.2,1752243006465
0.0,0.0,4.475,30.2,1752243006566
0.0,0.0,4.589,30.2,1752243006743
0.0,0.0,4.672,30.2,1752243006806
0.0,0.0,4.787,30.2,1752243006934
31.709903717041016,-97.18821716308594,4.787,30.2,1752243007000
0.0,0.0,4.308,30.2,1752243007075
0.0,0.0,4.318,30.2,1752243007150
0.0,0.0,4.464,30.2,1752243007291
0.0,0.0,4.599,30.2,1752243007470
0.0,0.0,4.62,30.2,1752243007533
0.0,0.0,4.61,30.2,1752243007667
31.70990753173828,-97.18821716308594,4.61,30.2,1752243008000
0.0,0.0,4.714,30.2,1752243008415
0.0,0.0,4.693,30.2,1752243008559
0.0,0.0,4.662,30.2,1752243008648
0.0,0.0,4.641,30.2,1752243008831
0.0,0.0,4.631,30.2,1752243008939
0.0,0.0,4.62,30.2,1752243009071
0.0,0.0,4.662,30.2,1752243009181
0.0,0.0,4.714,30.2,1752243009379
0.0,0.0,4.579,30.2,1752243009811
0.0,0.0,4.485,30.2,1752243009982
0.0,0.0,4.579,30.2,1752243010095
0.0,0.0,4.589,30.2,1752243010449
0.0,0.0,4.579,30.2,1752243010527
0.0,0.0,4.589,30.2,1752243010659
0.0,0.0,4.579,30.2,1752243010736
0.0,0.0,4.558,30.2,1752243010870
0.0,0.0,4.516,30.2,1752243010946
0.0,0.0,4.485,30.2,1752243011076
0.0,0.0,4.402,30.2,1752243011148
0.0,0.0,4.339,30.2,1752243011288
0.0,0.0,4.36,30.2,1752243011393
0.0,0.0,4.381,30.2,1752243011507
0.0,0.0,4.339,30.2,1752243011608
0.0,0.0,4.287,30.2,1752243011709
0.0,0.0,4.266,30.2,1752243011815
0.0,0.0,4.235,30.2,1752243011921
0.0,0.0,4.266,30.2,1752243012026
0.0,0.0,4.287,30.2,1752243012131
0.0,0.0,4.308,30.2,1752243012241
0.0,0.0,4.298,30.2,1752243012345
0.0,0.0,4.36,30.2,1752243012449
0.0,0.0,4.36,30.2,1752243012553
0.0,0.0,4.37,30.2,1752243012697
0.0,0.0,4.35,30.2,1752243012837
0.0,0.0,4.339,30.2,1752243012931
31.70990753173828,-97.18818664550781,4.339,30.2,1752243013000
0.0,0.0,4.37,30.2,1752243013078
0.0,0.0,4.36,30.2,1752243013174
0.0,0.0,4.402,30.2,1752243013286
0.0,0.0,4.391,30.2,1752243013468
0.0,0.0,4.381,30.2,1752243013564
0.0,0.0,4.36,30.2,1752243013667
0.0,0.0,4.35,30.2,1752243013769
0.0,0.0,4.329,30.2,1752243013872
0.0,0.0,4.329,30.2,1752243013978
0.0,0.0,4.318,30.2,1752243014052
0.0,0.0,4.308,30.2,1752243014193
0.0,0.0,4.318,30.2,1752243014295
0.0,0.0,4.298,30.2,1752243014473
0.0,0.0,4.318,30.2,1752243014581
0.0,0.0,4.287,30.2,1752243014763
0.0,0.0,4.308,30.2,1752243014866
31.70990753173828,-97.18820190429688,4.329,30.2,1752243015000
0.0,0.0,4.329,30.2,1752243015030
0.0,0.0,4.318,30.2,1752243015389
0.0,0.0,4.35,30.2,1752243015516
0.0,0.0,4.381,30.2,1752243015589
0.0,0.0,4.412,30.2,1752243015720
0.0,0.0,4.433,30.2,1752243015794
0.0,0.0,4.443,30.2,1752243015923
0.0,0.0,4.443,30.2,1752243015996
31.709909439086914,-97.18820190429688,4.443,30.2,1752243016000
0.0,0.0,4.443,30.2,1752243016126
0.0,0.0,4.422,30.2,1752243016204
0.0,0.0,4.454,30.2,1752243016339
0.0,0.0,4.516,30.2,1752243016440
0.0,0.0,4.475,30.2,1752243016909
31.709911346435547,-97.18820190429688,4.485,30.2,1752243017000
0.0,0.0,4.485,30.2,1752243017002
0.0,0.0,4.464,30.2,1752243017463
0.0,0.0,4.454,30.2,1752243017536
0.0,0.0,4.412,30.2,1752243017713
0.0,0.0,4.37,30.2,1752243017953
0.0,0.0,4.391,30.2,1752243018553
0.0,0.0,4.36,30.2,1752243018617
0.0,0.0,4.35,30.2,1752243018940
31.70991325378418,-97.18820190429688,4.35,30.2,1752243019000
0.0,0.0,4.36,30.2,1752243019278
0.0,0.0,4.298,30.2,1752243019372
0.0,0.0,4.204,30.2,1752243019811
0.0,0.0,4.246,30.2,1752243019887
31.709915161132812,-97.1882095336914,4.183,30.2,1752243020000
0.0,0.0,4.183,30.2,1752243020018
0.0,0.0,4.058,30.2,1752243020298
0.0,0.0,4.017,30.2,1752243020538
0.0,0.0,4.017,30.2,1752243020827
0.0,0.0,4.027,30.2,1752243020919
0.0,0.0,3.965,30.2,1752243021334
0.0,0.0,3.954,30.2,1752243021411
0.0,0.0,3.923,30.2,1752243021550
0.0,0.0,3.881,30.2,1752243021938
0.0,0.0,3.861,30.2,1752243022031
0.0,0.0,3.902,30.2,1752243022171
0.0,0.0,3.798,30.2,1752243022620
0.0,0.0,3.767,30.2,1752243022757
0.0,0.0,3.85,30.2,1752243022843
0.0,0.0,3.829,30.2,1752243022979
31.709915161132812,-97.1882095336914,3.829,30.2,1752243023000
0.0,0.0,3.798,30.2,1752243023059
0.0,0.0,3.746,30.2,1752243023209
0.0,0.0,3.715,30.2,1752243023367
0.0,0.0,3.652,30.2,1752243023438
0.0,0.0,3.632,30.2,1752243023580
0.0,0.0,3.58,30.2,1752243023659
0.0,0.0,3.538,30.2,1752243023802
0.0,0.0,3.444,30.2,1752243023953
31.70991325378418,-97.18821716308594,3.444,30.2,1752243024000
0.0,0.0,3.444,30.2,1752243024026
0.0,0.0,3.413,30.2,1752243024168
0.0,0.0,3.319,30.2,1752243024286
0.0,0.0,3.299,30.2,1752243024633
0.0,0.0,3.257,30.2,1752243024879
0.0,0.0,3.226,30.2,1752243025065
0.0,0.0,3.194,30.2,1752243025494
0.0,0.0,3.163,30.2,1752243025575
0.0,0.0,3.111,30.2,1752243025735
0.0,0.0,3.08,30.2,1752243025838
0.0,0.0,3.07,30.2,1752243026023
0.0,0.0,3.07,30.2,1752243026127
0.0,0.0,3.038,30.2,1752243026310
0.0,0.0,3.007,30.2,1752243026654
0.0,0.0,2.965,30.2,1752243026784
0.0,0.0,2.945,30.2,1752243026857
0.0,0.0,2.913,30.2,1752243026992
0.0,0.0,2.882,30.2,1752243027137
0.0,0.0,2.841,30.2,1752243027281
0.0,0.0,2.768,30.2,1752243027349
0.0,0.0,2.737,30.2,1752243027482
0.0,0.0,2.705,30.2,1752243027558
0.0,0.0,2.685,30.2,1752243027694
0.0,0.0,2.653,30.2,1752243027771
0.0,0.0,2.622,30.2,1752243027903
0.0,0.0,2.591,30.2,1752243027980
31.709911346435547,-97.18824005126953,2.591,30.2,1752243028000
0.0,0.0,2.601,30.2,1752243028118
0.0,0.0,2.58,30.2,1752243028203
0.0,0.0,2.58,30.2,1752243028339
0.0,0.0,2.57,30.2,1752243028417
0.0,0.0,2.57,30.2,1752243028554
0.0,0.0,2.57,30.2,1752243028631
0.0,0.0,2.56,30.2,1752243028767
0.0,0.0,2.56,30.2,1752243028844
0.0,0.0,2.57,30.2,1752243028979
31.709911346435547,-97.18824768066406,2.57,30.2,1752243029000
0.0,0.0,2.57,30.2,1752243029054
0.0,0.0,2.58,30.2,1752243029198
0.0,0.0,2.58,30.2,1752243029300
0.0,0.0,2.56,30.2,1752243029488
0.0,0.0,2.539,30.2,1752243029599
0.0,0.0,2.528,30.2,1752243029802
31.709918975830078,-97.18824768066406,2.528,30.2,1752243030000
0.0,0.0,2.518,30.4,1752243030226
0.0,0.0,2.508,30.4,1752243030343
0.0,0.0,2.518,30.4,1752243030359
0.0,0.0,2.528,30.4,1752243030363
0.0,0.0,2.528,30.4,1752243030375
0.0,0.0,2.508,30.4,1752243030379
0.0,0.0,2.487,30.4,1752243030381
0.0,0.0,2.466,30.4,1752243030387
0.0,0.0,2.466,30.4,1752243030392
0.0,0.0,2.456,30.4,1752243030396
0.0,0.0,2.476,30.4,1752243030398
0.0,0.0,2.497,30.4,1752243030404
0.0,0.0,2.497,30.4,1752243030408
0.0,0.0,2.508,30.4,1752243030411
0.0,0.0,2.487,30.4,1752243030421
0.0,0.0,2.466,30.4,1752243030423
0.0,0.0,2.466,30.4,1752243030429
0.0,0.0,2.445,30.4,1752243030434
0.0,0.0,2.466,30.4,1752243030436
0.0,0.0,2.476,30.4,1752243032639
0.0,0.0,2.497,30.4,1752243032777
0.0,0.0,2.508,30.4,1752243032844
0.0,0.0,2.508,30.4,1752243032867
0.0,0.0,2.487,30.4,1752243032915
0.0,0.0,2.476,30.4,1752243032932
0.0,0.0,2.466,30.4,1752243032967
0.0,0.0,2.476,30.4,1752243032977
31.70992088317871,-97.18826293945312,2.497,30.4,1752243033000
31.70992660522461,-97.18826293945312,2.497,30.4,1752243033000
0.0,0.0,2.497,30.4,1752243033008
0.0,0.0,2.497,30.4,1752243033099
0.0,0.0,2.508,30.4,1752243033119
0.0,0.0,2.508,30.4,1752243033165
0.0,0.0,2.497,30.4,1752243033265
0.0,0.0,2.466,30.4,1752243033276
0.0,0.0,2.456,30.4,1752243033319
0.0,0.0,2.435,30.4,1752243033330
0.0,0.0,2.445,30.4,1752243033350
0.0,0.0,2.456,30.4,1752243033387
0.0,0.0,2.466,30.4,1752243033398
0.0,0.0,2.466,30.4,1752243033424
0.0,0.0,2.456,30.4,1752243033469
0.0,0.0,2.445,30.4,1752243033485
0.0,0.0,2.445,30.4,1752243033544
0.0,0.0,2.445,30.4,1752243033550
0.0,0.0,2.445,30.4,1752243033616
0.0,0.0,2.476,30.4,1752243033647
0.0,0.0,2.487,30.4,1752243033664
0.0,0.0,2.487,30.4,1752243033692
0.0,0.0,2.487,30.4,1752243033723
0.0,0.0,2.466,30.4,1752243033784
0.0,0.0,2.466,30.4,1752243033808
0.0,0.0,2.445,30.4,1752243033860
0.0,0.0,2.456,30.4,1752243033883
0.0,0.0,2.466,30.4,1752243033919
0.0,0.0,2.466,30.4,1752243033930
0.0,0.0,2.466,30.4,1752243033968
0.0,0.0,2.476,30.4,1752243033979
31.709932327270508,-97.18827056884766,2.456,30.4,1752243034000
0.0,0.0,2.456,30.4,1752243034020
0.0,0.0,2.445,30.4,1752243034203
0.0,0.0,2.445,30.4,1752243034295
0.0,0.0,2.435,30.4,1752243034315
0.0,0.0,2.445,30.4,1752243034332
0.0,0.0,2.445,30.4,1752243034370
0.0,0.0,2.456,30.4,1752243034381
0.0,0.0,2.424,30.4,1752243034417
0.0,0.0,2.424,30.4,1752243034427
0.0,0.0,2.414,30.4,1752243034471
0.0,0.0,2.404,30.4,1752243034481
0.0,0.0,2.393,30.4,1752243034521
31.709938049316406,-97.18827056884766,2.393,30.4,1752243036000
0.0,0.0,2.393,30.4,1752243036556
0.0,0.0,2.393,30.4,1752243036713
0.0,0.0,2.404,30.4,1752243036761
0.0,0.0,2.393,30.4,1752243036850
0.0,0.0,2.393,30.4,1752243036868
0.0,0.0,2.404,30.4,1752243036903
0.0,0.0,2.383,30.4,1752243036914
0.0,0.0,2.414,30.4,1752243036948
0.0,0.0,2.404,30.4,1752243036958
0.0,0.0,2.414,30.4,1752243036979
31.709945678710938,-97.18827056884766,2.424,30.4,1752243037000
31.70994758605957,-97.18827056884766,2.424,30.4,1752243037000
0.0,0.0,2.424,30.4,1752243037015
0.0,0.0,2.435,30.4,1752243037025
0.0,0.0,2.445,30.4,1752243037093
0.0,0.0,2.445,30.4,1752243037195
0.0,0.0,2.435,30.4,1752243037256
0.0,0.0,2.445,30.4,1752243037289
0.0,0.0,2.435,30.4,1752243037299
0.0,0.0,2.424,30.4,1752243037349
0.0,0.0,2.445,30.4,1752243037425
0.0,0.0,2.435,30.4,1752243037453
0.0,0.0,2.435,30.4,1752243037497
0.0,0.0,2.435,30.4,1752243037506
0.0,0.0,2.424,30.4,1752243037548
0.0,0.0,2.414,30.4,1752243037564
0.0,0.0,2.424,30.4,1752243037604
0.0,0.0,2.414,30.4,1752243037618
0.0,0.0,2.404,30.4,1752243037640
0.0,0.0,2.414,30.4,1752243037666
0.0,0.0,2.424,30.4,1752243037676
0.0,0.0,2.424,30.4,1752243037711
0.0,0.0,2.414,30.4,1752243037733
0.0,0.0,2.404,30.4,1752243037743
0.0,0.0,2.404,30.4,1752243037833
0.0,0.0,2.414,30.4,1752243037850
0.0,0.0,2.404,30.4,1752243037885
0.0,0.0,2.424,30.4,1752243037895
0.0,0.0,2.414,30.4,1752243037931
0.0,0.0,2.414,30.4,1752243037941
0.0,0.0,2.414,30.4,1752243037975
0.0,0.0,2.424,30.4,1752243037992
31.70994758605957,-97.18827819824219,2.424,30.4,1752243038000
31.70994758605957,-97.18827819824219,2.424,30.4,1752243038000
0.0,0.0,2.424,30.4,1752243038050
0.0,0.0,2.414,30.4,1752243038073
0.0,0.0,2.414,30.4,1752243038162
0.0,0.0,2.414,30.4,1752243038262
0.0,0.0,2.414,30.4,1752243038266
0.0,0.0,2.404,30.4,1752243038300
0.0,0.0,2.393,30.4,1752243038376
0.0,0.0,2.404,30.4,1752243038388
0.0,0.0,2.404,30.4,1752243038426
0.0,0.0,2.404,30.4,1752243038435
0.0,0.0,2.404,30.4,1752243038475
0.0,0.0,2.404,30.4,1752243038508
0.0,0.0,2.404,30.4,1752243038531
0.0,0.0,2.404,30.4,1752243038539
0.0,0.0,2.404,30.4,1752243038568
0.0,0.0,2.393,30.4,1752243038579
0.0,0.0,2.393,30.4,1752243038623
0.0,0.0,2.404,30.4,1752243038631
0.0,0.0,2.414,30.4,1752243038672
0.0,0.0,2.414,30.4,1752243038682
0.0,0.0,2.414,30.4,1752243040956
0.0,0.0,2.414,30.4,1752243041072
0.0,0.0,2.414,30.4,1752243041166
0.0,0.0,2.414,30.4,1752243041183
0.0,0.0,2.414,30.2,1752243041219
0.0,0.0,2.414,30.2,1752243041763
0.0,0.0,2.404,30.2,1752243041825
0.0,0.0,2.404,30.2,1752243041836
0.0,0.0,2.404,30.2,1752243041869
0.0,0.0,2.404,30.2,1752243041890
0.0,0.0,2.393,30.2,1752243041899
0.0,0.0,2.393,30.2,1752243041940
0.0,0.0,2.393,30.2,1752243041962
0.0,0.0,2.393,30.2,1752243041971
31.70994758605957,-97.18827819824219,2.393,30.2,1752243042000
31.70994758605957,-97.18827819824219,2.393,30.2,1752243042000
31.70994758605957,-97.18828582763672,2.393,30.2,1752243042000
0.0,0.0,2.393,30.2,1752243042013
0.0,0.0,2.393,30.2,1752243042051
0.0,0.0,2.383,30.2,1752243042058
0.0,0.0,2.393,30.2,1752243042100
0.0,0.0,2.393,30.2,1752243042164
0.0,0.0,2.393,30.2,1752243042196
0.0,0.0,2.393,30.2,1752243042199
0.0,0.0,2.393,30.2,1752243042239
0.0,0.0,2.404,30.2,1752243042263
0.0,0.0,2.404,30.2,1752243042285
0.0,0.0,2.414,30.2,1752243042323
0.0,0.0,2.414,30.2,1752243042332
0.0,0.0,2.414,30.2,1752243042353
0.0,0.0,2.414,30.2,1752243042423
0.0,0.0,2.424,30.2,1752243042433
0.0,0.0,2.414,30.2,1752243042465
0.0,0.0,2.414,30.2,1752243042474
0.0,0.0,2.414,30.2,1752243042508
0.0,0.0,2.404,30.2,1752243042517
0.0,0.0,2.404,30.2,1752243042540
0.0,0.0,2.404,30.2,1752243042547
0.0,0.0,2.404,30.2,1752243042573
0.0,0.0,2.393,30.2,1752243042581
0.0,0.0,2.383,30.2,1752243042601
0.0,0.0,2.383,30.2,1752243042634
0.0,0.0,2.383,30.2,1752243042643
0.0,0.0,2.383,30.2,1752243042699
0.0,0.0,2.383,30.2,1752243042741
0.0,0.0,2.383,30.2,1752243042751
0.0,0.0,2.383,30.2,1752243042780
0.0,0.0,2.383,30.2,1752243042823
0.0,0.0,2.383,30.2,1752243042833
0.0,0.0,2.383,30.2,1752243042885
0.0,0.0,2.383,30.2,1752243042896
0.0,0.0,2.393,30.2,1752243044771
0.0,0.0,2.393,30.2,1752243044986
31.70994758605957,-97.18828582763672,2.393,30.2,1752243045000
31.709949493408203,-97.18828582763672,2.393,30.2,1752243045000
31.709951400756836,-97.18828582763672,2.393,30.2,1752243045000
0.0,0.0,2.383,30.2,1752243045118
0.0,0.0,2.383,30.2,1752243045131
0.0,0.0,2.393,30.2,1752243045184
0.0,0.0,2.404,30.2,1752243045204
0.0,0.0,2.404,30.2,1752243045242
0.0,0.0,2.404,30.2,1752243045253
0.0,0.0,2.393,30.2,1752243045289
0.0,0.0,2.404,30.2,1752243045301
0.0,0.0,2.404,30.2,1752243045345
0.0,0.0,2.404,30.2,1752243045362
0.0,0.0,2.404,30.2,1752243045394
0.0,0.0,2.404,30.2,1752243045425
0.0,0.0,2.404,30.2,1752243045435
0.0,0.0,2.424,30.2,1752243045475
0.0,0.0,2.414,30.2,1752243045497
0.0,0.0,2.414,30.2,1752243045510
0.0,0.0,2.393,30.2,1752243045547
0.0,0.0,2.393,30.2,1752243045549
0.0,0.0,2.393,30.2,1752243045576
0.0,0.0,2.383,30.2,1752243045596
0.0,0.0,2.383,30.2,1752243045605
0.0,0.0,2.372,30.2,1752243045645
0.0,0.0,2.372,30.2,1752243045672
0.0,0.0,2.362,30.2,1752243045692
0.0,0.0,2.362,30.2,1752243045701
0.0,0.0,2.362,30.2,1752243045734
0.0,0.0,2.362,30.2,1752243045755
0.0,0.0,2.362,30.2,1752243045770
0.0,0.0,2.372,30.2,1752243045803
0.0,0.0,2.372,30.2,1752243045845
0.0,0.0,2.383,30.2,1752243045866
0.0,0.0,2.393,30.2,1752243045913
0.0,0.0,2.393,30.2,1752243045933
0.0,0.0,2.393,30.2,1752243045964
0.0,0.0,2.404,30.2,1752243045974
31.709951400756836,-97.18828582763672,2.404,30.2,1752243046000
31.70995330810547,-97.18828582763672,2.404,30.2,1752243046000
0.0,0.0,2.404,30.2,1752243046004
0.0,0.0,2.414,30.2,1752243046014
0.0,0.0,2.414,30.2,1752243046141
0.0,0.0,2.424,30.2,1752243046175
0.0,0.0,2.414,30.2,1752243046225
0.0,0.0,2.404,30.2,1752243046249
0.0,0.0,2.404,30.2,1752243046302
0.0,0.0,2.404,30.2,1752243046329
0.0,0.0,2.393,30.2,1752243046375
0.0,0.0,2.393,30.2,1752243046385
0.0,0.0,2.372,30.2,1752243046421
0.0,0.0,2.362,30.2,1752243046445
0.0,0.0,2.362,30.2,1752243046458
0.0,0.0,2.351,30.2,1752243046494
0.0,0.0,2.351,30.2,1752243046503
0.0,0.0,2.341,30.2,1752243046535
0.0,0.0,2.351,30.2,1752243046546
0.0,0.0,2.351,30.2,1752243046581
0.0,0.0,2.351,30.2,1752243046592
0.0,0.0,2.351,30.2,1752243046631
0.0,0.0,2.351,30.2,1752243046647
0.0,0.0,2.351,30.2,1752243046680
0.0,0.0,2.351,30.2,1752243046690
0.0,0.0,2.362,30.2,1752243046721
0.0,0.0,2.351,30.2,1752243046742
0.0,0.0,2.362,30.2,1752243046756
0.0,0.0,2.362,30.2,1752243046774
0.0,0.0,2.362,30.2,1752243046808
0.0,0.0,2.362,30.2,1752243046817
0.0,0.0,2.362,30.2,1752243046854
0.0,0.0,2.362,30.2,1752243046875
0.0,0.0,2.362,30.2,1752243046895
0.0,0.0,2.362,30.2,1752243046904
0.0,0.0,2.362,30.2,1752243046929
0.0,0.0,2.362,30.2,1752243046963
0.0,0.0,2.372,30.2,1752243046974
0.0,0.0,2.362,30.2,1752243046993
0.0,0.0,2.362,30.2,1752243047034
0.0,0.0,2.341,30.2,1752243047043
0.0,0.0,2.351,30.2,1752243048861
31.7099552154541,-97.18827819824219,2.351,30.2,1752243049000
31.709957122802734,-97.18827819824219,2.351,30.2,1752243049000
0.0,0.0,2.351,30.2,1752243049041
0.0,0.0,2.341,30.2,1752243049050
0.0,0.0,2.341,30.2,1752243049081
0.0,0.0,2.341,30.2,1752243049101
0.0,0.0,2.331,30.2,1752243049110
0.0,0.0,2.331,30.2,1752243049141
0.0,0.0,2.32,30.2,1752243049150
0.0,0.0,2.31,30.2,1752243049181
0.0,0.0,2.31,30.2,1752243049201
0.0,0.0,2.31,30.2,1752243049209
0.0,0.0,2.31,30.2,1752243049241
0.0,0.0,2.299,30.2,1752243049262
0.0,0.0,2.299,30.2,1752243049271
0.0,0.0,2.299,30.2,1752243049301
0.0,0.0,2.299,30.2,1752243049321
0.0,0.0,2.299,30.2,1752243049330
0.0,0.0,2.31,30.2,1752243049367
0.0,0.0,2.32,30.2,1752243049376
0.0,0.0,2.331,30.2,1752243049395
0.0,0.0,2.341,30.2,1752243049427
0.0,0.0,2.341,30.2,1752243049436
0.0,0.0,2.341,30.2,1752243049470
0.0,0.0,2.341,30.2,1752243049490
0.0,0.0,2.341,30.2,1752243049499
0.0,0.0,2.341,30.2,1752243049531
0.0,0.0,2.341,30.2,1752243049540
0.0,0.0,2.331,30.2,1752243049573
0.0,0.0,2.331,30.2,1752243049589
0.0,0.0,2.331,30.2,1752243049608
0.0,0.0,2.32,30.2,1752243049635
0.0,0.0,2.31,30.2,1752243049667
0.0,0.0,2.31,30.2,1752243049693
0.0,0.0,2.299,30.2,1752243049738
0.0,0.0,2.299,30.2,1752243049753
0.0,0.0,2.299,30.2,1752243049799
0.0,0.0,2.299,30.2,1752243049815
0.0,0.0,2.31,30.2,1752243049861
0.0,0.0,2.31,30.2,1752243049877
0.0,0.0,2.31,30.2,1752243049921
0.0,0.0,2.31,30.2,1752243049930
0.0,0.0,2.299,30.2,1752243049967
31.709957122802734,-97.18828582763672,2.299,30.2,1752243050000
31.709959030151367,-97.18828582763672,2.299,30.2,1752243050000
31.709959030151367,-97.18828582763672,2.299,30.2,1752243050000
0.0,0.0,2.299,30.2,1752243050013
0.0,0.0,2.299,30.2,1752243050033
0.0,0.0,2.31,30.2,1752243050118
0.0,0.0,2.31,30.2,1752243050165
0.0,0.0,2.299,30.2,1752243050189
0.0,0.0,2.299,30.2,1752243050230
0.0,0.0,2.299,30.2,1752243050246
0.0,0.0,2.299,30.2,1752243050283
0.0,0.0,2.31,30.2,1752243050294
0.0,0.0,2.31,30.2,1752243050338
0.0,0.0,2.299,30.2,1752243050356
0.0,0.0,2.31,30.2,1752243050388
0.0,0.0,2.31,30.2,1752243050411
0.0,0.0,2.32,30.2,1752243050456
0.0,0.0,2.32,30.2,1752243050467
0.0,0.0,2.32,30.2,1752243050499
0.0,0.0,2.331,30.2,1752243050510
0.0,0.0,2.331,30.2,1752243050544
0.0,0.0,2.331,30.2,1752243050553
0.0,0.0,2.32,30.2,1752243050584
0.0,0.0,2.31,30.2,1752243050594
0.0,0.0,2.299,30.2,1752243050625
0.0,0.0,2.299,30.2,1752243050635
0.0,0.0,2.32,30.2,1752243050666
0.0,0.0,2.32,30.2,1752243050680
0.0,0.0,2.31,30.2,1752243050711
0.0,0.0,2.32,30.2,1752243050721
0.0,0.0,2.32,30.2,1752243050759
0.0,0.0,2.32,30.2,1752243050769
0.0,0.0,2.31,30.2,1752243050799
0.0,0.0,2.31,30.2,1752243050809
0.0,0.0,2.32,30.2,1752243050841
0.0,0.0,2.32,30.2,1752243050850
0.0,0.0,2.341,30.2,1752243050882
0.0,0.0,2.331,30.2,1752243050892
0.0,0.0,2.331,30.2,1752243050923
0.0,0.0,2.331,30.2,1752243050933
0.0,0.0,2.32,30.2,1752243050964
0.0,0.0,2.32,30.2,1752243050973
0.0,0.0,2.32,30.2,1752243050992
0.0,0.0,2.32,30.2,1752243051025
0.0,0.0,2.31,30.2,1752243051034
0.0,0.0,2.31,30.2,1752243052888
31.7099609375,-97.18828582763672,2.31,30.2,1752243053000
31.7099609375,-97.18828582763672,2.31,30.2,1752243053000
31.7099609375,-97.18828582763672,2.31,30.2,1752243053000
0.0,0.0,2.31,30.2,1752243053065
0.0,0.0,2.31,30.2,1752243053074
0.0,0.0,2.31,30.2,1752243053104
0.0,0.0,2.32,30.2,1752243053124
0.0,0.0,2.32,30.2,1752243053133
0.0,0.0,2.32,30.2,1752243053163
0.0,0.0,2.32,30.2,1752243053191
0.0,0.0,2.32,30.2,1752243053201
0.0,0.0,2.32,30.2,1752243053219
0.0,0.0,2.31,30.2,1752243053251
0.0,0.0,2.31,30.2,1752243053260
0.0,0.0,2.31,30.2,1752243053279
0.0,0.0,2.31,30.2,1752243053311
0.0,0.0,2.31,30.2,1752243053320
0.0,0.0,2.31,30.2,1752243053352
0.0,0.0,2.31,30.2,1752243053361
0.0,0.0,2.31,30.2,1752243053379
0.0,0.0,2.31,30.2,1752243053412
0.0,0.0,2.299,30.2,1752243053422
0.0,0.0,2.299,30.2,1752243053452
0.0,0.0,2.31,30.2,1752243053461
0.0,0.0,2.31,30.2,1752243053500
0.0,0.0,2.31,30.2,1752243053515
0.0,0.0,2.32,30.2,1752243053553
0.0,0.0,2.31,30.2,1752243053575
0.0,0.0,2.31,30.2,1752243053614
0.0,0.0,2.299,30.2,1752243053635
0.0,0.0,2.299,30.2,1752243053680
0.0,0.0,2.31,30.2,1752243053696
0.0,0.0,2.31,30.2,1752243053746
0.0,0.0,2.32,30.2,1752243053762
0.0,0.0,2.31,30.2,1752243053806
0.0,0.0,2.31,30.2,1752243053829
0.0,0.0,2.32,30.2,1752243053869
0.0,0.0,2.32,30.2,1752243053891
0.0,0.0,2.32,30.2,1752243053930
0.0,0.0,2.31,30.2,1752243053952
0.0,0.0,2.32,30.2,1752243053991
31.7099609375,-97.18828582763672,2.32,30.2,1752243054000
31.709962844848633,-97.18828582763672,2.32,30.2,1752243054000
0.0,0.0,2.31,30.2,1752243054013
0.0,0.0,2.31,30.2,1752243054059
0.0,0.0,2.31,30.2,1752243054180
0.0,0.0,2.31,30.2,1752243054232
0.0,0.0,2.31,30.2,1752243054255
0.0,0.0,2.32,30.2,1752243054306
0.0,0.0,2.32,30.2,1752243054331
0.0,0.0,2.32,30.2,1752243054380
0.0,0.0,2.32,30.2,1752243054392
0.0,0.0,2.32,30.2,1752243054433
0.0,0.0,2.32,30.2,1752243054451
0.0,0.0,2.32,30.2,1752243054486
0.0,0.0,2.31,30.2,1752243054503
0.0,0.0,2.32,30.2,1752243054536
0.0,0.0,2.32,30.2,1752243054547
0.0,0.0,2.32,30.2,1752243054582
0.0,0.0,2.32,30.2,1752243054592
0.0,0.0,2.32,30.2,1752243054625
0.0,0.0,2.31,30.2,1752243054635
0.0,0.0,2.31,30.2,1752243054666
0.0,0.0,2.331,30.2,1752243054676
0.0,0.0,2.331,30.2,1752243054695
0.0,0.0,2.31,30.2,1752243054739
0.0,0.0,2.32,30.2,1752243054750
0.0,0.0,2.31,30.2,1752243054788
0.0,0.0,2.32,30.2,1752243054804
0.0,0.0,2.32,30.2,1752243054836
0.0,0.0,2.32,30.2,1752243054845
0.0,0.0,2.32,30.2,1752243054885
0.0,0.0,2.32,30.2,1752243054894
0.0,0.0,2.32,30.2,1752243054913
0.0,0.0,2.32,30.2,1752243054948
0.0,0.0,2.299,30.2,1752243054965
0.0,0.0,2.31,30.2,1752243054998
31.709962844848633,-97.18828582763672,2.31,30.2,1752243055000
0.0,0.0,2.31,30.2,1752243055037
0.0,0.0,2.31,30.2,1752243055048
31.709962844848633,-97.18828582763672,2.31,30.2,1752243056000
31.709964752197266,-97.18828582763672,2.31,30.2,1752243056000
31.709964752197266,-97.18828582763672,2.31,30.2,1752243056000
31.709964752197266,-97.18828582763672,2.31,30.2,1752243056000
31.7099666595459,-97.18828582763672,2.31,30.2,1752243056000
31.7099666595459,-97.18828582763672,2.31,30.2,1752243056000
31.70996856689453,-97.18829345703125,2.31,30.2,1752243056000
0.0,0.0,2.31,30.2,1752243056802
0.0,0.0,2.31,30.2,1752243056841
0.0,0.0,2.31,30.2,1752243056848
0.0,0.0,2.299,30.2,1752243056849
0.0,0.0,2.31,30.2,1752243056851
0.0,0.0,2.299,30.2,1752243056852
0.0,0.0,2.289,30.2,1752243056853
0.0,0.0,2.31,30.2,1752243056854
0.0,0.0,2.32,30.2,1752243056856
0.0,0.0,2.31,30.4,1752243056857
0.0,0.0,2.299,30.4,1752243056883
0.0,0.0,2.299,30.4,1752243056884
0.0,0.0,2.299,30.4,1752243056886
0.0,0.0,2.299,30.4,1752243056887
0.0,0.0,2.299,30.4,1752243056888
0.0,0.0,2.299,30.4,1752243056889
0.0,0.0,2.289,30.4,1752243056890
0.0,0.0,2.289,30.4,1752243056892
0.0,0.0,2.289,30.4,1752243056893
0.0,0.0,2.279,30.4,1752243056894
0.0,0.0,2.279,30.4,1752243056895
0.0,0.0,2.279,30.4,1752243056896
0.0,0.0,2.279,30.4,1752243056897
0.0,0.0,2.279,30.4,1752243056899
0.0,0.0,2.279,30.4,1752243056900
0.0,0.0,2.268,30.4,1752243056901
0.0,0.0,2.268,30.4,1752243056902
0.0,0.0,2.268,30.4,1752243056903
0.0,0.0,2.268,30.4,1752243056904
0.0,0.0,2.268,30.4,1752243056906
0.0,0.0,2.268,30.4,1752243056907
0.0,0.0,2.258,30.4,1752243056908
0.0,0.0,2.279,30.4,1752243056909
0.0,0.0,2.268,30.4,1752243056910
0.0,0.0,2.268,30.4,1752243056911
0.0,0.0,2.268,30.4,1752243056913
0.0,0.0,2.268,30.4,1752243056914
0.0,0.0,2.268,30.4,1752243056915
0.0,0.0,2.268,30.4,1752243056916
0.0,0.0,2.268,30.4,1752243056917
0.0,0.0,2.258,30.4,1752243056919
0.0,0.0,2.279,30.4,1752243056920
0.0,0.0,2.268,30.4,1752243056921
0.0,0.0,2.268,30.4,1752243056922
0.0,0.0,2.258,30.4,1752243056923
0.0,0.0,2.258,30.4,1752243056924
0.0,0.0,2.258,30.4,1752243056926
0.0,0.0,2.258,30.4,1752243056927
0.0,0.0,2.258,30.4,1752243056928
0.0,0.0,2.237,30.4,1752243056929
0.0,0.0,2.237,30.4,1752243056930
0.0,0.0,2.247,30.4,1752243056931
0.0,0.0,2.247,30.4,1752243056932
0.0,0.0,2.237,30.4,1752243056934
0.0,0.0,2.237,30.4,1752243056935
0.0,0.0,2.247,30.4,1752243056936
0.0,0.0,2.237,30.4,1752243056937
0.0,0.0,2.227,30.4,1752243056938
0.0,0.0,2.227,30.4,1752243056939
0.0,0.0,2.227,30.4,1752243056941
0.0,0.0,2.227,30.4,1752243056942
0.0,0.0,2.216,30.4,1752243056943
0.0,0.0,2.216,30.4,1752243056944
0.0,0.0,2.216,30.4,1752243056945
0.0,0.0,2.216,30.4,1752243056946
0.0,0.0,2.206,30.4,1752243056947
0.0,0.0,2.206,30.4,1752243056949
0.0,0.0,2.195,30.4,1752243056950
0.0,0.0,2.206,30.4,1752243056951
0.0,0.0,2.195,30.4,1752243056953
0.0,0.0,2.195,30.4,1752243056953
0.0,0.0,2.206,30.4,1752243056953
0.0,0.0,2.206,30.4,1752243056954
0.0,0.0,2.206,30.4,1752243056957
0.0,0.0,2.206,30.4,1752243056958
0.0,0.0,2.206,30.4,1752243056960
0.0,0.0,2.206,30.4,1752243056961
0.0,0.0,2.195,30.4,1752243056962
0.0,0.0,2.206,30.4,1752243056964
0.0,0.0,2.206,30.4,1752243056965
0.0,0.0,2.206,30.4,1752243056966
0.0,0.0,2.216,30.4,1752243056967
0.0,0.0,2.216,30.4,1752243056969
0.0,0.0,2.206,30.4,1752243056970
0.0,0.0,2.206,30.4,1752243056971
0.0,0.0,2.206,30.4,1752243056972
0.0,0.0,2.206,30.4,1752243056974
0.0,0.0,2.206,30.4,1752243056975
0.0,0.0,2.206,30.4,1752243056976
0.0,0.0,2.206,30.4,1752243056978
0.0,0.0,2.206,30.4,1752243056979
0.0,0.0,2.195,30.4,1752243056980
0.0,0.0,2.185,30.4,1752243056982
0.0,0.0,2.175,30.4,1752243056983
0.0,0.0,2.175,30.4,1752243056984
0.0,0.0,2.175,30.4,1752243056985
0.0,0.0,2.175,30.4,1752243056987
0.0,0.0,2.175,30.4,1752243056988
0.0,0.0,2.175,30.4,1752243056989
0.0,0.0,2.185,30.4,1752243056991
0.0,0.0,2.195,30.4,1752243056992
0.0,0.0,2.195,30.4,1752243056993
0.0,0.0,2.195,30.4,1752243056995
0.0,0.0,2.206,30.4,1752243056996
0.0,0.0,2.216,30.4,1752243056997
0.0,0.0,2.195,30.4,1752243056998
0.0,0.0,2.185,30.4,1752243057000
31.7099666595459,-97.18828582763672,2.185,30.4,1752243057000
0.0,0.0,2.185,30.4,1752243057001
0.0,0.0,2.185,30.4,1752243057021
0.0,0.0,2.185,30.4,1752243057023
0.0,0.0,2.175,30.4,1752243057042
0.0,0.0,2.164,30.4,1752243057113
0.0,0.0,2.164,30.4,1752243057311
0.0,0.0,2.154,30.4,1752243057313
0.0,0.0,2.154,30.4,1752243057323
0.0,0.0,2.154,30.4,1752243057393
0.0,0.0,2.154,30.4,1752243057463
0.0,0.0,2.164,30.4,1752243057533
0.0,0.0,2.175,30.4,1752243057603
0.0,0.0,2.185,30.4,1752243057673
0.0,0.0,2.154,30.4,1752243057743
0.0,0.0,2.143,30.4,1752243057957
0.0,0.0,2.143,30.4,1752243057963
0.0,0.0,2.143,30.4,1752243057963
31.70996856689453,-97.18829345703125,2.154,30.4,1752243058000
0.0,0.0,2.154,30.4,1752243058025
0.0,0.0,2.154,30.4,1752243058093
0.0,0.0,2.154,30.4,1752243058171
0.0,0.0,2.154,30.4,1752243058236
0.0,0.0,2.164,30.4,1752243058306
0.0,0.0,2.154,30.4,1752243058373
0.0,0.0,2.154,30.4,1752243058443
0.0,0.0,2.143,30.4,1752243058513
0.0,0.0,2.175,30.4,1752243058583
0.0,0.0,2.195,30.4,1752243058653
0.0,0.0,2.195,30.4,1752243058723
0.0,0.0,2.195,30.4,1752243058896
0.0,0.0,2.185,30.4,1752243058897
0.0,0.0,2.185,30.4,1752243058933
31.70996856689453,-97.18829345703125,2.175,30.4,1752243059000
0.0,0.0,2.175,30.4,1752243059003
0.0,0.0,2.175,30.4,1752243059073
0.0,0.0,2.143,30.4,1752243059143
0.0,0.0,2.154,30.4,1752243059213
0.0,0.0,2.154,30.4,1752243059283
0.0,0.0,2.154,30.4,1752243059353
0.0,0.0,2.133,30.4,1752243059423
0.0,0.0,2.112,30.4,1752243059494
0.0,0.0,2.123,30.4,1752243059563
0.0,0.0,2.112,30.4,1752243059633
0.0,0.0,2.112,30.4,1752243059703
0.0,0.0,2.123,30.4,1752243059773
0.0,0.0,2.143,30.4,1752243059843
0.0,0.0,2.143,30.4,1752243059913
31.70996856689453,-97.18829345703125,2.175,30.4,1752243060000
0.0,0.0,2.175,30.4,1752243060073
0.0,0.0,2.185,30.4,1752243060073
0.0,0.0,2.185,30.4,1752243060123
0.0,0.0,2.185,30.4,1752243060193
0.0,0.0,2.185,30.4,1752243060263
0.0,0.0,2.185,30.4,1752243060334
0.0,0.0,2.185,30.4,1752243060403
0.0,0.0,2.175,30.4,1752243060473
0.0,0.0,2.175,30.4,1752243060543
0.0,0.0,2.164,30.4,1752243060613
0.0,0.0,2.143,30.4,1752243060683
0.0,0.0,2.143,30.4,1752243060753
0.0,0.0,2.143,30.4,1752243060823
0.0,0.0,2.133,30.4,1752243060893
0.0,0.0,2.143,30.4,1752243060963
31.70996856689453,-97.18829345703125,2.143,30.4,1752243061000
0.0,0.0,2.143,30.4,1752243061098
0.0,0.0,2.164,30.4,1752243061111
0.0,0.0,2.154,30.4,1752243061173
0.0,0.0,2.154,30.4,1752243061243
0.0,0.0,2.164,30.4,1752243061313
0.0,0.0,2.164,30.4,1752243061383
0.0,0.0,2.175,30.4,1752243061453
0.0,0.0,2.351,30.4,1752243173376
0.0,0.0,2.331,30.4,1752243173762
0.0,0.0,2.331,30.4,1752243174359
0.0,0.0,2.351,30.4,1752243174411
0.0,0.0,2.341,30.4,1752243174518
0.0,0.0,2.331,30.4,1752243174576
0.0,0.0,2.351,30.4,1752243174684
0.0,0.0,2.351,30.4,1752243174767
0.0,0.0,2.362,30.4,1752243174850
0.0,0.0,2.362,30.4,1752243174934
0.0,0.0,2.362,30.4,1752243174992
0.0,0.0,2.372,30.4,1752243175101
0.0,0.0,2.383,30.4,1752243175183
0.0,0.0,2.414,30.4,1752243175270
0.0,0.0,2.414,30.4,1752243175352
0.0,0.0,2.424,30.4,1752243175435
0.0,0.0,2.435,30.4,1752243175519
0.0,0.0,2.466,30.4,1752243175601
0.0,0.0,2.476,30.4,1752243175685
0.0,0.0,2.476,30.4,1752243175768
0.0,0.0,2.487,30.4,1752243175851
0.0,0.0,2.487,30.4,1752243175934
0.0,0.0,2.508,30.4,1752243176016
0.0,0.0,2.508,30.4,1752243176095
0.0,0.0,2.508,30.4,1752243176189
0.0,0.0,2.508,30.4,1752243176279
0.0,0.0,2.508,30.4,1752243176361
0.0,0.0,2.497,30.4,1752243176419
0.0,0.0,2.487,30.4,1752243176526
0.0,0.0,2.456,30.4,1752243176608
0.0,0.0,2.445,30.4,1752243176690
0.0,0.0,2.456,30.4,1752243176772
0.0,0.0,2.456,30.4,1752243176854
0.0,0.0,2.466,30.4,1752243176939
0.0,0.0,2.476,30.4,1752243177021
0.0,0.0,2.456,30.4,1752243177102
0.0,0.0,2.476,30.4,1752243177193
0.0,0.0,2.476,30.4,1752243177284
0.0,0.0,2.466,30.4,1752243177368
0.0,0.0,2.497,30.4,1752243177451
0.0,0.0,2.508,30.4,1752243177533
0.0,0.0,2.528,30.4,1752243177616
0.0,0.0,2.58,30.4,1752243177700
0.0,0.0,2.58,30.4,1752243177785
0.0,0.0,2.58,30.4,1752243177867
0.0,0.0,2.601,30.4,1752243177952
0.0,0.0,2.591,30.4,1752243178034
0.0,0.0,2.612,30.4,1752243178118
0.0,0.0,2.632,30.4,1752243178200
0.0,0.0,2.632,30.4,1752243178286
0.0,0.0,2.664,30.4,1752243178369
0.0,0.0,2.664,30.4,1752243178452
0.0,0.0,2.664,30.4,1752243178536
0.0,0.0,2.664,30.4,1752243178620
0.0,0.0,2.601,30.4,1752243178702
0.0,0.0,2.591,30.4,1752243178786
0.0,0.0,2.57,30.4,1752243178869
0.0,0.0,2.539,30.4,1752243178953
0.0,0.0,2.539,30.4,1752243179035
0.0,0.0,2.57,30.4,1752243179118
0.0,0.0,2.528,30.4,1752243179203
0.0,0.0,2.539,30.4,1752243179291
0.0,0.0,2.508,30.4,1752243179373
0.0,0.0,2.497,30.4,1752243179456
0.0,0.0,2.456,30.4,1752243179540
0.0,0.0,2.435,30.4,1752243179621
0.0,0.0,2.487,30.4,1752243179707
0.0,0.0,2.487,30.4,1752243179793
0.0,0.0,2.508,30.4,1752243179874
0.0,0.0,2.508,30.4,1752243179956
0.0,0.0,2.508,30.4,1752243180038
0.0,0.0,2.476,30.4,1752243180120
0.0,0.0,2.528,30.4,1752243180205
0.0,0.0,2.528,30.4,1752243180291
0.0,0.0,2.528,30.4,1752243180373
0.0,0.0,2.528,30.4,1752243180456
0.0,0.0,2.56,30.4,1752243180538
0.0,0.0,2.528,30.4,1752243180619
0.0,0.0,2.508,30.4,1752243180703
0.0,0.0,2.508,30.4,1752243180786
0.0,0.0,2.476,30.4,1752243180869
0.0,0.0,2.508,30.4,1752243180952
0.0,0.0,2.487,30.4,1752243181036
0.0,0.0,2.476,30.4,1752243181117
0.0,0.0,2.476,30.4,1752243181202
0.0,0.0,2.476,30.4,1752243181291
0.0,0.0,2.466,30.4,1752243181373
0.0,0.0,2.487,30.4,1752243181456
0.0,0.0,2.435,30.4,1752243181537
0.0,0.0,2.497,30.4,1752243181620
0.0,0.0,2.528,30.4,1752243181703
0.0,0.0,2.528,30.4,1752243181787
0.0,0.0,2.57,30.4,1752243181869
0.0,0.0,2.539,30.4,1752243181953
0.0,0.0,2.549,30.4,1752243182037
0.0,0.0,2.56,30.4,1752243182123
0.0,0.0,2.58,30.4,1752243182211
0.0,0.0,2.57,30.4,1752243182293
0.0,0.0,2.622,30.4,1752243182376
0.0,0.0,2.664,30.4,1752243182462
0.0,0.0,2.716,30.4,1752243182544
0.0,0.0,2.705,30.4,1752243182627
0.0,0.0,2.726,30.4,1752243182712
0.0,0.0,2.737,30.4,1752243182794
0.0,0.0,2.726,30.4,1752243182879
0.0,0.0,2.747,30.4,1752243182962
31.709848403930664,-97.18832397460938,2.747,30.4,1752243183000
0.0,0.0,2.809,30.4,1752243183044
0.0,0.0,2.841,30.4,1752243183127
0.0,0.0,2.893,30.4,1752243183216
0.0,0.0,2.934,30.4,1752243183299
0.0,0.0,2.924,30.4,1752243183382
0.0,0.0,2.903,30.4,1752243183469
0.0,0.0,2.872,30.4,1752243183528
0.0,0.0,2.893,30.4,1752243183633
0.0,0.0,2.893,30.4,1752243183695
0.0,0.0,2.872,30.4,1752243183807
0.0,0.0,2.893,30.4,1752243183867
0.0,0.0,2.913,30.4,1752243183979
31.70985221862793,-97.18832397460938,2.913,30.4,1752243184000
0.0,0.0,2.872,30.4,1752243184039
0.0,0.0,2.861,30.4,1752243184148
0.0,0.0,2.82,30.4,1752243184228
0.0,0.0,2.841,30.4,1752243184355
0.0,0.0,2.83,30.4,1752243184427
0.0,0.0,2.83,30.4,1752243184554
0.0,0.0,2.872,30.4,1752243184624
0.0,0.0,2.841,30.4,1752243184752
0.0,0.0,2.872,30.4,1752243185094
0.0,0.0,2.872,30.4,1752243185216
0.0,0.0,2.872,30.4,1752243185291
0.0,0.0,2.872,30.4,1752243185419
0.0,0.0,2.893,30.4,1752243185489
0.0,0.0,2.893,30.4,1752243185620
0.0,0.0,2.913,30.4,1752243185691
0.0,0.0,2.893,30.4,1752243185821
31.709854125976562,-97.18832397460938,2.872,30.4,1752243186000
0.0,0.0,2.872,30.4,1752243186161
0.0,0.0,2.872,30.4,1752243186286
0.0,0.0,2.851,30.4,1752243186345
0.0,0.0,2.872,30.4,1752243186460
0.0,0.0,2.841,30.4,1752243186523
0.0,0.0,2.83,30.4,1752243186636
0.0,0.0,2.83,30.4,1752243186702
0.0,0.0,2.83,30.4,1752243186814
0.0,0.0,2.809,30.4,1752243186877
0.0,0.0,2.799,30.4,1752243186992
0.0,0.0,2.778,30.4,1752243187055
0.0,0.0,2.778,30.4,1752243187169
0.0,0.0,2.757,30.4,1752243187254
0.0,0.0,2.747,30.4,1752243187382
0.0,0.0,2.778,30.4,1752243187452
0.0,0.0,2.757,30.4,1752243187579
0.0,0.0,2.768,30.4,1752243187651
0.0,0.0,2.799,30.4,1752243187779
31.70985984802246,-97.1883316040039,2.737,30.4,1752243188000
0.0,0.0,2.737,30.4,1752243188119
0.0,0.0,2.726,30.4,1752243188256
0.0,0.0,2.705,30.4,1752243188327
0.0,0.0,2.705,30.4,1752243188455
0.0,0.0,2.685,30.4,1752243188525
0.0,0.0,2.674,30.4,1752243188636
0.0,0.0,2.674,30.4,1752243188697
0.0,0.0,2.705,30.4,1752243188806
0.0,0.0,2.653,30.4,1752243188869
0.0,0.0,2.612,30.4,1752243188983
31.709863662719727,-97.1883316040039,2.612,30.4,1752243189000
0.0,0.0,2.601,30.4,1752243189043
0.0,0.0,2.549,30.4,1752243189158
0.0,0.0,2.58,30.4,1752243189240
0.0,0.0,2.591,30.4,1752243189370
0.0,0.0,2.57,30.4,1752243189443
0.0,0.0,2.56,30.4,1752243189572
0.0,0.0,2.56,30.4,1752243189643
0.0,0.0,2.549,30.4,1752243189775
0.0,0.0,2.539,30.4,1752243190109
0.0,0.0,2.487,30.4,1752243190244
0.0,0.0,2.487,30.4,1752243190326
0.0,0.0,2.497,30.4,1752243190456
0.0,0.0,2.487,30.4,1752243190527
0.0,0.0,2.487,30.4,1752243190654
0.0,0.0,2.466,30.4,1752243190725
0.0,0.0,2.445,30.4,1752243190854
31.709871292114258,-97.18833923339844,2.445,30.4,1752243191000
0.0,0.0,2.445,30.4,1752243191196
0.0,0.0,2.445,30.4,1752243191331
0.0,0.0,2.414,30.4,1752243191402
0.0,0.0,2.404,30.4,1752243191530
0.0,0.0,2.414,30.4,1752243191603
0.0,0.0,2.404,30.4,1752243191734
0.0,0.0,2.393,30.4,1752243191805
0.0,0.0,2.393,30.4,1752243191936
0.0,0.0,2.383,30.4,1752243192007
0.0,0.0,2.393,30.4,1752243192132
0.0,0.0,2.383,30.4,1752243192215
0.0,0.0,2.372,30.4,1752243192345
0.0,0.0,2.383,30.4,1752243192420
0.0,0.0,2.362,30.4,1752243192550
0.0,0.0,2.351,30.4,1752243192591
0.0,0.0,2.341,30.4,1752243192774
31.70987319946289,-97.18833923339844,2.341,30.4,1752243193000
0.0,0.0,2.341,30.4,1752243193157
0.0,0.0,2.341,30.4,1752243193292
0.0,0.0,2.331,30.4,1752243193365
0.0,0.0,2.32,30.4,1752243193494
0.0,0.0,2.351,30.4,1752243193565
0.0,0.0,2.341,30.4,1752243193696
0.0,0.0,2.331,30.4,1752243193768
0.0,0.0,2.341,30.4,1752243193900
0.0,0.0,2.351,30.4,1752243193971
0.0,0.0,2.331,30.4,1752243194105
0.0,0.0,2.331,30.4,1752243194179
0.0,0.0,2.31,30.4,1752243194319
0.0,0.0,2.299,30.4,1752243194392
0.0,0.0,2.279,30.4,1752243194520
0.0,0.0,2.247,30.4,1752243194591
0.0,0.0,2.216,30.4,1752243194686
0.0,0.0,2.185,30.4,1752243194786
0.0,0.0,2.175,30.4,1752243194901
0.0,0.0,2.185,30.4,1752243195220
0.0,0.0,2.143,30.4,1752243195326
0.0,0.0,2.112,30.4,1752243195425
0.0,0.0,2.102,30.4,1752243195527
0.0,0.0,2.07,30.4,1752243195633
0.0,0.0,2.091,30.4,1752243195736
0.0,0.0,2.091,30.4,1752243195838
0.0,0.0,2.123,30.4,1752243195940
31.709888458251953,-97.18831634521484,2.133,30.4,1752243196000
0.0,0.0,2.133,30.4,1752243196041
0.0,0.0,2.143,30.4,1752243196141
0.0,0.0,2.123,30.4,1752243196249
0.0,0.0,2.123,30.4,1752243196348
0.0,0.0,2.102,30.4,1752243196452
0.0,0.0,2.112,30.4,1752243196551
0.0,0.0,2.133,30.4,1752243196655
0.0,0.0,2.133,30.4,1752243196729
0.0,0.0,2.143,30.4,1752243196859
0.0,0.0,2.154,30.4,1752243196930
0.0,0.0,2.112,30.4,1752243197063
0.0,0.0,2.081,30.4,1752243197134
0.0,0.0,2.07,30.4,1752243197278
0.0,0.0,2.05,30.4,1752243197351
0.0,0.0,2.06,30.4,1752243197480
0.0,0.0,2.07,30.4,1752243197551
0.0,0.0,2.05,30.4,1752243197678
0.0,0.0,2.039,30.4,1752243197750
31.709888458251953,-97.18832397460938,2.05,30.4,1752243198000
0.0,0.0,2.05,30.4,1752243198160
0.0,0.0,2.039,30.4,1752243198239
0.0,0.0,1.998,30.4,1752243198370
0.0,0.0,1.977,30.4,1752243198444
0.0,0.0,1.998,30.4,1752243198573
0.0,0.0,1.998,30.4,1752243198644
0.0,0.0,1.987,30.4,1752243198775
0.0,0.0,1.987,30.4,1752243198849
0.0,0.0,1.966,30.4,1752243198981
31.709888458251953,-97.1883316040039,1.966,30.4,1752243199000
0.0,0.0,1.946,30.4,1752243199051
0.0,0.0,1.956,30.4,1752243199180
0.0,0.0,1.966,30.4,1752243199271
0.0,0.0,1.946,30.4,1752243199443
0.0,0.0,1.946,30.4,1752243199542
0.0,0.0,1.956,30.4,1752243199718
0.0,0.0,1.966,30.4,1752243199811
0.0,0.0,1.956,30.4,1752243199984
0.0,0.0,1.966,30.4,1752243200339
0.0,0.0,1.956,30.4,1752243200476
0.0,0.0,1.946,30.4,1752243200556
0.0,0.0,1.966,30.4,1752243200706
0.0,0.0,1.946,30.4,1752243200801
0.0,0.0,1.935,30.4,1752243200982
0.0,0.0,1.914,30.4,1752243201084
0.0,0.0,1.904,30.4,1752243201268
0.0,0.0,1.873,30.4,1752243201619
0.0,0.0,1.873,30.4,1752243201790
0.0,0.0,1.873,30.4,1752243201857
0.0,0.0,1.842,30.4,1752243201986
31.70989227294922,-97.18833923339844,1.842,30.4,1752243202000
0.0,0.0,1.8,30.4,1752243202060
0.0,0.0,1.779,30.4,1752243202197
0.0,0.0,1.779,30.4,1752243202277
0.0,0.0,1.758,30.4,1752243202408
0.0,0.0,1.769,30.4,1752243202480
0.0,0.0,1.769,30.4,1752243202609
0.0,0.0,1.779,30.4,1752243202682
0.0,0.0,1.79,30.4,1752243202813
0.0,0.0,1.79,30.4,1752243202884
31.709888458251953,-97.18834686279297,1.769,30.4,1752243203000
0.0,0.0,1.769,30.4,1752243203017
0.0,0.0,1.748,30.4,1752243203089
0.0,0.0,1.779,30.4,1752243203262
0.0,0.0,1.79,30.4,1752243203369
0.0,0.0,1.779,30.4,1752243203547
0.0,0.0,1.79,30.4,1752243203649
0.0,0.0,1.769,30.4,1752243203827
0.0,0.0,1.769,30.4,1752243203963
0.0,0.0,1.737,30.4,1752243204316
0.0,0.0,1.717,30.4,1752243204444
0.0,0.0,1.665,30.4,1752243204525
0.0,0.0,1.654,30.4,1752243204692
0.0,0.0,1.644,30.4,1752243204792
0.0,0.0,1.633,30.4,1752243204968
31.70988655090332,-97.18834686279297,1.633,30.4,1752243205000
0.0,0.0,1.592,30.4,1752243205069
0.0,0.0,1.561,30.4,1752243205256
0.0,0.0,1.509,30.4,1752243205613
0.0,0.0,1.467,30.4,1752243205741
0.0,0.0,1.477,30.4,1752243205814
0.0,0.0,1.446,30.4,1752243205946
0.0,0.0,1.446,30.4,1752243206022
0.0,0.0,1.456,30.4,1752243206151
0.0,0.0,1.456,30.4,1752243206242
0.0,0.0,1.446,30.4,1752243206419
0.0,0.0,1.436,30.4,1752243206519
0.0,0.0,1.415,30.4,1752243206692
0.0,0.0,1.425,30.4,1752243206794
0.0,0.0,1.436,30.4,1752243206968
31.709888458251953,-97.18834686279297,1.436,30.4,1752243207000
0.0,0.0,1.456,30.4,1752243207299
0.0,0.0,1.467,30.4,1752243207439
0.0,0.0,1.436,30.4,1752243207512
0.0,0.0,1.436,30.4,1752243207640
0.0,0.0,1.436,30.4,1752243207711
0.0,0.0,1.404,30.4,1752243207840
0.0,0.0,1.404,30.4,1752243207917
0.0,0.0,1.394,30.4,1752243208045
0.0,0.0,1.352,30.4,1752243208116
0.0,0.0,1.363,30.4,1752243208273
0.0,0.0,1.332,30.4,1752243208376
0.0,0.0,1.321,30.4,1752243208551
0.0,0.0,1.311,30.4,1752243208651
0.0,0.0,1.28,30.4,1752243208828
0.0,0.0,1.28,30.4,1752243208928
31.709890365600586,-97.18834686279297,1.28,30.4,1752243209000
0.0,0.0,1.28,30.4,1752243209331
0.0,0.0,1.259,30.4,1752243209479
0.0,0.0,1.28,30.4,1752243209544
0.0,0.0,1.259,30.4,1752243209671
0.0,0.0,1.269,30.4,1752243209744
0.0,0.0,1.269,30.4,1752243209881
0.0,0.0,1.259,30.4,1752243209953
0.0,0.0,1.259,30.4,1752243210084
0.0,0.0,1.248,30.4,1752243210155
0.0,0.0,1.238,30.4,1752243210310
0.0,0.0,1.259,30.4,1752243210398
0.0,0.0,1.238,30.4,1752243210578
0.0,0.0,1.238,30.4,1752243210679
0.0,0.0,1.228,30.4,1752243210860
0.0,0.0,1.228,30.4,1752243210966
31.70989227294922,-97.18834686279297,1.228,30.4,1752243211000
0.0,0.0,1.217,30.4,1752243211387
0.0,0.0,1.207,30.4,1752243211469
0.0,0.0,1.175,30.4,1752243211602
0.0,0.0,1.175,30.4,1752243211678
0.0,0.0,1.155,30.4,1752243211814
0.0,0.0,1.144,30.4,1752243211890
0.0,0.0,1.186,30.4,1752243212024
0.0,0.0,1.165,30.4,1752243212100
0.0,0.0,1.155,30.4,1752243212249
0.0,0.0,1.165,30.4,1752243212349
0.0,0.0,1.165,30.4,1752243212589
0.0,0.0,1.144,30.4,1752243212683
0.0,0.0,1.144,30.4,1752243212870
31.70989418029785,-97.18834686279297,1.144,30.4,1752243213000
0.0,0.0,1.144,30.4,1752243213229
0.0,0.0,1.144,30.4,1752243213372
0.0,0.0,1.134,30.4,1752243213416
0.0,0.0,1.123,30.4,1752243213548
0.0,0.0,1.123,30.4,1752243213623
0.0,0.0,1.071,30.4,1752243213752
0.0,0.0,1.051,30.4,1752243213826
0.0,0.0,1.051,30.4,1752243213957
31.70989418029785,-97.18834686279297,1.04,30.4,1752243214000
0.0,0.0,1.04,30.4,1752243214032
0.0,0.0,1.009,30.4,1752243214165
0.0,0.0,0.999,30.4,1752243214258
0.0,0.0,0.999,30.4,1752243214446
0.0,0.0,0.988,30.4,1752243214506
0.0,0.0,0.978,30.4,1752243214695
0.0,0.0,0.957,30.4,1752243214804
0.0,0.0,0.967,30.4,1752243214984
0.0,0.0,0.947,30.4,1752243215346
0.0,0.0,0.957,30.4,1752243215449
0.0,0.0,0.947,30.4,1752243215532
0.0,0.0,0.926,30.4,1752243215708
0.0,0.0,0.926,30.4,1752243215814
0.0,0.0,0.915,30.4,1752243215994
31.70989418029785,-97.18834686279297,0.915,30.4,1752243216000
0.0,0.0,0.915,30.4,1752243216099
0.0,0.0,0.895,30.4,1752243216289
0.0,0.0,0.874,30.4,1752243216649
0.0,0.0,0.863,30.4,1752243216779
0.0,0.0,0.853,30.4,1752243216854
0.0,0.0,0.853,30.4,1752243216984
0.0,0.0,0.832,30.4,1752243217062
0.0,0.0,0.832,30.4,1752243217198
0.0,0.0,0.811,30.4,1752243217288
0.0,0.0,0.811,30.4,1752243217448
0.0,0.0,0.832,30.4,1752243217550
0.0,0.0,0.832,30.4,1752243217726
0.0,0.0,0.832,30.4,1752243217825
31.709896087646484,-97.1883544921875,0.832,30.4,1752243218000
0.0,0.0,0.832,30.4,1752243218004
0.0,0.0,0.842,30.4,1752243218363
0.0,0.0,0.832,30.4,1752243218499
0.0,0.0,0.832,30.4,1752243218571
0.0,0.0,0.832,30.4,1752243218702
0.0,0.0,0.832,30.4,1752243218773
0.0,0.0,0.822,30.4,1752243218901
0.0,0.0,0.832,30.4,1752243218979
0.0,0.0,0.822,30.4,1752243219106
0.0,0.0,0.822,30.4,1752243219182
0.0,0.0,0.811,30.4,1752243219333
0.0,0.0,0.811,30.4,1752243219435
0.0,0.0,0.801,30.4,1752243219614
0.0,0.0,0.801,30.4,1752243219721
0.0,0.0,0.801,30.4,1752243219904
31.709897994995117,-97.1883544921875,0.811,30.4,1752243220000
0.0,0.0,0.811,30.4,1752243220007
0.0,0.0,0.811,30.4,1752243220412
0.0,0.0,0.811,30.4,1752243220460
0.0,0.0,0.811,30.4,1752243220591
0.0,0.0,0.811,30.4,1752243220662
0.0,0.0,0.79,30.4,1752243220791
0.0,0.0,0.79,30.4,1752243220869
0.0,0.0,0.79,30.4,1752243220995
0.0,0.0,0.79,30.4,1752243221071
0.0,0.0,0.79,30.4,1752243221206
0.0,0.0,0.801,30.4,1752243221296
0.0,0.0,0.811,30.4,1752243221528
0.0,0.0,0.801,30.4,1752243221624
0.0,0.0,0.801,30.4,1752243221805
0.0,0.0,0.801,30.4,1752243221908
31.70989990234375,-97.18836975097656,0.801,30.4,1752243222000
0.0,0.0,0.801,30.4,1752243222066
0.0,0.0,0.801,30.4,1752243222397
0.0,0.0,0.811,30.4,1752243222528
0.0,0.0,0.811,30.4,1752243222603
0.0,0.0,0.801,30.4,1752243222735
0.0,0.0,0.801,30.4,1752243222815
0.0,0.0,0.79,30.4,1752243222947
0.0,0.0,0.801,30.4,1752243223023
0.0,0.0,0.801,30.4,1752243223152
0.0,0.0,0.801,30.4,1752243223245
0.0,0.0,0.801,30.4,1752243223418
0.0,0.0,0.811,30.4,1752243223522
0.0,0.0,0.811,30.4,1752243223704
0.0,0.0,0.811,30.4,1752243223805
0.0,0.0,0.801,30.4,1752243223975
31.70989990234375,-97.1883773803711,0.801,30.4,1752243224000
0.0,0.0,0.79,30.4,1752243224326
0.0,0.0,0.811,30.4,1752243224453
0.0,0.0,0.801,30.4,1752243224524
0.0,0.0,0.79,30.4,1752243224654
0.0,0.0,0.79,30.4,1752243224730
0.0,0.0,0.79,30.4,1752243224861
0.0,0.0,0.79,30.4,1752243224934
0.0,0.0,0.79,30.4,1752243225065
0.0,0.0,0.79,30.4,1752243225138
0.0,0.0,0.78,30.4,1752243225285
0.0,0.0,0.77,30.4,1752243225387
0.0,0.0,0.77,30.4,1752243225570
0.0,0.0,0.77,30.4,1752243225674
0.0,0.0,0.759,30.4,1752243225855
0.0,0.0,0.77,30.4,1752243225914
31.709903717041016,-97.1883773803711,0.759,30.4,1752243226000
0.0,0.0,0.759,30.4,1752243226038
0.0,0.0,0.759,30.4,1752243226391
0.0,0.0,0.749,30.4,1752243226524
0.0,0.0,0.749,30.4,1752243226603
0.0,0.0,0.738,30.4,1752243226736
0.0,0.0,0.738,30.4,1752243226812
0.0,0.0,0.728,30.4,1752243226944
0.0,0.0,0.728,30.4,1752243227018
0.0,0.0,0.728,30.4,1752243227147
0.0,0.0,0.707,30.4,1752243227239
0.0,0.0,0.707,30.4,1752243227411
0.0,0.0,0.697,30.4,1752243227471
0.0,0.0,0.697,30.4,1752243227653
0.0,0.0,0.697,30.4,1752243227756
0.0,0.0,0.686,30.4,1752243227938
31.70990753173828,-97.18839263916016,0.686,30.4,1752243228000
0.0,0.0,0.676,30.4,1752243228343
0.0,0.0,0.666,30.4,1752243228545
0.0,0.0,0.666,30.4,1752243228629
0.0,0.0,0.666,30.4,1752243228760
0.0,0.0,0.666,30.4,1752243228831
0.0,0.0,0.655,30.4,1752243228962
0.0,0.0,0.645,30.4,1752243229034
0.0,0.0,0.645,30.4,1752243229164
0.0,0.0,0.634,30.4,1752243229219
0.0,0.0,0.624,30.4,1752243229266
0.0,0.0,0.624,30.4,1752243229358
0.0,0.0,0.614,30.4,1752243229485
0.0,0.0,0.624,30.4,1752243229577
0.0,0.0,0.614,30.4,1752243229670
0.0,0.0,0.603,30.4,1752243229727
0.0,0.0,0.593,30.4,1752243229811
0.0,0.0,0.593,30.4,1752243229935
31.709909439086914,-97.18840026855469,0.603,30.4,1752243230000
0.0,0.0,0.603,30.4,1752243230022
0.0,0.0,0.614,30.4,1752243230372
0.0,0.0,0.634,30.4,1752243230420
0.0,0.0,0.655,30.4,1752243230483
0.0,0.0,0.666,30.4,1752243230722
0.0,0.0,0.686,30.4,1752243230754
0.0,0.0,0.707,30.4,1752243230787
0.0,0.0,0.707,30.4,1752243230852
31.709909439086914,-97.18841552734375,0.697,30.4,1752243231000
31.70991325378418,-97.18843078613281,0.697,30.4,1752243231000
0.0,0.0,0.697,30.4,1752243231013
0.0,0.0,0.707,30.4,1752243231052
0.0,0.0,0.718,30.4,1752243231907
0.0,0.0,0.718,30.4,1752243232225
0.0,0.0,0.686,30.4,1752243232336
0.0,0.0,0.686,30.4,1752243232417
0.0,0.0,2.06,30.4,1752243238198
0.0,0.0,3.351,30.4,1752243239477
0.0,0.0,4.662,30.4,1752243239834
0.0,0.0,5.109,30.4,1752243265303
0.0,0.0,5.089,30.4,1752243265397
0.0,0.0,5.099,30.4,1752243265502
0.0,0.0,5.099,30.4,1752243265604
0.0,0.0,5.089,30.4,1752243265705
0.0,0.0,5.068,30.4,1752243265810
0.0,0.0,5.068,30.4,1752243265912
0.0,0.0,5.078,30.4,1752243266023
0.0,0.0,5.047,30.4,1752243266128
0.0,0.0,5.036,30.4,1752243266282
0.0,0.0,5.026,30.4,1752243266377
0.0,0.0,5.005,30.4,1752243266477
0.0,0.0,4.995,30.4,1752243266581
0.0,0.0,4.974,30.4,1752243266686
0.0,0.0,4.984,30.4,1752243266785
0.0,0.0,4.974,30.4,1752243266889
0.0,0.0,4.974,30.4,1752243267028
0.0,0.0,4.974,30.4,1752243267125
0.0,0.0,4.974,30.4,1752243267233
0.0,0.0,4.964,30.4,1752243267333
0.0,0.0,4.984,30.4,1752243267432
0.0,0.0,4.995,30.4,1752243267535
0.0,0.0,4.995,30.4,1752243267638
0.0,0.0,5.016,30.4,1752243267739
0.0,0.0,5.016,30.4,1752243267840
0.0,0.0,5.026,30.4,1752243267941
0.0,0.0,5.005,30.4,1752243268041
0.0,0.0,5.016,30.4,1752243268141
0.0,0.0,5.026,30.4,1752243268253
0.0,0.0,5.036,30.4,1752243268356
0.0,0.0,5.047,30.4,1752243268458
0.0,0.0,5.057,30.4,1752243268560
0.0,0.0,5.057,30.4,1752243268663
0.0,0.0,5.036,30.4,1752243268765
0.0,0.0,5.047,30.4,1752243268867
0.0,0.0,5.036,30.4,1752243268967
31.70989990234375,-97.18812561035156,5.036,30.4,1752243269000
0.0,0.0,5.036,30.4,1752243269070
0.0,0.0,5.047,30.4,1752243269171
0.0,0.0,5.068,30.4,1752243269278
0.0,0.0,5.078,30.4,1752243269379
0.0,0.0,5.057,30.4,1752243269483
0.0,0.0,5.047,30.4,1752243269583
0.0,0.0,5.036,30.4,1752243269688
0.0,0.0,5.026,30.4,1752243269793
0.0,0.0,5.026,30.4,1752243269865
0.0,0.0,5.026,30.4,1752243269993
0.0,0.0,5.005,30.4,1752243270065
0.0,0.0,4.995,30.4,1752243270203
0.0,0.0,4.984,30.4,1752243270299
0.0,0.0,4.974,30.4,1752243270534
0.0,0.0,4.953,30.4,1752243270624
0.0,0.0,4.932,30.4,1752243270797
0.0,0.0,4.932,30.4,1752243270898
31.709903717041016,-97.1881332397461,4.943,30.4,1752243271000
0.0,0.0,4.943,30.4,1752243271064
0.0,0.0,4.943,30.4,1752243271413
0.0,0.0,4.953,30.4,1752243271541
0.0,0.0,4.953,30.4,1752243271619
0.0,0.0,4.953,30.4,1752243271749
0.0,0.0,4.953,30.4,1752243271823
0.0,0.0,4.964,30.4,1752243271952
0.0,0.0,4.953,30.4,1752243272024
0.0,0.0,4.953,30.4,1752243272154
0.0,0.0,4.964,30.4,1752243272247
0.0,0.0,4.974,30.4,1752243272411
0.0,0.0,4.964,30.4,1752243272512
0.0,0.0,4.953,30.4,1752243272690
0.0,0.0,4.984,30.4,1752243272793
0.0,0.0,4.974,30.4,1752243272967
31.70990562438965,-97.1881332397461,4.974,30.4,1752243273000
0.0,0.0,4.974,30.4,1752243273311
0.0,0.0,4.953,30.4,1752243273439
0.0,0.0,4.964,30.4,1752243273515
0.0,0.0,4.953,30.4,1752243273644
0.0,0.0,4.964,30.4,1752243273716
0.0,0.0,4.953,30.4,1752243273849
0.0,0.0,4.953,30.4,1752243273921
0.0,0.0,4.953,30.4,1752243274049
0.0,0.0,4.964,30.4,1752243274121
0.0,0.0,4.964,30.4,1752243274271
0.0,0.0,4.943,30.4,1752243274373
0.0,0.0,4.943,30.4,1752243274551
0.0,0.0,4.964,30.4,1752243274652
0.0,0.0,4.984,30.4,1752243274830
0.0,0.0,4.974,30.4,1752243274927
31.70990753173828,-97.18814086914062,4.974,30.4,1752243275000
0.0,0.0,4.964,30.4,1752243275335
0.0,0.0,4.964,30.4,1752243275419
0.0,0.0,4.964,30.4,1752243275548
0.0,0.0,4.974,30.4,1752243275619
0.0,0.0,4.984,30.4,1752243275749
0.0,0.0,4.984,30.4,1752243275823
0.0,0.0,5.016,30.4,1752243275951
31.70990753173828,-97.18814849853516,5.026,30.4,1752243276000
0.0,0.0,5.026,30.4,1752243276023
0.0,0.0,5.016,30.4,1752243276151
0.0,0.0,4.995,30.4,1752243276242
0.0,0.0,4.974,30.4,1752243276416
0.0,0.0,4.974,30.4,1752243276517
0.0,0.0,4.984,30.4,1752243276695
0.0,0.0,4.984,30.4,1752243276796
0.0,0.0,4.984,30.4,1752243276970
0.0,0.0,4.953,30.4,1752243277310
0.0,0.0,4.953,30.4,1752243277449
0.0,0.0,4.932,30.4,1752243277530
0.0,0.0,4.912,30.4,1752243277696
0.0,0.0,4.891,30.4,1752243277797
0.0,0.0,4.891,30.4,1752243277971
0.0,0.0,4.901,30.4,1752243278073
0.0,0.0,4.901,30.4,1752243278263
0.0,0.0,4.901,30.4,1752243278612
0.0,0.0,4.891,30.4,1752243278741
0.0,0.0,4.891,30.4,1752243278815
0.0,0.0,4.891,30.4,1752243278945
31.70990753173828,-97.18815612792969,4.901,30.4,1752243279000
0.0,0.0,4.901,30.4,1752243279017
0.0,0.0,4.891,30.4,1752243279150
0.0,0.0,4.891,30.4,1752243279235
0.0,0.0,4.901,30.4,1752243279364
0.0,0.0,4.891,30.4,1752243279436
0.0,0.0,4.901,30.4,1752243279570
0.0,0.0,4.901,30.4,1752243279642
0.0,0.0,4.901,30.4,1752243279771
0.0,0.0,4.891,30.4,1752243279843
0.0,0.0,4.901,30.4,1752243279974
31.70990753173828,-97.18815612792969,4.901,30.4,1752243280000
0.0,0.0,4.891,30.4,1752243280046
0.0,0.0,4.88,30.4,1752243280178
0.0,0.0,4.891,30.4,1752243280273
0.0,0.0,4.891,30.4,1752243280429
0.0,0.0,4.891,30.4,1752243280529
0.0,0.0,4.891,30.4,1752243280708
0.0,0.0,4.891,30.4,1752243280817
0.0,0.0,4.891,30.4,1752243280990
0.0,0.0,4.891,30.4,1752243281346
0.0,0.0,4.901,30.4,1752243281476
0.0,0.0,4.901,30.4,1752243281633
0.0,0.0,4.891,30.4,1752243281724
0.0,0.0,4.891,30.4,1752243281905
31.709909439086914,-97.18814849853516,4.891,30.4,1752243282000
0.0,0.0,4.891,30.4,1752243282006
0.0,0.0,4.891,30.4,1752243282182
0.0,0.0,4.891,30.4,1752243282292
0.0,0.0,4.891,30.4,1752243282703
0.0,0.0,4.891,30.4,1752243282775
0.0,0.0,4.891,30.4,1752243282904
0.0,0.0,4.891,30.4,1752243282978
0.0,0.0,4.891,30.4,1752243283106
0.0,0.0,4.88,30.4,1752243283181
0.0,0.0,4.88,30.4,1752243283329
0.0,0.0,4.891,30.4,1752243283413
0.0,0.0,4.88,30.4,1752243283593
0.0,0.0,4.88,30.4,1752243283694
0.0,0.0,4.88,30.4,1752243283877
0.0,0.0,4.88,30.4,1752243283978
0.0,0.0,4.88,30.4,1752243284395
0.0,0.0,4.88,30.4,1752243284476
0.0,0.0,4.88,30.4,1752243284605
0.0,0.0,4.88,30.4,1752243284677
0.0,0.0,4.88,30.4,1752243284811
0.0,0.0,4.88,30.4,1752243284883
31.709911346435547,-97.18816375732422,4.88,30.4,1752243285000
0.0,0.0,4.88,30.4,1752243285016
0.0,0.0,4.88,30.4,1752243285088
0.0,0.0,4.88,30.4,1752243285220
0.0,0.0,4.88,30.4,1752243285301
0.0,0.0,4.88,30.4,1752243285431
0.0,0.0,4.88,30.4,1752243285503
0.0,0.0,4.88,30.4,1752243285636
0.0,0.0,4.87,30.4,1752243285712
0.0,0.0,4.87,30.4,1752243285845
0.0,0.0,4.87,30.4,1752243285919
0.0,0.0,4.87,30.4,1752243286049
0.0,0.0,4.87,30.4,1752243286123
0.0,0.0,4.87,30.4,1752243286279
0.0,0.0,4.87,30.4,1752243286383
0.0,0.0,4.87,30.4,1752243286565
0.0,0.0,4.86,30.4,1752243286666
0.0,0.0,4.849,30.4,1752243286841
0.0,0.0,4.849,30.4,1752243286943
31.70991325378418,-97.18817138671875,4.849,30.4,1752243287000
0.0,0.0,4.839,30.4,1752243287356
0.0,0.0,4.839,30.4,1752243287428
0.0,0.0,4.839,30.4,1752243287555
0.0,0.0,4.828,30.4,1752243287626
0.0,0.0,4.828,30.4,1752243287757
0.0,0.0,4.818,30.4,1752243287828
0.0,0.0,4.818,30.4,1752243287963
0.0,0.0,4.818,30.4,1752243288035
0.0,0.0,4.818,30.4,1752243288166
0.0,0.0,4.808,30.4,1752243288274
0.0,0.0,4.808,30.4,1752243288453
0.0,0.0,4.808,30.4,1752243288552
0.0,0.0,4.797,30.4,1752243288730
0.0,0.0,4.797,30.4,1752243288828
0.0,0.0,4.797,30.4,1752243288998
31.709915161132812,-97.18817138671875,4.797,30.4,1752243289000
0.0,0.0,4.787,30.4,1752243289321
0.0,0.0,4.797,30.4,1752243289459
0.0,0.0,4.797,30.4,1752243289532
0.0,0.0,4.797,30.4,1752243289664
0.0,0.0,4.787,30.4,1752243289736
0.0,0.0,4.787,30.4,1752243289868
0.0,0.0,4.787,30.4,1752243289940
0.0,0.0,4.776,30.4,1752243290076
0.0,0.0,4.776,30.4,1752243290148
0.0,0.0,4.766,30.4,1752243290311
0.0,0.0,4.766,30.4,1752243290408
0.0,0.0,4.766,30.4,1752243290589
0.0,0.0,4.766,30.4,1752243290689
0.0,0.0,4.756,30.4,1752243290864
0.0,0.0,4.756,30.4,1752243290966
0.0,0.0,4.735,30.4,1752243291374
0.0,0.0,4.735,30.4,1752243291455
0.0,0.0,4.735,30.4,1752243291584
0.0,0.0,4.724,30.4,1752243291658
0.0,0.0,4.735,30.4,1752243291789
0.0,0.0,4.735,30.4,1752243291861
0.0,0.0,4.735,30.4,1752243291992
31.70992088317871,-97.18818664550781,4.735,30.4,1752243292000
0.0,0.0,4.714,30.4,1752243292064
0.0,0.0,4.714,30.4,1752243292199
0.0,0.0,4.724,30.4,1752243292280
0.0,0.0,4.724,30.4,1752243292410
0.0,0.0,4.714,30.4,1752243292483
0.0,0.0,4.714,30.4,1752243292615
0.0,0.0,4.724,30.4,1752243292687
0.0,0.0,4.724,30.4,1752243292818
0.0,0.0,4.703,30.4,1752243292890
0.0,0.0,4.714,30.4,1752243293025
0.0,0.0,4.714,30.4,1752243293097
0.0,0.0,4.714,30.4,1752243293256
0.0,0.0,4.714,30.4,1752243293358
0.0,0.0,4.703,30.4,1752243293540
0.0,0.0,4.703,30.4,1752243293641
0.0,0.0,4.703,30.4,1752243293818
0.0,0.0,4.703,30.4,1752243293916
31.709922790527344,-97.18819427490234,4.703,30.4,1752243294000
0.0,0.0,4.703,30.4,1752243294329
0.0,0.0,4.703,30.4,1752243294402
0.0,0.0,4.693,30.4,1752243294534
0.0,0.0,4.703,30.4,1752243294605
0.0,0.0,4.693,30.4,1752243294736
0.0,0.0,4.693,30.4,1752243294808
0.0,0.0,4.693,30.4,1752243294940
0.0,0.0,4.693,30.4,1752243295015
0.0,0.0,4.683,30.4,1752243295150
0.0,0.0,4.683,30.4,1752243295241
0.0,0.0,4.683,30.4,1752243295425
0.0,0.0,4.683,30.4,1752243295526
0.0,0.0,4.683,30.4,1752243295708
0.0,0.0,4.683,30.4,1752243295950
31.709924697875977,-97.18820190429688,4.683,30.4,1752243296000
0.0,0.0,4.683,30.4,1752243296296
0.0,0.0,4.683,30.4,1752243296429
0.0,0.0,4.672,30.4,1752243296500
0.0,0.0,4.672,30.4,1752243296634
0.0,0.0,4.672,30.4,1752243296707
0.0,0.0,4.672,30.4,1752243296841
0.0,0.0,4.672,30.4,1752243296913
0.0,0.0,4.662,30.4,1752243297045
0.0,0.0,4.672,30.4,1752243297117
0.0,0.0,4.662,30.4,1752243297273
0.0,0.0,4.651,30.4,1752243297374
0.0,0.0,4.672,30.4,1752243297550
0.0,0.0,4.662,30.4,1752243297651
0.0,0.0,4.662,30.4,1752243297832
0.0,0.0,4.662,30.4,1752243297935
31.709928512573242,-97.18820190429688,4.662,30.4,1752243298000
0.0,0.0,4.662,30.4,1752243298338
0.0,0.0,4.641,30.4,1752243298419
0.0,0.0,4.651,30.4,1752243298550
0.0,0.0,4.641,30.4,1752243298621
0.0,0.0,4.641,30.4,1752243298757
0.0,0.0,4.631,30.4,1752243298830
0.0,0.0,4.631,30.4,1752243298962
0.0,0.0,4.641,30.4,1752243299035
0.0,0.0,4.631,30.4,1752243299167
0.0,0.0,4.631,30.4,1752243299262
0.0,0.0,4.631,30.4,1752243299441
0.0,0.0,4.641,30.4,1752243299543
0.0,0.0,4.641,30.4,1752243299724
0.0,0.0,4.641,30.4,1752243299826
0.0,0.0,4.631,30.4,1752243299996
31.709928512573242,-97.1882095336914,4.631,30.4,1752243300000
0.0,0.0,4.631,30.4,1752243300345
0.0,0.0,4.631,30.4,1752243300485
0.0,0.0,4.631,30.4,1752243300557
0.0,0.0,4.631,30.4,1752243300688
0.0,0.0,4.631,30.4,1752243300764
0.0,0.0,4.62,30.4,1752243300896
0.0,0.0,4.62,30.4,1752243300968
0.0,0.0,4.62,30.4,1752243301098
0.0,0.0,4.62,30.4,1752243301173
0.0,0.0,4.62,30.4,1752243301330
0.0,0.0,4.61,30.4,1752243301432
0.0,0.0,4.61,30.4,1752243301617
0.0,0.0,4.62,30.4,1752243301721
0.0,0.0,4.599,30.4,1752243301904
31.709930419921875,-97.18821716308594,4.599,30.4,1752243302000
0.0,0.0,4.599,30.4,1752243302007
0.0,0.0,4.61,30.4,1752243302423
0.0,0.0,4.61,30.4,1752243302495
0.0,0.0,4.61,30.4,1752243302628
0.0,0.0,4.61,30.4,1752243302703
0.0,0.0,4.61,30.4,1752243302837
0.0,0.0,4.61,30.4,1752243302909
0.0,0.0,4.61,30.4,1752243303041
0.0,0.0,4.61,30.4,1752243303112
0.0,0.0,4.62,30.4,1752243303275
0.0,0.0,4.62,30.4,1752243303377
0.0,0.0,4.62,30.4,1752243303560
0.0,0.0,4.61,30.4,1752243303660
0.0,0.0,4.599,30.4,1752243303843
0.0,0.0,4.599,30.4,1752243303947
31.709932327270508,-97.18821716308594,4.599,30.4,1752243304000
0.0,0.0,4.589,30.4,1752243304363
0.0,0.0,4.579,30.4,1752243304445
0.0,0.0,4.568,30.4,1752243304576
0.0,0.0,4.568,30.4,1752243304653
0.0,0.0,4.558,30.4,1752243304783
0.0,0.0,4.547,30.4,1752243304856
0.0,0.0,4.527,30.4,1752243304988
0.0,0.0,4.516,30.4,1752243305060
0.0,0.0,4.516,30.4,1752243305197
0.0,0.0,4.516,30.4,1752243305287
0.0,0.0,4.527,30.4,1752243305450
0.0,0.0,4.516,30.4,1752243305551
0.0,0.0,4.516,30.4,1752243305735
0.0,0.0,4.516,30.4,1752243305836
31.70993423461914,-97.18822479248047,4.506,30.4,1752243306000
0.0,0.0,4.506,30.4,1752243306016
0.0,0.0,4.506,30.4,1752243306362
0.0,0.0,4.506,30.4,1752243306501
0.0,0.0,4.506,30.4,1752243306588
0.0,0.0,4.506,30.4,1752243306737
0.0,0.0,4.516,30.4,1752243306815
0.0,0.0,4.516,30.4,1752243306948
0.0,0.0,4.495,30.4,1752243307022
0.0,0.0,4.495,30.4,1752243307153
0.0,0.0,4.495,30.4,1752243307260
0.0,0.0,4.495,30.4,1752243307445
0.0,0.0,4.495,30.4,1752243307542
0.0,0.0,4.485,30.4,1752243307726
0.0,0.0,4.485,30.4,1752243307821
0.0,0.0,4.506,30.4,1752243307994
31.70993423461914,-97.188232421875,4.506,30.4,1752243308000
0.0,0.0,4.506,30.4,1752243308349
0.0,0.0,4.516,30.4,1752243308480
0.0,0.0,4.516,30.4,1752243308554
0.0,0.0,4.527,30.4,1752243308690
0.0,0.0,4.527,30.4,1752243308762
0.0,0.0,4.547,30.4,1752243308895
0.0,0.0,4.547,30.4,1752243308967
0.0,0.0,4.537,30.4,1752243309100
0.0,0.0,4.547,30.4,1752243309175
0.0,0.0,4.558,30.4,1752243309324
0.0,0.0,4.558,30.4,1752243309418
0.0,0.0,4.568,30.4,1752243309605
0.0,0.0,4.568,30.4,1752243309706
0.0,0.0,4.558,30.4,1752243309892
0.0,0.0,4.558,30.4,1752243309993
0.0,0.0,4.547,30.4,1752243310406
0.0,0.0,4.537,30.4,1752243310488
0.0,0.0,4.537,30.4,1752243310620
0.0,0.0,4.537,30.4,1752243310695
0.0,0.0,4.547,30.4,1752243310828
0.0,0.0,4.547,30.4,1752243310900
31.70993423461914,-97.18824005126953,4.527,30.4,1752243311000
0.0,0.0,4.527,30.4,1752243311032
0.0,0.0,4.527,30.4,1752243311104
0.0,0.0,4.516,30.4,1752243311244
0.0,0.0,4.516,30.4,1752243311318
0.0,0.0,4.495,30.4,1752243311450
0.0,0.0,4.516,30.4,1752243311525
0.0,0.0,4.527,30.4,1752243311669
0.0,0.0,4.506,30.4,1752243311744
0.0,0.0,4.506,30.4,1752243311885
0.0,0.0,4.495,30.4,1752243311964
0.0,0.0,4.485,30.4,1752243312105
0.0,0.0,4.485,30.4,1752243312187
0.0,0.0,4.495,30.4,1752243312362
0.0,0.0,4.475,30.4,1752243312463
0.0,0.0,4.475,30.4,1752243312646
0.0,0.0,4.454,30.4,1752243312749
0.0,0.0,4.475,30.4,1752243312935
31.70993423461914,-97.18824768066406,4.454,30.4,1752243313000
0.0,0.0,4.454,30.4,1752243313036
0.0,0.0,4.443,30.4,1752243313492
0.0,0.0,4.454,30.4,1752243313572
0.0,0.0,4.454,30.4,1752243313704
0.0,0.0,4.443,30.4,1752243313777
0.0,0.0,4.443,30.4,1752243313910
0.0,0.0,4.454,30.4,1752243313986
0.0,0.0,4.433,30.4,1752243314119
0.0,0.0,4.433,30.4,1752243314198
0.0,0.0,4.433,30.4,1752243314344
0.0,0.0,4.464,30.4,1752243314422
0.0,0.0,4.443,30.4,1752243314607
0.0,0.0,4.433,30.4,1752243314709
0.0,0.0,4.433,30.4,1752243314893
0.0,0.0,4.391,30.4,1752243314994
31.709936141967773,-97.18824768066406,4.391,30.4,1752243315000
0.0,0.0,4.402,30.4,1752243315414
0.0,0.0,4.402,30.4,1752243315495
0.0,0.0,4.391,30.4,1752243315626
0.0,0.0,4.35,30.4,1752243315700
0.0,0.0,4.329,30.4,1752243315875
0.0,0.0,4.35,30.4,1752243315944
0.0,0.0,4.37,30.4,1752243316151
0.0,0.0,4.329,30.4,1752243316228
0.0,0.0,4.298,30.4,1752243316370
0.0,0.0,4.287,30.4,1752243316473
0.0,0.0,4.246,30.4,1752243316658
0.0,0.0,4.246,30.4,1752243316759
0.0,0.0,4.204,30.4,1752243316946
31.709936141967773,-97.1882553100586,4.225,30.4,1752243317000
0.0,0.0,4.225,30.4,1752243317051
0.0,0.0,4.204,30.4,1752243317481
0.0,0.0,4.225,30.4,1752243317555
0.0,0.0,4.256,30.4,1752243317687
0.0,0.0,4.183,30.4,1752243317763
0.0,0.0,4.11,30.4,1752243317895
0.0,0.0,4.1,30.4,1752243317968
0.0,0.0,4.1,30.4,1752243318103
0.0,0.0,4.089,30.4,1752243318180
0.0,0.0,4.079,30.4,1752243318328
0.0,0.0,4.027,30.4,1752243318424
0.0,0.0,4.017,30.4,1752243318607
0.0,0.0,3.954,30.4,1752243318709
0.0,0.0,3.944,30.4,1752243318894
0.0,0.0,3.881,30.4,1752243318998
31.709936141967773,-97.18826293945312,3.881,30.4,1752243319000
0.0,0.0,3.788,30.4,1752243319418
0.0,0.0,3.788,30.4,1752243319499
0.0,0.0,3.788,30.4,1752243319632
0.0,0.0,3.756,30.4,1752243319709
0.0,0.0,3.704,30.4,1752243319846
0.0,0.0,3.663,30.4,1752243319920
0.0,0.0,3.621,30.4,1752243320054
0.0,0.0,3.611,30.4,1752243320128
0.0,0.0,3.59,30.4,1752243320278
0.0,0.0,3.569,30.4,1752243320383
0.0,0.0,3.496,30.4,1752243320567
0.0,0.0,3.475,30.4,1752243320671
0.0,0.0,3.475,30.4,1752243320860
0.0,0.0,3.423,30.4,1752243320958
31.709938049316406,-97.18826293945312,3.423,30.4,1752243321000
0.0,0.0,3.403,30.4,1752243321378
0.0,0.0,3.361,30.4,1752243321451
0.0,0.0,3.351,30.4,1752243321583
0.0,0.0,3.288,30.4,1752243321662
0.0,0.0,3.236,30.4,1752243321793
0.0,0.0,3.184,30.4,1752243321867
0.0,0.0,3.122,30.4,1752243321999
0.0,0.0,3.08,30.4,1752243322073
0.0,0.0,3.049,30.4,1752243322208
0.0,0.0,3.018,30.4,1752243322297
0.0,0.0,2.997,30.4,1752243322467
0.0,0.0,2.965,30.4,1752243322570
0.0,0.0,2.924,30.4,1752243322755
0.0,0.0,2.903,30.4,1752243322859
31.709938049316406,-97.18827056884766,2.872,30.4,1752243323000
0.0,0.0,2.872,30.4,1752243323041
0.0,0.0,2.83,30.4,1752243323392
0.0,0.0,2.799,30.4,1752243323533
0.0,0.0,2.757,30.4,1752243323608
0.0,0.0,2.726,30.4,1752243323752
0.0,0.0,2.695,30.4,1752243323826
0.0,0.0,2.664,30.4,1752243323958
0.0,0.0,2.643,30.4,1752243324031
0.0,0.0,2.591,30.4,1752243324163
0.0,0.0,2.56,30.4,1752243324254
0.0,0.0,2.518,30.4,1752243324424
0.0,0.0,2.497,30.4,1752243324529
0.0,0.0,2.456,30.4,1752243324718
0.0,0.0,2.435,30.4,1752243324826
31.70993995666504,-97.18827819824219,2.414,30.4,1752243325000
0.0,0.0,2.414,30.4,1752243325001
0.0,0.0,2.404,30.4,1752243325367
0.0,0.0,2.424,30.4,1752243325503
0.0,0.0,2.414,30.4,1752243325581
0.0,0.0,2.414,30.4,1752243325720
0.0,0.0,2.414,30.4,1752243325797
0.0,0.0,2.424,30.4,1752243325932
0.0,0.0,2.424,30.4,1752243326009
0.0,0.0,2.435,30.4,1752243326143
0.0,0.0,2.424,30.4,1752243326237
0.0,0.0,2.414,30.4,1752243326416
0.0,0.0,2.424,30.4,1752243326520
0.0,0.0,2.424,30.4,1752243326710
0.0,0.0,2.414,30.4,1752243326815
0.0,0.0,2.383,30.4,1752243326989
31.70993995666504,-97.18827819824219,2.383,30.4,1752243327000
0.0,0.0,2.351,30.4,1752243327349
0.0,0.0,2.351,30.4,1752243327483
0.0,0.0,2.331,30.4,1752243327560
0.0,0.0,2.32,30.4,1752243327697
0.0,0.0,2.299,30.4,1752243327771
0.0,0.0,2.289,30.4,1752243327902
0.0,0.0,2.289,30.4,1752243327976
0.0,0.0,2.268,30.4,1752243328108
0.0,0.0,2.279,30.4,1752243328183
0.0,0.0,2.268,30.4,1752243328334
0.0,0.0,2.268,30.4,1752243328423
0.0,0.0,2.268,30.4,1752243328607
0.0,0.0,2.268,30.4,1752243328707
0.0,0.0,2.258,30.4,1752243328894
0.0,0.0,2.268,30.4,1752243329000
0.0,0.0,2.268,30.4,1752243329436
0.0,0.0,2.279,30.4,1752243329513
0.0,0.0,2.279,30.4,1752243329648
0.0,0.0,2.268,30.4,1752243329724
0.0,0.0,2.268,30.4,1752243329858
0.0,0.0,2.268,30.4,1752243329933
31.70993995666504,-97.18829345703125,2.279,30.4,1752243330000
0.0,0.0,2.279,30.4,1752243330065
0.0,0.0,2.268,30.4,1752243330142
0.0,0.0,2.268,30.4,1752243330293
0.0,0.0,2.289,30.4,1752243330371
0.0,0.0,2.289,30.4,1752243330505
0.0,0.0,2.289,30.4,1752243330582
0.0,0.0,2.289,30.4,1752243330717
0.0,0.0,2.289,30.4,1752243330794
0.0,0.0,2.289,30.4,1752243330928
0.0,0.0,2.32,30.4,1752243331009
0.0,0.0,2.331,30.4,1752243331144
0.0,0.0,2.31,30.4,1752243331240
0.0,0.0,2.32,30.4,1752243331368
0.0,0.0,2.31,30.4,1752243331476
0.0,0.0,2.31,30.4,1752243331665
0.0,0.0,2.32,30.4,1752243331774
0.0,0.0,2.32,30.4,1752243331962
31.70993995666504,-97.18829345703125,2.32,30.4,1752243332000
0.0,0.0,2.32,30.4,1752243332315
0.0,0.0,2.32,30.4,1752243332458
0.0,0.0,2.32,30.4,1752243332535
0.0,0.0,2.32,30.4,1752243332636
0.0,0.0,2.32,30.4,1752243332677
0.0,0.0,2.299,30.4,1752243332810
0.0,0.0,2.289,30.4,1752243332886
0.0,0.0,2.299,30.4,1752243333023
0.0,0.0,2.299,30.4,1752243333100
0.0,0.0,2.268,30.4,1752243333305
0.0,0.0,2.268,30.4,1752243333399
0.0,0.0,2.258,30.4,1752243333584
0.0,0.0,2.227,30.4,1752243333694
0.0,0.0,2.195,30.4,1752243333881
31.70993995666504,-97.18830108642578,2.195,30.4,1752243334000
0.0,0.0,2.154,30.4,1752243334254
0.0,0.0,2.154,30.4,1752243334396
0.0,0.0,2.102,30.4,1752243334475
0.0,0.0,2.081,30.4,1752243334607
0.0,0.0,2.039,30.4,1752243334685
0.0,0.0,1.998,30.4,1752243334819
0.0,0.0,1.956,30.4,1752243334902
0.0,0.0,1.935,30.4,1752243335036
0.0,0.0,1.904,30.4,1752243335079
0.0,0.0,1.862,30.4,1752243335244
0.0,0.0,1.852,30.4,1752243335359
0.0,0.0,1.842,30.4,1752243335551
0.0,0.0,1.852,30.4,1752243335659
0.0,0.0,1.831,30.4,1752243335840
31.70993995666504,-97.18830871582031,1.831,30.4,1752243336000
0.0,0.0,1.821,30.4,1752243336207
0.0,0.0,1.8,30.4,1752243336315
0.0,0.0,1.779,30.4,1752243336390
0.0,0.0,1.79,30.4,1752243336527
0.0,0.0,1.748,30.4,1752243336602
0.0,0.0,1.717,30.4,1752243336735
0.0,0.0,1.696,30.4,1752243336816
0.0,0.0,1.696,30.4,1752243336951
0.0,0.0,1.644,30.4,1752243337028
0.0,0.0,1.592,30.4,1752243337161
0.0,0.0,1.529,30.4,1752243337257
0.0,0.0,1.498,30.4,1752243337441
0.0,0.0,1.467,30.4,1752243337549
0.0,0.0,1.425,30.4,1752243337733
0.0,0.0,1.436,30.4,1752243337844
31.709938049316406,-97.18831634521484,1.394,30.4,1752243338000
0.0,0.0,1.394,30.4,1752243338013
0.0,0.0,1.425,30.4,1752243338381
0.0,0.0,1.404,30.4,1752243338479
0.0,0.0,1.352,30.4,1752243338556
0.0,0.0,1.269,30.4,1752243338693
0.0,0.0,1.28,30.4,1752243339079
0.0,0.0,1.28,30.4,1752243339178
0.0,0.0,1.269,30.4,1752243339329
0.0,0.0,1.363,30.4,1752243339408
0.0,0.0,1.415,30.4,1752243339590
0.0,0.0,1.404,30.4,1752243340303
0.0,0.0,1.342,30.4,1752243340498
0.0,0.0,1.311,30.4,1752243340670
0.0,0.0,1.217,30.4,1752243340738
0.0,0.0,1.207,30.4,1752243340870
0.0,0.0,1.207,30.4,1752243340945
31.70993995666504,-97.18832397460938,1.207,30.4,1752243341000
0.0,0.0,1.207,30.4,1752243341079
0.0,0.0,1.165,30.4,1752243341155
0.0,0.0,1.144,30.4,1752243341305
0.0,0.0,1.113,30.4,1752243341381
0.0,0.0,0.967,30.4,1752243341516
0.0,0.0,0.842,30.4,1752243341594
0.0,0.0,0.811,30.4,1752243341835
0.0,0.0,0.811,30.4,1752243341933
0.0,0.0,0.79,30.4,1752243342009
0.0,0.0,0.801,30.4,1752243342141
0.0,0.0,0.77,30.4,1752243342237
0.0,0.0,0.749,30.4,1752243342393
0.0,0.0,0.707,30.4,1752243342452
0.0,0.0,0.707,30.4,1752243342501
0.0,0.0,0.686,30.4,1752243342592
0.0,0.0,0.666,30.4,1752243342838
0.0,0.0,0.738,30.4,1752243342898
0.0,0.0,0.749,30.4,1752243342947
0.0,0.0,0.759,30.4,1752243343298
0.0,0.0,0.78,30.4,1752243343404
0.0,0.0,0.79,30.4,1752243343474
0.0,0.0,0.801,30.4,1752243343516
0.0,0.0,0.811,30.4,1752243343587
0.0,0.0,0.79,30.4,1752243343685
0.0,0.0,0.738,30.4,1752243343755
0.0,0.0,0.718,30.4,1752243343799
0.0,0.0,0.707,30.4,1752243343967
31.709938049316406,-97.18833923339844,0.697,30.4,1752243344000
0.0,0.0,0.697,30.4,1752243344010
0.0,0.0,0.676,30.4,1752243344189
0.0,0.0,0.676,30.4,1752243344231
0.0,0.0,0.686,30.4,1752243344265
0.0,0.0,0.676,30.4,1752243344335
0.0,0.0,0.686,30.4,1752243344437
0.0,0.0,0.655,30.4,1752243344506
0.0,0.0,0.655,30.4,1752243344619
0.0,0.0,0.697,30.4,1752243344749
0.0,0.0,0.707,30.4,1752243344924
0.0,0.0,0.697,30.4,1752243344956
0.0,0.0,0.697,30.4,1752243344988
31.70993423461914,-97.18834686279297,0.697,30.4,1752243345000
0.0,0.0,0.707,30.4,1752243345055
0.0,0.0,0.728,30.4,1752243345150
0.0,0.0,0.759,30.4,1752243345232
0.0,0.0,0.78,30.4,1752243345281
0.0,0.0,0.759,30.4,1752243345355
0.0,0.0,0.749,30.4,1752243345484
0.0,0.0,0.759,30.4,1752243345584
0.0,0.0,0.77,30.4,1752243345680
0.0,0.0,0.718,30.4,1752243345737
0.0,0.0,0.707,30.4,1752243345825
0.0,0.0,0.728,30.4,1752243345959
31.70993423461914,-97.1883544921875,0.728,30.4,1752243346000
0.0,0.0,0.728,30.4,1752243346382
0.0,0.0,0.718,30.4,1752243346432
0.0,0.0,0.686,30.4,1752243346467
0.0,0.0,0.645,30.4,1752243346541
0.0,0.0,0.614,30.4,1752243346748
0.0,0.0,0.603,30.4,1752243346808
0.0,0.0,0.603,30.4,1752243346859
0.0,0.0,0.603,30.4,1752243347080
0.0,0.0,0.603,30.4,1752243347146
0.0,0.0,0.624,30.4,1752243347236
0.0,0.0,0.624,30.4,1752243347312
0.0,0.0,0.603,30.4,1752243347867
31.70993423461914,-97.18836212158203,0.593,30.4,1752243348000
0.0,0.0,0.593,30.4,1752243348009
0.0,0.0,0.593,30.4,1752243348064
0.0,0.0,0.593,30.4,1752243348448
0.0,0.0,0.614,30.4,1752243348580
0.0,0.0,0.634,30.4,1752243348620
0.0,0.0,0.624,30.4,1752243348653
0.0,0.0,0.624,30.4,1752243348817
0.0,0.0,0.624,30.4,1752243348891
0.0,0.0,0.614,30.4,1752243349038
0.0,0.0,0.634,30.4,1752243349081
0.0,0.0,0.624,30.4,1752243349234
0.0,0.0,0.614,30.4,1752243349294
0.0,0.0,0.603,30.4,1752243349390
0.0,0.0,0.603,30.4,1752243349571
0.0,0.0,0.614,30.4,1752243349673
0.0,0.0,0.614,30.4,1752243349763
0.0,0.0,0.614,30.4,1752243349933
31.70993423461914,-97.18836212158203,0.614,30.4,1752243350000
0.0,0.0,0.614,30.4,1752243350301
0.0,0.0,0.603,30.4,1752243350433
0.0,0.0,0.614,30.4,1752243350509
0.0,0.0,0.614,30.4,1752243350644
0.0,0.0,0.603,30.4,1752243350717
0.0,0.0,0.603,30.4,1752243350846
0.0,0.0,0.593,30.4,1752243350888
0.0,0.0,0.593,30.4,1752243350992
0.0,0.0,0.593,30.4,1752243351123
0.0,0.0,0.593,30.4,1752243351207
0.0,0.0,0.582,30.4,1752243351346
0.0,0.0,0.572,30.4,1752243351390
0.0,0.0,0.572,30.4,1752243351528
0.0,0.0,0.572,30.4,1752243351712
0.0,0.0,0.572,30.4,1752243351821
0.0,0.0,0.572,30.4,1752243351958
0.0,0.0,0.572,30.4,1752243351963
31.70993423461914,-97.18836975097656,0.572,30.4,1752243352000
0.0,0.0,0.572,30.4,1752243352088
0.0,0.0,0.593,30.4,1752243352505
0.0,0.0,0.603,30.4,1752243352580
0.0,0.0,0.603,30.4,1752243352647
0.0,0.0,0.603,30.4,1752243352748
0.0,0.0,0.603,30.4,1752243352877
0.0,0.0,0.603,30.4,1752243352952
31.709932327270508,-97.1883773803711,0.603,30.4,1752243353000
0.0,0.0,0.603,30.4,1752243353082
0.0,0.0,0.603,30.4,1752243353157
0.0,0.0,0.614,30.4,1752243353306
0.0,0.0,0.614,30.4,1752243353363
0.0,0.0,0.614,30.4,1752243353499
0.0,0.0,0.593,30.4,1752243353679
0.0,0.0,0.582,30.4,1752243353781
0.0,0.0,0.572,30.4,1752243353968
0.0,0.0,0.572,30.4,1752243354325
0.0,0.0,0.572,30.4,1752243354463
0.0,0.0,0.572,30.4,1752243354544
0.0,0.0,0.572,30.4,1752243354713
0.0,0.0,0.572,30.4,1752243354816
0.0,0.0,0.582,30.4,1752243354986
0.0,0.0,0.582,30.4,1752243355091
0.0,0.0,0.593,30.4,1752243355282
0.0,0.0,0.603,30.4,1752243355637
0.0,0.0,0.603,30.4,1752243355732
0.0,0.0,0.614,30.4,1752243355806
0.0,0.0,0.624,30.4,1752243355902
0.0,0.0,0.645,30.4,1752243355978
31.709932327270508,-97.18838500976562,0.645,30.4,1752243356000
0.0,0.0,0.645,30.4,1752243356110
0.0,0.0,0.645,30.4,1752243356193
0.0,0.0,0.655,30.4,1752243356331
0.0,0.0,0.666,30.4,1752243356408
0.0,0.0,0.676,30.4,1752243356539
0.0,0.0,0.666,30.4,1752243356616
0.0,0.0,0.676,30.4,1752243356744
0.0,0.0,0.697,30.4,1752243356818
0.0,0.0,0.697,30.4,1752243356946
31.709930419921875,-97.18838500976562,0.718,30.4,1752243357000
0.0,0.0,0.718,30.4,1752243357019
0.0,0.0,0.728,30.4,1752243357079
0.0,0.0,0.728,30.4,1752243357172
0.0,0.0,0.728,30.4,1752243357352
0.0,0.0,0.749,30.4,1752243357457
0.0,0.0,0.749,30.4,1752243357636
0.0,0.0,0.749,30.4,1752243357741
0.0,0.0,0.759,30.4,1752243357912
0.0,0.0,0.78,30.4,1752243358271
0.0,0.0,0.77,30.4,1752243358697
0.0,0.0,5.13,30.2,1752243382836
0.0,0.0,5.109,30.2,1752243382929
0.0,0.0,5.109,30.2,1752243383032
0.0,0.0,5.109,30.2,1752243383133
0.0,0.0,5.109,30.2,1752243383243
0.0,0.0,5.099,30.2,1752243383344
0.0,0.0,5.089,30.2,1752243383447
0.0,0.0,5.089,30.2,1752243383549
0.0,0.0,5.089,30.2,1752243383649
0.0,0.0,5.089,30.2,1752243383751
0.0,0.0,5.078,30.2,1752243383850
0.0,0.0,5.078,30.2,1752243383949
0.0,0.0,5.078,30.2,1752243384048
0.0,0.0,5.068,30.2,1752243384148
0.0,0.0,5.078,30.2,1752243384257
0.0,0.0,5.078,30.2,1752243384357
0.0,0.0,5.078,30.2,1752243384457
0.0,0.0,5.068,30.2,1752243384559
0.0,0.0,5.068,30.2,1752243384658
0.0,0.0,5.068,30.2,1752243384757
0.0,0.0,5.068,30.2,1752243384860
0.0,0.0,5.057,30.2,1752243384959
31.70994758605957,-97.18812561035156,5.057,30.2,1752243385000
0.0,0.0,5.057,30.2,1752243385059
0.0,0.0,5.057,30.2,1752243385160
0.0,0.0,5.068,30.2,1752243385271
0.0,0.0,5.068,30.2,1752243385371
0.0,0.0,5.057,30.2,1752243385472
0.0,0.0,5.068,30.2,1752243385571
0.0,0.0,5.068,30.2,1752243385670
0.0,0.0,5.068,30.2,1752243385770
0.0,0.0,5.057,30.2,1752243385874
0.0,0.0,5.047,30.2,1752243385947
0.0,0.0,5.047,30.2,1752243386076
0.0,0.0,5.057,30.2,1752243386150
0.0,0.0,5.057,30.2,1752243386328
0.0,0.0,5.057,30.2,1752243386431
0.0,0.0,5.057,30.2,1752243386601
0.0,0.0,5.057,30.2,1752243386702
0.0,0.0,5.047,30.2,1752243386874
0.0,0.0,5.047,30.2,1752243386974
31.709943771362305,-97.18814086914062,5.047,30.2,1752243387000
0.0,0.0,5.036,30.2,1752243387384
0.0,0.0,5.036,30.2,1752243387466
0.0,0.0,5.047,30.2,1752243387594
0.0,0.0,5.057,30.2,1752243387666
0.0,0.0,5.047,30.2,1752243387792
0.0,0.0,5.036,30.2,1752243387868
0.0,0.0,5.026,30.2,1752243387997
0.0,0.0,5.036,30.2,1752243388068
0.0,0.0,5.026,30.2,1752243388201
0.0,0.0,5.016,30.2,1752243388289
0.0,0.0,5.005,30.2,1752243388452
0.0,0.0,5.005,30.2,1752243388555
0.0,0.0,4.995,30.2,1752243388732
0.0,0.0,4.974,30.2,1752243388833
31.709941864013672,-97.18814086914062,4.953,30.2,1752243389000
0.0,0.0,4.953,30.2,1752243389007
0.0,0.0,4.943,30.2,1752243389351
0.0,0.0,4.932,30.2,1752243389488
0.0,0.0,4.922,30.2,1752243389562
0.0,0.0,4.901,30.2,1752243389691
0.0,0.0,4.891,30.2,1752243389769
0.0,0.0,4.891,30.2,1752243389900
0.0,0.0,4.88,30.2,1752243389973
0.0,0.0,4.88,30.2,1752243390104
0.0,0.0,4.88,30.2,1752243390180
0.0,0.0,4.88,30.2,1752243390332
0.0,0.0,4.88,30.2,1752243390434
0.0,0.0,4.891,30.2,1752243390613
0.0,0.0,4.891,30.2,1752243390714
0.0,0.0,4.88,30.2,1752243390894
31.709941864013672,-97.18814086914062,4.87,30.2,1752243391000
0.0,0.0,4.87,30.2,1752243391065
0.0,0.0,4.88,30.2,1752243391438
0.0,0.0,4.891,30.2,1752243391514
0.0,0.0,4.87,30.2,1752243391647
0.0,0.0,4.87,30.2,1752243391720
0.0,0.0,4.87,30.2,1752243391849
0.0,0.0,4.86,30.2,1752243391922
0.0,0.0,4.849,30.2,1752243392050
0.0,0.0,4.849,30.2,1752243392123
0.0,0.0,4.839,30.2,1752243392271
0.0,0.0,4.828,30.2,1752243392374
0.0,0.0,4.828,30.2,1752243392554
0.0,0.0,4.818,30.2,1752243392659
0.0,0.0,4.818,30.2,1752243392741
0.0,0.0,4.818,30.2,1752243392932
0.0,0.0,4.828,30.2,1752243393284
0.0,0.0,4.818,30.2,1752243393420
0.0,0.0,4.818,30.2,1752243393491
0.0,0.0,4.808,30.2,1752243393622
0.0,0.0,4.808,30.2,1752243393695
0.0,0.0,4.808,30.2,1752243393826
0.0,0.0,4.797,30.2,1752243393898
31.70994758605957,-97.18815612792969,4.797,30.2,1752243394000
0.0,0.0,4.797,30.2,1752243394028
0.0,0.0,4.787,30.2,1752243394100
0.0,0.0,4.766,30.2,1752243394238
0.0,0.0,4.776,30.2,1752243394379
0.0,0.0,4.776,30.2,1752243394444
0.0,0.0,4.756,30.2,1752243394571
0.0,0.0,4.766,30.2,1752243394644
0.0,0.0,4.766,30.2,1752243394774
0.0,0.0,4.766,30.2,1752243394847
0.0,0.0,4.756,30.2,1752243394981
0.0,0.0,4.756,30.2,1752243395053
0.0,0.0,4.745,30.2,1752243395191
0.0,0.0,4.745,30.2,1752243395283
0.0,0.0,4.745,30.2,1752243395454
0.0,0.0,4.745,30.2,1752243395555
0.0,0.0,4.735,30.2,1752243395734
0.0,0.0,4.735,30.2,1752243395835
31.709951400756836,-97.18815612792969,4.735,30.2,1752243396000
0.0,0.0,4.735,30.2,1752243396009
0.0,0.0,4.735,30.2,1752243396361
0.0,0.0,4.724,30.2,1752243396497
0.0,0.0,4.735,30.2,1752243396569
0.0,0.0,4.724,30.2,1752243396700
0.0,0.0,4.724,30.2,1752243396774
0.0,0.0,4.735,30.2,1752243396909
0.0,0.0,4.735,30.2,1752243396984
0.0,0.0,4.724,30.2,1752243397112
0.0,0.0,4.724,30.2,1752243397189
0.0,0.0,4.714,30.2,1752243397351
0.0,0.0,4.714,30.2,1752243397454
0.0,0.0,4.714,30.2,1752243397634
0.0,0.0,4.714,30.2,1752243397738
0.0,0.0,4.703,30.2,1752243397915
31.7099552154541,-97.18816375732422,4.703,30.2,1752243398000
0.0,0.0,4.703,30.2,1752243398018
0.0,0.0,4.703,30.2,1752243398417
0.0,0.0,4.693,30.2,1752243398498
0.0,0.0,4.683,30.2,1752243398626
0.0,0.0,4.672,30.2,1752243398698
0.0,0.0,4.672,30.2,1752243398830
0.0,0.0,4.662,30.2,1752243398903
0.0,0.0,4.662,30.2,1752243399035
0.0,0.0,4.651,30.2,1752243399107
0.0,0.0,4.641,30.2,1752243399262
0.0,0.0,4.641,30.2,1752243399364
0.0,0.0,4.641,30.2,1752243399545
0.0,0.0,4.631,30.2,1752243399648
0.0,0.0,4.631,30.2,1752243399827
0.0,0.0,4.641,30.2,1752243399924
31.709959030151367,-97.18817138671875,4.641,30.2,1752243400000
0.0,0.0,4.631,30.2,1752243400338
0.0,0.0,4.641,30.2,1752243400410
0.0,0.0,4.62,30.2,1752243400541
0.0,0.0,4.62,30.2,1752243400613
0.0,0.0,4.62,30.2,1752243400743
0.0,0.0,4.61,30.2,1752243400819
0.0,0.0,4.62,30.2,1752243400949
0.0,0.0,4.61,30.2,1752243401022
0.0,0.0,4.599,30.2,1752243401152
0.0,0.0,4.589,30.2,1752243401242
0.0,0.0,4.589,30.2,1752243401412
0.0,0.0,4.589,30.2,1752243401513
0.0,0.0,4.579,30.2,1752243401691
0.0,0.0,4.579,30.2,1752243401794
0.0,0.0,4.568,30.2,1752243401973
31.7099609375,-97.18817901611328,4.568,30.2,1752243402000
0.0,0.0,4.568,30.2,1752243402315
0.0,0.0,4.579,30.2,1752243402451
0.0,0.0,4.558,30.2,1752243402524
0.0,0.0,4.558,30.2,1752243402653
0.0,0.0,4.537,30.2,1752243402725
0.0,0.0,4.547,30.2,1752243402868
0.0,0.0,4.537,30.2,1752243402945
0.0,0.0,4.516,30.2,1752243403073
0.0,0.0,4.516,30.2,1752243403146
0.0,0.0,4.516,30.2,1752243403294
0.0,0.0,4.506,30.2,1752243403392
0.0,0.0,4.506,30.2,1752243403570
0.0,0.0,4.506,30.2,1752243403673
0.0,0.0,4.495,30.2,1752243403851
0.0,0.0,4.485,30.2,1752243403952
31.709964752197266,-97.18818664550781,4.485,30.2,1752243404000
0.0,0.0,4.495,30.2,1752243404357
0.0,0.0,4.495,30.2,1752243404438
0.0,0.0,4.485,30.2,1752243404607
0.0,0.0,4.475,30.2,1752243404672
0.0,0.0,4.475,30.2,1752243404801
0.0,0.0,4.475,30.2,1752243404877
0.0,0.0,4.485,30.4,1752243405041
0.0,0.0,4.464,30.4,1752243405119
0.0,0.0,4.464,30.4,1752243405272
0.0,0.0,4.454,30.4,1752243405375
0.0,0.0,4.464,30.4,1752243405558
0.0,0.0,4.464,30.4,1752243405659
0.0,0.0,4.454,30.4,1752243405831
0.0,0.0,4.443,30.4,1752243405934
31.70996856689453,-97.18819427490234,4.443,30.4,1752243406000
0.0,0.0,4.443,30.4,1752243406338
0.0,0.0,4.443,30.4,1752243406585
0.0,0.0,4.433,30.4,1752243406681
0.0,0.0,4.433,30.4,1752243406753
0.0,0.0,4.422,30.4,1752243406888
0.0,0.0,4.422,30.4,1752243406962
31.709972381591797,-97.18819427490234,4.422,30.4,1752243407000
0.0,0.0,4.422,30.4,1752243407166
0.0,0.0,4.422,30.4,1752243407314
0.0,0.0,4.412,30.4,1752243407395
0.0,0.0,4.36,30.4,1752243407569
0.0,0.0,4.37,30.4,1752243407675
0.0,0.0,4.339,30.4,1752243407858
0.0,0.0,4.329,30.4,1752243407959
0.0,0.0,4.298,30.4,1752243408131
0.0,0.0,4.298,30.4,1752243408487
0.0,0.0,4.287,30.4,1752243408625
0.0,0.0,4.256,30.4,1752243408722
0.0,0.0,4.214,30.4,1752243408896
0.0,0.0,4.173,30.4,1752243408999
0.0,0.0,4.173,30.4,1752243409180
0.0,0.0,4.173,30.4,1752243409296
0.0,0.0,4.194,30.4,1752243409705
0.0,0.0,4.141,30.4,1752243409778
0.0,0.0,4.152,30.4,1752243409911
0.0,0.0,4.152,30.4,1752243409985
31.70997428894043,-97.18820190429688,4.152,30.4,1752243410000
0.0,0.0,4.152,30.4,1752243410117
0.0,0.0,4.173,30.4,1752243410196
0.0,0.0,4.131,30.4,1752243410331
0.0,0.0,4.152,30.4,1752243410403
0.0,0.0,4.194,30.4,1752243410535
0.0,0.0,4.235,30.4,1752243410608
0.0,0.0,4.235,30.4,1752243410739
0.0,0.0,4.214,30.4,1752243410811
0.0,0.0,4.173,30.4,1752243410945
31.709976196289062,-97.1882095336914,4.204,30.4,1752243411000
0.0,0.0,4.204,30.4,1752243411017
0.0,0.0,4.214,30.4,1752243411147
0.0,0.0,4.194,30.4,1752243411240
0.0,0.0,4.204,30.4,1752243411420
0.0,0.0,4.162,30.4,1752243411521
0.0,0.0,4.173,30.4,1752243411705
0.0,0.0,4.173,30.4,1752243411808
0.0,0.0,4.162,30.4,1752243411978
0.0,0.0,4.11,30.4,1752243412331
0.0,0.0,4.089,30.4,1752243412462
0.0,0.0,4.079,30.4,1752243412543
0.0,0.0,4.11,30.4,1752243412713
0.0,0.0,4.1,30.4,1752243412814
0.0,0.0,4.069,30.4,1752243412989
31.709980010986328,-97.1882095336914,4.069,30.4,1752243413000
0.0,0.0,4.037,30.4,1752243413090
0.0,0.0,4.017,30.4,1752243413286
0.0,0.0,4.037,30.4,1752243413633
0.0,0.0,4.027,30.4,1752243413763
0.0,0.0,4.027,30.4,1752243413835
0.0,0.0,4.017,30.4,1752243413973
0.0,0.0,4.017,30.4,1752243414045
0.0,0.0,4.037,30.4,1752243414175
0.0,0.0,4.048,30.4,1752243414268
0.0,0.0,4.027,30.4,1752243414433
0.0,0.0,3.985,30.4,1752243414535
0.0,0.0,3.965,30.4,1752243414716
0.0,0.0,3.985,30.4,1752243414817
0.0,0.0,3.965,30.4,1752243414990
31.70998191833496,-97.1882095336914,3.965,30.4,1752243415000
0.0,0.0,3.923,30.4,1752243415337
0.0,0.0,3.881,30.4,1752243415476
0.0,0.0,3.819,30.4,1752243415550
0.0,0.0,3.788,30.4,1752243415679
0.0,0.0,3.767,30.4,1752243415753
0.0,0.0,3.715,30.4,1752243415885
0.0,0.0,3.652,30.4,1752243415961
0.0,0.0,3.621,30.4,1752243416094
0.0,0.0,3.6,30.4,1752243416169
0.0,0.0,3.59,30.4,1752243416384
0.0,0.0,3.538,30.4,1752243416475
0.0,0.0,3.507,30.4,1752243416651
0.0,0.0,3.507,30.4,1752243416752
0.0,0.0,3.507,30.4,1752243416987
31.709983825683594,-97.1882095336914,3.507,30.4,1752243417000
0.0,0.0,3.517,30.4,1752243417343
0.0,0.0,3.496,30.4,1752243417482
0.0,0.0,3.475,30.4,1752243417555
0.0,0.0,3.455,30.4,1752243417690
0.0,0.0,3.475,30.4,1752243417764
0.0,0.0,3.475,30.4,1752243417894
0.0,0.0,3.434,30.4,1752243417967
0.0,0.0,3.382,30.4,1752243418098
0.0,0.0,3.33,30.4,1752243418173
0.0,0.0,3.288,30.4,1752243418328
0.0,0.0,3.257,30.4,1752243418432
0.0,0.0,3.236,30.4,1752243418613
0.0,0.0,3.184,30.4,1752243418716
0.0,0.0,3.132,30.4,1752243418893
0.0,0.0,3.09,30.4,1752243418993
0.0,0.0,3.059,30.4,1752243419402
0.0,0.0,3.018,30.4,1752243419484
0.0,0.0,2.976,30.4,1752243419613
0.0,0.0,2.965,30.4,1752243419687
0.0,0.0,2.955,30.4,1752243419819
0.0,0.0,2.945,30.4,1752243419891
31.709989547729492,-97.18821716308594,2.945,30.4,1752243420000
0.0,0.0,2.945,30.4,1752243420022
0.0,0.0,2.934,30.4,1752243420095
0.0,0.0,2.924,30.4,1752243420230
0.0,0.0,2.945,30.4,1752243420307
0.0,0.0,2.913,30.4,1752243420438
0.0,0.0,2.893,30.4,1752243420510
0.0,0.0,2.861,30.4,1752243420642
0.0,0.0,2.872,30.4,1752243420715
0.0,0.0,2.851,30.4,1752243420847
0.0,0.0,2.789,30.4,1752243420920
0.0,0.0,2.789,30.4,1752243421056
0.0,0.0,2.789,30.4,1752243421130
0.0,0.0,2.737,30.4,1752243421296
0.0,0.0,2.705,30.4,1752243421398
0.0,0.0,2.674,30.4,1752243421580
0.0,0.0,2.643,30.4,1752243421681
0.0,0.0,2.622,30.4,1752243421865
0.0,0.0,2.601,30.4,1752243421963
31.709993362426758,-97.18822479248047,2.601,30.4,1752243422000
0.0,0.0,2.601,30.4,1752243422379
0.0,0.0,2.612,30.4,1752243422453
0.0,0.0,2.601,30.4,1752243422584
0.0,0.0,2.57,30.4,1752243422656
0.0,0.0,2.58,30.4,1752243422789
0.0,0.0,2.528,30.4,1752243422862
0.0,0.0,2.518,30.4,1752243422993
0.0,0.0,2.508,30.4,1752243423070
0.0,0.0,2.539,30.4,1752243423203
0.0,0.0,2.476,30.4,1752243423293
0.0,0.0,2.435,30.4,1752243423464
0.0,0.0,2.404,30.4,1752243423566
0.0,0.0,2.362,30.4,1752243423750
0.0,0.0,2.279,30.4,1752243423852
31.709997177124023,-97.18822479248047,2.268,30.4,1752243424000
0.0,0.0,2.268,30.4,1752243424028
0.0,0.0,2.237,30.4,1752243424363
0.0,0.0,2.143,30.4,1752243424502
0.0,0.0,2.143,30.4,1752243424574
0.0,0.0,2.164,30.4,1752243424708
0.0,0.0,2.154,30.4,1752243424781
0.0,0.0,2.112,30.4,1752243424914
0.0,0.0,2.112,30.4,1752243424992
0.0,0.0,2.102,30.4,1752243425123
0.0,0.0,2.112,30.4,1752243425202
0.0,0.0,2.091,30.4,1752243425352
0.0,0.0,2.102,30.4,1752243425448
0.0,0.0,2.112,30.4,1752243425630
0.0,0.0,2.091,30.4,1752243425731
0.0,0.0,2.143,30.4,1752243425913
31.709999084472656,-97.188232421875,2.112,30.4,1752243426000
0.0,0.0,2.112,30.4,1752243426014
0.0,0.0,2.091,30.4,1752243426418
0.0,0.0,2.102,30.4,1752243426499
0.0,0.0,2.123,30.4,1752243426632
0.0,0.0,2.112,30.4,1752243426704
0.0,0.0,2.154,30.4,1752243426835
0.0,0.0,2.185,30.4,1752243426911
0.0,0.0,2.164,30.4,1752243427043
0.0,0.0,2.195,30.4,1752243427115
0.0,0.0,2.237,30.4,1752243427275
0.0,0.0,2.227,30.4,1752243427378
0.0,0.0,2.216,30.4,1752243427560
0.0,0.0,2.237,30.4,1752243427661
0.0,0.0,2.258,30.4,1752243427843
0.0,0.0,2.279,30.4,1752243427944
31.71000099182129,-97.188232421875,2.279,30.4,1752243428000
0.0,0.0,2.31,30.4,1752243428365
0.0,0.0,2.299,30.4,1752243428446
0.0,0.0,2.289,30.4,1752243428577
0.0,0.0,2.258,30.4,1752243428649
0.0,0.0,2.289,30.4,1752243428783
0.0,0.0,2.268,30.4,1752243428858
0.0,0.0,2.216,30.4,1752243428993
0.0,0.0,2.268,30.4,1752243429066
0.0,0.0,2.289,30.4,1752243429202
0.0,0.0,2.31,30.4,1752243429292
0.0,0.0,2.351,30.4,1752243429458
0.0,0.0,2.362,30.4,1752243429559
0.0,0.0,2.383,30.4,1752243429743
0.0,0.0,2.424,30.4,1752243429846
31.710004806518555,-97.18824005126953,2.445,30.4,1752243430000
0.0,0.0,2.445,30.4,1752243430027
0.0,0.0,2.497,30.4,1752243430405
0.0,0.0,2.508,30.4,1752243430542
0.0,0.0,2.549,30.4,1752243430615
0.0,0.0,2.58,30.4,1752243430746
0.0,0.0,2.57,30.4,1752243430821
0.0,0.0,2.601,30.4,1752243430965
0.0,0.0,2.612,30.4,1752243431045
0.0,0.0,2.622,30.4,1752243431194
0.0,0.0,2.622,30.4,1752243431300
0.0,0.0,2.632,30.4,1752243431483
0.0,0.0,2.653,30.4,1752243431585
0.0,0.0,2.664,30.4,1752243431768
0.0,0.0,2.685,30.4,1752243431870
31.71000862121582,-97.18824768066406,2.695,30.4,1752243432000
0.0,0.0,2.695,30.4,1752243432053
0.0,0.0,2.716,30.4,1752243432407
0.0,0.0,2.747,30.4,1752243432547
0.0,0.0,2.757,30.4,1752243432622
0.0,0.0,2.768,30.4,1752243432755
0.0,0.0,2.768,30.4,1752243432828
0.0,0.0,2.768,30.4,1752243432965
0.0,0.0,2.789,30.4,1752243433038
0.0,0.0,2.809,30.4,1752243433171
0.0,0.0,2.82,30.4,1752243433264
0.0,0.0,2.841,30.4,1752243433432
0.0,0.0,2.851,30.4,1752243433534
0.0,0.0,2.861,30.4,1752243433719
0.0,0.0,2.851,30.4,1752243433820
31.710010528564453,-97.1882553100586,2.841,30.4,1752243434000
0.0,0.0,2.841,30.4,1752243434001
0.0,0.0,2.841,30.4,1752243434350
0.0,0.0,2.861,30.4,1752243434490
0.0,0.0,2.861,30.4,1752243434562
0.0,0.0,2.882,30.4,1752243434695
0.0,0.0,2.893,30.4,1752243434767
0.0,0.0,2.872,30.4,1752243434897
0.0,0.0,2.882,30.4,1752243434972
0.0,0.0,2.872,30.4,1752243435102
0.0,0.0,2.882,30.4,1752243435177
0.0,0.0,2.882,30.4,1752243435355
0.0,0.0,2.882,30.4,1752243435457
0.0,0.0,2.872,30.4,1752243435640
0.0,0.0,2.861,30.4,1752243435740
0.0,0.0,2.851,30.4,1752243435922
31.710012435913086,-97.1882553100586,2.841,30.4,1752243436000
0.0,0.0,2.841,30.4,1752243436023
0.0,0.0,2.851,30.4,1752243436496
0.0,0.0,2.851,30.4,1752243436577
0.0,0.0,2.841,30.4,1752243436708
0.0,0.0,2.841,30.4,1752243436781
0.0,0.0,2.841,30.4,1752243436915
0.0,0.0,2.841,30.4,1752243436992
0.0,0.0,2.83,30.4,1752243437125
0.0,0.0,2.841,30.4,1752243437205
0.0,0.0,2.83,30.4,1752243437349
0.0,0.0,2.83,30.4,1752243437439
0.0,0.0,2.83,30.4,1752243437621
0.0,0.0,2.809,30.4,1752243437722
0.0,0.0,2.809,30.4,1752243437905
31.71001625061035,-97.18826293945312,2.799,30.4,1752243438000
0.0,0.0,2.799,30.4,1752243438008
0.0,0.0,2.799,30.4,1752243438485
0.0,0.0,2.789,30.4,1752243438551
0.0,0.0,2.768,30.4,1752243438687
0.0,0.0,2.768,30.4,1752243438759
0.0,0.0,2.757,30.4,1752243438892
0.0,0.0,2.747,30.4,1752243438966
0.0,0.0,2.726,30.4,1752243439098
0.0,0.0,2.737,30.4,1752243439174
0.0,0.0,2.716,30.4,1752243439324
0.0,0.0,2.705,30.4,1752243439418
0.0,0.0,2.695,30.4,1752243439602
0.0,0.0,2.695,30.4,1752243439704
0.0,0.0,2.685,30.4,1752243439886
0.0,0.0,2.674,30.4,1752243439990
0.0,0.0,2.664,30.4,1752243440415
0.0,0.0,2.664,30.4,1752243440498
0.0,0.0,2.653,30.4,1752243440630
0.0,0.0,2.653,30.4,1752243440702
0.0,0.0,2.643,30.4,1752243440837
0.0,0.0,2.643,30.4,1752243440909
0.0,0.0,2.632,30.4,1752243441042
0.0,0.0,2.632,30.4,1752243441117
0.0,0.0,2.632,30.4,1752243441257
0.0,0.0,2.622,30.4,1752243441330
0.0,0.0,2.632,30.4,1752243441464
0.0,0.0,2.622,30.4,1752243441537
0.0,0.0,2.612,30.4,1752243441669
0.0,0.0,2.601,30.4,1752243441745
0.0,0.0,2.601,30.4,1752243441921
0.0,0.0,2.591,30.4,1752243441990
31.710025787353516,-97.18827056884766,2.591,30.4,1752243442000
0.0,0.0,2.58,30.4,1752243442131
0.0,0.0,2.58,30.4,1752243442215
0.0,0.0,2.57,30.4,1752243442350
0.0,0.0,2.57,30.4,1752243442427
0.0,0.0,2.56,30.4,1752243442563
0.0,0.0,2.549,30.4,1752243442642
0.0,0.0,2.549,30.4,1752243442779
0.0,0.0,2.539,30.4,1752243442857
0.0,0.0,2.528,30.4,1752243442998
31.71002769470215,-97.18827819824219,2.528,30.4,1752243443000
0.0,0.0,2.518,30.4,1752243443076
0.0,0.0,2.518,30.4,1752243443223
0.0,0.0,2.508,30.4,1752243443327
0.0,0.0,2.508,30.4,1752243443519
0.0,0.0,2.518,30.4,1752243443626
0.0,0.0,2.508,30.4,1752243443814
0.0,0.0,2.497,30.4,1752243443922
0.0,0.0,2.487,30.4,1752243444093
0.0,0.0,2.497,30.4,1752243444459
0.0,0.0,2.476,30.4,1752243444601
0.0,0.0,2.487,30.4,1752243444701
0.0,0.0,2.476,30.4,1752243444888
0.0,0.0,2.476,30.4,1752243444990
0.0,0.0,2.466,30.4,1752243445173
0.0,0.0,2.466,30.4,1752243445289
0.0,0.0,2.466,30.4,1752243445705
0.0,0.0,2.456,30.4,1752243445780
0.0,0.0,2.445,30.4,1752243445915
0.0,0.0,2.445,30.4,1752243445991
31.710031509399414,-97.18827819824219,2.445,30.4,1752243446000
0.0,0.0,2.435,30.4,1752243446129
0.0,0.0,2.424,30.4,1752243446212
0.0,0.0,2.424,30.4,1752243446345
0.0,0.0,2.414,30.4,1752243446417
0.0,0.0,2.404,30.4,1752243446552
0.0,0.0,2.404,30.4,1752243446627
0.0,0.0,2.393,30.4,1752243446761
0.0,0.0,2.393,30.4,1752243446837
0.0,0.0,2.383,30.4,1752243446971
31.71003532409668,-97.18828582763672,2.383,30.4,1752243447000
0.0,0.0,2.383,30.4,1752243447045
0.0,0.0,2.372,30.4,1752243447193
0.0,0.0,2.351,30.4,1752243447285
0.0,0.0,2.362,30.4,1752243447454
0.0,0.0,2.351,30.4,1752243447558
0.0,0.0,2.341,30.4,1752243447744
0.0,0.0,2.331,30.4,1752243447856
0.0,0.0,2.331,30.4,1752243448040
0.0,0.0,2.331,30.4,1752243448402
0.0,0.0,2.32,30.4,1752243448541
0.0,0.0,2.31,30.4,1752243448643
0.0,0.0,2.299,30.4,1752243448827
0.0,0.0,2.289,30.4,1752243448929
0.0,0.0,2.289,30.4,1752243449112
0.0,0.0,2.279,30.4,1752243449230
0.0,0.0,2.279,30.4,1752243449645
0.0,0.0,2.279,30.4,1752243449718
0.0,0.0,2.268,30.4,1752243449851
0.0,0.0,2.258,30.4,1752243449923
31.710039138793945,-97.18828582763672,2.247,30.4,1752243450000
0.0,0.0,2.247,30.4,1752243450056
0.0,0.0,2.237,30.4,1752243450135
0.0,0.0,2.237,30.4,1752243450277
0.0,0.0,2.237,30.4,1752243450352
0.0,0.0,2.227,30.4,1752243450487
0.0,0.0,2.237,30.4,1752243450560
0.0,0.0,2.227,30.4,1752243450695
0.0,0.0,2.216,30.4,1752243450770
0.0,0.0,2.216,30.4,1752243450904
0.0,0.0,2.206,30.4,1752243450979
31.710041046142578,-97.18829345703125,2.206,30.4,1752243451000
0.0,0.0,2.195,30.4,1752243451112
0.0,0.0,2.195,30.4,1752243451187
0.0,0.0,2.185,30.4,1752243451341
0.0,0.0,2.175,30.4,1752243451447
0.0,0.0,2.164,30.4,1752243451628
0.0,0.0,2.154,30.4,1752243451738
0.0,0.0,2.154,30.4,1752243451921
0.0,0.0,2.154,30.4,1752243452025
0.0,0.0,2.143,30.4,1752243452441
0.0,0.0,2.123,30.4,1752243452530
0.0,0.0,2.133,30.4,1752243452701
0.0,0.0,2.123,30.4,1752243452805
0.0,0.0,2.112,30.4,1752243452988
0.0,0.0,2.112,30.4,1752243453089
0.0,0.0,2.102,30.4,1752243453285
0.0,0.0,2.102,30.4,1752243453667
0.0,0.0,2.091,30.4,1752243453800
0.0,0.0,2.091,30.4,1752243453872
31.71004295349121,-97.18830108642578,2.081,30.4,1752243454000
0.0,0.0,2.081,30.4,1752243454002
0.0,0.0,2.06,30.4,1752243454078
0.0,0.0,2.07,30.4,1752243454214
0.0,0.0,2.06,30.4,1752243454296
0.0,0.0,2.05,30.4,1752243454431
0.0,0.0,2.05,30.4,1752243454503
0.0,0.0,2.039,30.4,1752243454636
0.0,0.0,2.039,30.4,1752243454709
0.0,0.0,2.029,30.4,1752243454838
0.0,0.0,2.029,30.4,1752243454912
31.710046768188477,-97.18830108642578,2.018,30.4,1752243455000
0.0,0.0,2.018,30.4,1752243455045
0.0,0.0,2.008,30.4,1752243455118
0.0,0.0,2.008,30.4,1752243455267
0.0,0.0,2.008,30.4,1752243455370
0.0,0.0,2.008,30.4,1752243455557
0.0,0.0,1.987,30.4,1752243455663
0.0,0.0,1.998,30.4,1752243455853
0.0,0.0,1.977,30.4,1752243455959
0.0,0.0,1.977,30.4,1752243456389
0.0,0.0,1.977,30.4,1752243456463
0.0,0.0,1.966,30.4,1752243456603
0.0,0.0,1.956,30.4,1752243456697
0.0,0.0,1.946,30.4,1752243456882
0.0,0.0,1.956,30.4,1752243456988
0.0,0.0,1.935,30.4,1752243457162
0.0,0.0,1.935,30.4,1752243457278
0.0,0.0,1.925,30.4,1752243457694
0.0,0.0,1.925,30.4,1752243457769
0.0,0.0,1.914,30.4,1752243457900
0.0,0.0,1.904,30.4,1752243457976
31.710050582885742,-97.18830871582031,1.904,30.4,1752243458000
0.0,0.0,1.904,30.4,1752243458111
0.0,0.0,1.894,30.4,1752243458186
0.0,0.0,1.894,30.4,1752243458326
0.0,0.0,1.883,30.4,1752243458402
0.0,0.0,1.883,30.4,1752243458535
0.0,0.0,1.862,30.4,1752243458610
0.0,0.0,1.862,30.4,1752243458741
0.0,0.0,1.852,30.4,1752243458815
0.0,0.0,1.842,30.4,1752243458946
0.0,0.0,1.842,30.4,1752243459019
0.0,0.0,1.842,30.4,1752243459154
0.0,0.0,1.831,30.4,1752243459258
0.0,0.0,1.821,30.4,1752243459442
0.0,0.0,5.026,29.8,1752243485050
0.0,0.0,5.026,29.8,1752243485146
0.0,0.0,5.016,29.8,1752243485261
0.0,0.0,5.005,29.8,1752243485365
0.0,0.0,4.995,29.8,1752243485469
0.0,0.0,4.995,29.8,1752243485572
0.0,0.0,4.995,29.8,1752243485646
0.0,0.0,4.995,29.8,1752243485747
0.0,0.0,4.995,29.8,1752243485889
0.0,0.0,4.995,29.8,1752243485987
31.709917068481445,-97.18817138671875,4.995,29.8,1752243486000
0.0,0.0,5.005,29.8,1752243486089
0.0,0.0,5.005,29.8,1752243486199
0.0,0.0,5.005,29.8,1752243486281
0.0,0.0,5.016,29.8,1752243486409
0.0,0.0,5.026,29.8,1752243486482
0.0,0.0,5.026,29.8,1752243486645
0.0,0.0,5.047,29.8,1752243486724
0.0,0.0,5.047,29.8,1752243486852
0.0,0.0,5.047,29.8,1752243486927
31.70992088317871,-97.18817138671875,5.047,29.8,1752243487000
0.0,0.0,5.047,29.8,1752243487056
0.0,0.0,5.047,29.8,1752243487131
0.0,0.0,5.047,29.8,1752243487268
0.0,0.0,5.026,29.8,1752243487373
0.0,0.0,5.036,29.8,1752243487550
0.0,0.0,5.026,29.8,1752243487652
0.0,0.0,5.026,29.8,1752243487828
0.0,0.0,5.036,29.8,1752243487942
0.0,0.0,5.036,29.8,1752243488419
0.0,0.0,5.026,29.8,1752243488493
0.0,0.0,5.026,29.8,1752243488619
0.0,0.0,5.026,29.8,1752243488720
0.0,0.0,5.016,29.8,1752243488894
0.0,0.0,5.016,29.8,1752243488953
0.0,0.0,5.005,29.8,1752243489282
0.0,0.0,5.026,29.8,1752243489624
0.0,0.0,5.026,29.8,1752243489746
0.0,0.0,5.026,29.8,1752243489819
0.0,0.0,5.026,29.8,1752243489941
31.70992088317871,-97.18816375732422,5.026,29.8,1752243490000
0.0,0.0,5.026,29.8,1752243490013
0.0,0.0,5.016,29.8,1752243490138
0.0,0.0,5.016,29.8,1752243490221
0.0,0.0,5.016,29.8,1752243490346
0.0,0.0,5.005,29.8,1752243490418
0.0,0.0,5.005,29.8,1752243490539
0.0,0.0,5.016,29.8,1752243490613
0.0,0.0,5.016,29.8,1752243490734
0.0,0.0,5.016,29.8,1752243490807
0.0,0.0,5.016,29.8,1752243490929
31.709922790527344,-97.18816375732422,5.016,29.8,1752243491000
0.0,0.0,5.016,29.8,1752243491001
0.0,0.0,5.016,29.8,1752243491123
0.0,0.0,5.016,29.8,1752243491203
0.0,0.0,5.026,29.8,1752243491357
0.0,0.0,5.016,29.8,1752243491458
0.0,0.0,5.016,29.8,1752243491634
0.0,0.0,5.026,29.8,1752243491736
0.0,0.0,5.036,29.8,1752243491907
0.0,0.0,5.026,29.8,1752243492258
0.0,0.0,5.005,29.8,1752243492389
0.0,0.0,5.005,29.8,1752243492463
0.0,0.0,5.016,29.8,1752243492611
0.0,0.0,5.016,29.8,1752243492712
0.0,0.0,5.016,29.8,1752243492888
0.0,0.0,5.016,29.8,1752243492945
0.0,0.0,5.005,29.8,1752243493079
0.0,0.0,5.016,29.8,1752243493097
0.0,0.0,5.005,29.8,1752243493559
0.0,0.0,5.005,29.8,1752243493600
0.0,0.0,4.995,29.8,1752243493696
0.0,0.0,5.005,29.8,1752243493711
0.0,0.0,5.005,29.8,1752243493817
0.0,0.0,5.005,29.8,1752243493874
0.0,0.0,4.995,29.8,1752243493979
31.709922790527344,-97.18816375732422,4.995,29.8,1752243494000
0.0,0.0,4.984,29.8,1752243494024
0.0,0.0,4.974,29.8,1752243494151
0.0,0.0,4.964,29.8,1752243494234
0.0,0.0,4.953,29.8,1752243494399
0.0,0.0,4.932,29.8,1752243494465
0.0,0.0,4.922,29.8,1752243494589
0.0,0.0,4.912,29.8,1752243494663
0.0,0.0,4.912,29.8,1752243494788
0.0,0.0,4.891,29.8,1752243494860
0.0,0.0,4.88,29.8,1752243494988
0.0,0.0,4.87,29.8,1752243495063
0.0,0.0,4.86,29.8,1752243495189
0.0,0.0,4.86,29.8,1752243495273
0.0,0.0,4.87,29.8,1752243495447
0.0,0.0,4.88,29.8,1752243495549
0.0,0.0,4.891,29.8,1752243495716
0.0,0.0,4.891,29.8,1752243495817
0.0,0.0,4.901,29.8,1752243495984
31.709924697875977,-97.18816375732422,4.901,29.8,1752243496000
0.0,0.0,4.901,29.8,1752243496337
0.0,0.0,4.912,29.8,1752243496469
0.0,0.0,4.901,29.8,1752243496541
0.0,0.0,4.901,29.8,1752243496666
0.0,0.0,4.901,29.8,1752243496739
0.0,0.0,4.901,29.8,1752243496866
0.0,0.0,4.891,29.8,1752243496938
0.0,0.0,4.88,29.8,1752243497063
0.0,0.0,4.87,29.8,1752243497135
0.0,0.0,4.839,29.8,1752243497269
0.0,0.0,4.839,29.8,1752243497354
0.0,0.0,4.828,29.8,1752243497528
0.0,0.0,4.818,29.8,1752243497629
0.0,0.0,4.818,29.8,1752243497797
0.0,0.0,4.818,29.8,1752243497900
31.709930419921875,-97.18816375732422,4.818,29.8,1752243498000
0.0,0.0,4.818,29.8,1752243498318
0.0,0.0,4.808,29.8,1752243498399
0.0,0.0,4.797,29.8,1752243498522
0.0,0.0,4.808,29.8,1752243498594
0.0,0.0,4.808,29.8,1752243498722
0.0,0.0,4.797,29.8,1752243498795
0.0,0.0,4.797,29.8,1752243498920
0.0,0.0,4.797,29.8,1752243498993
0.0,0.0,4.797,29.8,1752243499118
0.0,0.0,4.808,29.8,1752243499194
0.0,0.0,4.787,29.8,1752243499328
0.0,0.0,4.787,29.8,1752243499416
0.0,0.0,4.776,29.8,1752243499590
0.0,0.0,4.776,29.8,1752243499692
0.0,0.0,4.766,29.8,1752243499861
0.0,0.0,4.756,29.8,1752243499963
31.70993423461914,-97.18817138671875,4.756,29.8,1752243500000
0.0,0.0,4.766,29.8,1752243500374
0.0,0.0,4.766,29.8,1752243500519
0.0,0.0,4.766,29.8,1752243500589
0.0,0.0,4.766,29.8,1752243500714
0.0,0.0,4.756,29.8,1752243500787
0.0,0.0,4.756,29.8,1752243500911
0.0,0.0,4.724,29.8,1752243500984
0.0,0.0,4.714,29.8,1752243501109
0.0,0.0,4.693,29.8,1752243501185
0.0,0.0,4.693,29.8,1752243501321
0.0,0.0,4.724,29.8,1752243501407
0.0,0.0,4.735,29.8,1752243501582
0.0,0.0,4.745,29.8,1752243501684
0.0,0.0,4.714,29.8,1752243501859
0.0,0.0,4.683,29.8,1752243501956
31.709938049316406,-97.18817138671875,4.683,29.8,1752243502000
0.0,0.0,4.651,29.8,1752243502367
0.0,0.0,4.631,29.8,1752243502453
0.0,0.0,4.589,29.8,1752243502578
0.0,0.0,4.631,29.8,1752243502652
0.0,0.0,4.568,29.8,1752243502777
0.0,0.0,4.599,29.8,1752243502850
0.0,0.0,4.599,29.8,1752243502974
31.709941864013672,-97.18817138671875,4.599,29.8,1752243503000
0.0,0.0,4.547,29.8,1752243503046
0.0,0.0,4.506,29.8,1752243503170
0.0,0.0,4.485,29.8,1752243503257
0.0,0.0,4.485,29.8,1752243503409
0.0,0.0,4.475,29.8,1752243503512
0.0,0.0,4.464,29.8,1752243503690
0.0,0.0,4.454,29.8,1752243503792
0.0,0.0,4.495,29.8,1752243503965
0.0,0.0,4.475,29.8,1752243504320
0.0,0.0,4.527,29.8,1752243504452
0.0,0.0,4.506,29.8,1752243504525
0.0,0.0,4.495,29.8,1752243504680
0.0,0.0,4.527,29.8,1752243504781
0.0,0.0,4.568,29.8,1752243504952
0.0,0.0,4.568,29.8,1752243505048
0.0,0.0,4.589,29.8,1752243505228
0.0,0.0,4.62,29.8,1752243505585
0.0,0.0,4.651,29.8,1752243505713
0.0,0.0,4.662,29.8,1752243505786
0.0,0.0,4.651,29.8,1752243505911
0.0,0.0,4.641,29.8,1752243505984
31.709943771362305,-97.18817138671875,4.641,29.8,1752243506000
0.0,0.0,4.599,29.8,1752243506108
0.0,0.0,4.579,29.8,1752243506187
0.0,0.0,4.599,29.8,1752243506321
0.0,0.0,4.589,29.8,1752243506394
0.0,0.0,4.579,29.8,1752243506519
0.0,0.0,4.589,29.8,1752243506591
0.0,0.0,4.568,29.8,1752243506717
0.0,0.0,4.547,29.8,1752243506789
0.0,0.0,4.547,29.8,1752243506914
0.0,0.0,4.537,29.8,1752243506987
31.70994758605957,-97.18817138671875,4.537,29.8,1752243507000
0.0,0.0,4.495,29.8,1752243507112
0.0,0.0,4.495,29.8,1752243507188
0.0,0.0,4.506,29.8,1752243507322
0.0,0.0,4.506,29.8,1752243507394
0.0,0.0,4.506,29.8,1752243507568
0.0,0.0,4.516,29.8,1752243507669
0.0,0.0,4.527,29.8,1752243507850
0.0,0.0,4.527,29.8,1752243507952
0.0,0.0,4.495,29.8,1752243508362
0.0,0.0,4.485,29.8,1752243508443
0.0,0.0,4.464,29.8,1752243508572
0.0,0.0,4.422,29.8,1752243508672
0.0,0.0,4.422,29.8,1752243508850
0.0,0.0,4.391,29.8,1752243508953
31.709949493408203,-97.18817138671875,4.391,29.8,1752243509000
0.0,0.0,4.37,29.8,1752243509128
0.0,0.0,4.37,29.8,1752243509239
0.0,0.0,4.35,29.8,1752243509650
0.0,0.0,4.308,29.8,1752243509724
0.0,0.0,4.266,29.8,1752243509849
0.0,0.0,4.256,29.8,1752243509922
0.0,0.0,4.277,29.8,1752243510053
0.0,0.0,4.266,29.8,1752243510126
0.0,0.0,4.266,29.8,1752243510261
0.0,0.0,4.298,29.8,1752243510349
0.0,0.0,4.308,29.8,1752243510525
0.0,0.0,4.298,29.8,1752243510626
0.0,0.0,4.287,29.8,1752243510803
0.0,0.0,4.266,29.8,1752243510905
31.7099552154541,-97.18817901611328,4.266,29.8,1752243511000
0.0,0.0,4.277,29.8,1752243511309
0.0,0.0,4.266,29.8,1752243511391
0.0,0.0,4.298,29.8,1752243511517
0.0,0.0,4.277,29.8,1752243511589
0.0,0.0,4.246,29.8,1752243511714
0.0,0.0,4.204,29.8,1752243511786
0.0,0.0,4.173,29.8,1752243511916
0.0,0.0,4.162,29.8,1752243511991
0.0,0.0,4.1,29.8,1752243512116
0.0,0.0,4.089,29.8,1752243512193
0.0,0.0,4.079,29.8,1752243512327
0.0,0.0,4.1,29.8,1752243512406
0.0,0.0,4.058,29.8,1752243512582
0.0,0.0,4.037,29.8,1752243512684
0.0,0.0,3.996,29.8,1752243512864
0.0,0.0,3.996,29.8,1752243512967
31.709959030151367,-97.18817901611328,3.996,29.8,1752243513000
0.0,0.0,3.996,29.8,1752243513368
0.0,0.0,4.006,29.8,1752243513450
0.0,0.0,4.017,29.8,1752243513574
0.0,0.0,3.954,29.8,1752243513647
0.0,0.0,3.944,29.8,1752243513775
0.0,0.0,3.933,29.8,1752243513850
0.0,0.0,3.892,29.8,1752243513974
0.0,0.0,3.84,29.8,1752243514046
0.0,0.0,3.819,29.8,1752243514171
0.0,0.0,3.798,29.8,1752243514259
0.0,0.0,3.756,29.8,1752243514411
0.0,0.0,3.704,29.8,1752243514513
0.0,0.0,3.694,29.8,1752243514689
0.0,0.0,3.663,29.8,1752243514790
0.0,0.0,3.642,29.8,1752243514965
31.709962844848633,-97.18818664550781,3.642,29.8,1752243515000
0.0,0.0,3.663,29.8,1752243515314
0.0,0.0,3.652,29.8,1752243515448
0.0,0.0,3.652,29.8,1752243515521
0.0,0.0,3.663,29.8,1752243515646
0.0,0.0,3.704,29.8,1752243515722
0.0,0.0,3.684,29.8,1752243515848
0.0,0.0,3.684,29.8,1752243515920
0.0,0.0,3.694,29.8,1752243516045
0.0,0.0,3.684,29.8,1752243516118
0.0,0.0,3.663,29.8,1752243516254
0.0,0.0,3.694,29.8,1752243516353
0.0,0.0,3.673,29.8,1752243516529
0.0,0.0,3.663,29.8,1752243516629
0.0,0.0,3.663,29.8,1752243516804
0.0,0.0,3.673,29.8,1752243516906
31.709970474243164,-97.18818664550781,3.673,29.8,1752243517000
0.0,0.0,3.663,29.8,1752243517306
0.0,0.0,3.632,29.8,1752243517387
0.0,0.0,3.621,29.8,1752243517511
0.0,0.0,3.611,29.8,1752243517588
0.0,0.0,3.59,29.8,1752243517713
0.0,0.0,3.58,29.8,1752243517785
0.0,0.0,3.58,29.8,1752243517912
0.0,0.0,3.548,29.8,1752243517984
0.0,0.0,3.6,29.8,1752243518108
0.0,0.0,3.58,29.8,1752243518183
0.0,0.0,3.569,29.8,1752243518319
0.0,0.0,3.507,29.8,1752243518415
0.0,0.0,3.475,29.8,1752243518591
0.0,0.0,3.496,29.8,1752243518694
0.0,0.0,3.465,29.8,1752243518866
0.0,0.0,3.455,29.8,1752243518968
31.70997428894043,-97.18818664550781,3.455,29.8,1752243519000
0.0,0.0,3.455,29.8,1752243519387
0.0,0.0,3.465,29.8,1752243519472
0.0,0.0,3.496,29.8,1752243519597
0.0,0.0,3.538,29.8,1752243519669
0.0,0.0,3.527,29.8,1752243519795
0.0,0.0,3.527,29.8,1752243519867
0.0,0.0,3.559,29.8,1752243519992
0.0,0.0,3.632,29.8,1752243520064
0.0,0.0,3.632,29.8,1752243520192
0.0,0.0,3.673,29.8,1752243520275
0.0,0.0,3.652,29.8,1752243520417
0.0,0.0,3.632,29.8,1752243520519
0.0,0.0,3.58,29.8,1752243520696
0.0,0.0,3.527,29.8,1752243520798
0.0,0.0,3.517,29.8,1752243520973
31.709976196289062,-97.18819427490234,3.517,29.8,1752243521000
0.0,0.0,3.434,29.8,1752243521324
0.0,0.0,3.382,29.8,1752243521462
0.0,0.0,3.371,29.8,1752243521535
0.0,0.0,3.299,29.8,1752243521661
0.0,0.0,3.215,29.8,1752243521734
0.0,0.0,3.194,29.8,1752243521858
0.0,0.0,3.132,29.8,1752243521933
31.709983825683594,-97.18820190429688,3.122,29.8,1752243522000
0.0,0.0,3.122,29.8,1752243522057
0.0,0.0,3.111,29.8,1752243522130
0.0,0.0,3.111,29.8,1752243522267
0.0,0.0,3.132,29.8,1752243522352
0.0,0.0,3.111,29.8,1752243522528
0.0,0.0,3.132,29.8,1752243522630
0.0,0.0,3.163,29.8,1752243522805
0.0,0.0,3.132,29.8,1752243522906
0.0,0.0,3.153,29.8,1752243523324
0.0,0.0,3.194,29.8,1752243523405
0.0,0.0,3.153,29.8,1752243523531
0.0,0.0,3.153,29.8,1752243523621
0.0,0.0,3.101,29.8,1752243523796
0.0,0.0,3.049,29.8,1752243523898
0.0,0.0,2.965,29.8,1752243524069
0.0,0.0,2.893,29.8,1752243524175
0.0,0.0,2.83,29.8,1752243524597
0.0,0.0,2.778,29.8,1752243524671
0.0,0.0,2.726,29.8,1752243524799
0.0,0.0,2.685,29.8,1752243524872
0.0,0.0,2.643,29.8,1752243525000
31.709991455078125,-97.18820190429688,2.643,29.8,1752243525000
0.0,0.0,2.591,29.8,1752243525074
0.0,0.0,2.58,29.8,1752243525321
0.0,0.0,2.56,29.8,1752243525385
0.0,0.0,2.549,29.8,1752243525582
0.0,0.0,2.539,29.8,1752243525646
0.0,0.0,2.591,29.8,1752243525772
0.0,0.0,2.664,29.8,1752243525846
0.0,0.0,2.695,29.8,1752243525971
31.71000099182129,-97.1882095336914,2.695,29.8,1752243526000
0.0,0.0,2.757,29.8,1752243526043
0.0,0.0,2.768,29.8,1752243526173
0.0,0.0,2.789,29.8,1752243526267
0.0,0.0,2.82,29.8,1752243526444
0.0,0.0,2.861,29.8,1752243526545
0.0,0.0,2.882,29.8,1752243526722
0.0,0.0,2.893,29.8,1752243526824
0.0,0.0,2.913,29.8,1752243527235
0.0,0.0,2.903,29.8,1752243527316
0.0,0.0,2.903,29.8,1752243527442
0.0,0.0,2.851,29.8,1752243527533
0.0,0.0,2.903,29.8,1752243527710
0.0,0.0,2.872,29.8,1752243527807
0.0,0.0,2.882,29.8,1752243527983
31.71000862121582,-97.1882095336914,2.882,29.8,1752243528000
0.0,0.0,2.893,29.8,1752243528079
0.0,0.0,2.945,29.8,1752243528494
0.0,0.0,3.007,29.8,1752243528575
0.0,0.0,3.007,29.8,1752243528701
0.0,0.0,3.049,29.8,1752243528775
0.0,0.0,3.049,29.8,1752243528901
0.0,0.0,3.122,29.8,1752243528975
31.710012435913086,-97.18821716308594,3.122,29.8,1752243529000
0.0,0.0,3.132,29.8,1752243529102
0.0,0.0,3.184,29.8,1752243529178
0.0,0.0,3.153,29.8,1752243529312
0.0,0.0,3.163,29.8,1752243529406
0.0,0.0,3.174,29.8,1752243529579
0.0,0.0,3.184,29.8,1752243529681
0.0,0.0,3.163,29.8,1752243529857
0.0,0.0,3.111,29.8,1752243529954
0.0,0.0,3.132,29.8,1752243530373
0.0,0.0,3.122,29.8,1752243530454
0.0,0.0,3.174,29.8,1752243530583
0.0,0.0,3.101,29.8,1752243530672
0.0,0.0,3.153,29.8,1752243530848
0.0,0.0,3.163,29.8,1752243530952
0.0,0.0,3.215,29.8,1752243531180
0.0,0.0,3.236,29.8,1752243531285
0.0,0.0,3.215,29.8,1752243531676
0.0,0.0,3.257,29.8,1752243531749
0.0,0.0,3.267,29.8,1752243531873
0.0,0.0,3.33,29.8,1752243531946
31.71001434326172,-97.18822479248047,3.33,29.8,1752243532000
0.0,0.0,3.299,29.8,1752243532070
0.0,0.0,3.319,29.8,1752243532145
0.0,0.0,3.278,29.8,1752243532284
0.0,0.0,3.309,29.8,1752243532357
0.0,0.0,3.288,29.8,1752243532483
0.0,0.0,3.278,29.8,1752243532555
0.0,0.0,3.236,29.8,1752243532681
0.0,0.0,3.215,29.8,1752243532753
0.0,0.0,3.226,29.8,1752243532879
0.0,0.0,3.194,29.8,1752243532953
31.710020065307617,-97.188232421875,3.194,29.8,1752243533000
0.0,0.0,3.194,29.8,1752243533081
0.0,0.0,3.184,29.8,1752243533153
0.0,0.0,3.194,29.8,1752243533292
0.0,0.0,3.184,29.8,1752243533378
0.0,0.0,3.174,29.8,1752243533555
0.0,0.0,3.163,29.8,1752243533656
0.0,0.0,3.174,29.8,1752243533837
0.0,0.0,3.184,29.8,1752243533937
0.0,0.0,3.184,29.8,1752243534348
0.0,0.0,3.194,29.8,1752243534430
0.0,0.0,3.174,29.8,1752243534556
0.0,0.0,3.174,29.8,1752243534647
0.0,0.0,3.153,29.8,1752243534820
0.0,0.0,3.153,29.8,1752243534922
31.710025787353516,-97.188232421875,3.153,29.8,1752243535000
0.0,0.0,3.122,29.8,1752243535092
0.0,0.0,3.132,29.8,1752243535198
0.0,0.0,3.142,29.8,1752243535624
0.0,0.0,3.132,29.8,1752243535698
0.0,0.0,3.132,29.8,1752243535823
0.0,0.0,3.132,29.8,1752243535896
0.0,0.0,3.163,29.8,1752243536023
0.0,0.0,3.174,29.8,1752243536095
0.0,0.0,3.142,29.8,1752243536224
0.0,0.0,3.101,29.8,1752243536321
0.0,0.0,3.09,29.8,1752243536497
0.0,0.0,3.059,29.8,1752243536600
0.0,0.0,3.018,29.8,1752243536770
0.0,0.0,3.018,29.8,1752243536872
31.710033416748047,-97.188232421875,3.018,29.8,1752243537000
0.0,0.0,2.955,29.8,1752243537293
0.0,0.0,2.934,29.8,1752243537374
0.0,0.0,2.945,29.8,1752243537500
0.0,0.0,2.861,29.8,1752243537573
0.0,0.0,2.799,29.8,1752243537698
0.0,0.0,2.726,29.8,1752243537771
0.0,0.0,2.705,29.8,1752243537897
0.0,0.0,2.695,29.8,1752243537973
0.0,0.0,2.643,29.8,1752243538098
0.0,0.0,2.632,29.8,1752243538175
0.0,0.0,2.622,29.8,1752243538308
0.0,0.0,2.591,29.8,1752243538388
0.0,0.0,2.58,29.8,1752243538563
0.0,0.0,2.549,29.8,1752243538666
0.0,0.0,2.476,29.8,1752243538844
0.0,0.0,2.476,29.8,1752243538946
31.710037231445312,-97.18824005126953,2.476,29.8,1752243539000
0.0,0.0,2.476,29.8,1752243539362
0.0,0.0,2.476,29.8,1752243539445
0.0,0.0,2.466,29.8,1752243539569
0.0,0.0,2.445,29.8,1752243539642
0.0,0.0,2.435,29.8,1752243539766
0.0,0.0,2.414,29.8,1752243539842
0.0,0.0,2.404,29.8,1752243539967
0.0,0.0,2.383,29.8,1752243540039
0.0,0.0,2.362,29.8,1752243540164
0.0,0.0,2.341,29.8,1752243540252
0.0,0.0,2.362,29.8,1752243540402
0.0,0.0,2.362,29.8,1752243540505
0.0,0.0,2.341,29.8,1752243540680
0.0,0.0,2.351,29.8,1752243540782
0.0,0.0,2.362,29.8,1752243540953
31.710039138793945,-97.18824005126953,2.362,29.8,1752243541000
0.0,0.0,2.351,29.8,1752243541308
0.0,0.0,2.362,29.8,1752243541441
0.0,0.0,2.362,29.8,1752243541513
0.0,0.0,2.351,29.8,1752243541641
0.0,0.0,2.362,29.8,1752243541713
0.0,0.0,2.351,29.8,1752243541838
0.0,0.0,2.372,29.8,1752243541910
0.0,0.0,2.362,29.8,1752243542034
0.0,0.0,2.372,29.8,1752243542107
0.0,0.0,2.372,29.8,1752243542241
0.0,0.0,2.372,29.8,1752243542332
0.0,0.0,2.383,29.8,1752243542506
0.0,0.0,2.393,29.8,1752243542602
0.0,0.0,2.393,29.8,1752243542777
0.0,0.0,2.404,29.8,1752243542873
31.710044860839844,-97.18824005126953,2.404,29.8,1752243543000
0.0,0.0,2.414,29.8,1752243543342
0.0,0.0,2.435,30.2,1752243543413
0.0,0.0,2.445,30.2,1752243543577
0.0,0.0,2.435,30.2,1752243543652
0.0,0.0,2.456,30.2,1752243543777
0.0,0.0,2.476,30.2,1752243543850
0.0,0.0,2.487,30.2,1752243543974
31.71004867553711,-97.18824005126953,2.487,30.2,1752243544000
0.0,0.0,2.487,30.2,1752243544046
0.0,0.0,2.487,30.2,1752243544169
0.0,0.0,2.487,30.2,1752243544253
0.0,0.0,2.508,30.2,1752243544395
0.0,0.0,2.528,30.2,1752243544497
0.0,0.0,2.56,30.2,1752243544673
0.0,0.0,2.549,30.2,1752243544775
0.0,0.0,2.57,30.2,1752243544949
0.0,0.0,2.601,30.2,1752243545310
0.0,0.0,2.601,30.2,1752243545442
0.0,0.0,2.612,30.2,1752243545516
0.0,0.0,2.622,30.2,1752243545663
0.0,0.0,2.643,30.2,1752243545764
0.0,0.0,2.674,30.2,1752243545938
0.0,0.0,2.685,30.2,1752243546034
0.0,0.0,2.695,30.2,1752243546213
0.0,0.0,2.695,30.2,1752243546579
0.0,0.0,2.695,30.2,1752243546704
0.0,0.0,2.695,30.2,1752243546776
0.0,0.0,2.674,30.2,1752243546900
0.0,0.0,2.664,30.2,1752243546973
31.710054397583008,-97.18824768066406,2.664,30.2,1752243547000
0.0,0.0,2.664,30.2,1752243547098
0.0,0.0,2.695,30.2,1752243547175
0.0,0.0,2.695,30.2,1752243547310
0.0,0.0,2.726,30.2,1752243547383
0.0,0.0,2.737,30.2,1752243547505
0.0,0.0,2.726,30.2,1752243547579
0.0,0.0,2.726,30.2,1752243547702
0.0,0.0,2.747,30.2,1752243547775
0.0,0.0,2.726,30.2,1752243547899
0.0,0.0,2.726,30.2,1752243547972
31.710065841674805,-97.18824768066406,2.726,30.2,1752243548000
0.0,0.0,2.778,30.2,1752243548096
0.0,0.0,2.82,30.2,1752243548172
0.0,0.0,2.83,30.2,1752243548304
0.0,0.0,2.789,30.2,1752243548380
0.0,0.0,2.799,30.2,1752243548555
0.0,0.0,2.799,30.2,1752243548656
0.0,0.0,2.799,30.2,1752243548835
0.0,0.0,2.861,30.2,1752243548938
0.0,0.0,2.872,30.2,1752243549364
0.0,0.0,2.861,30.2,1752243549445
0.0,0.0,2.882,30.2,1752243549568
0.0,0.0,2.893,30.2,1752243549657
0.0,0.0,2.861,30.2,1752243549830
0.0,0.0,2.851,30.2,1752243549928
0.0,0.0,2.851,30.2,1752243550096
0.0,0.0,2.861,30.2,1752243550201
0.0,0.0,2.841,30.2,1752243550398
0.0,0.0,2.809,30.2,1752243550682
0.0,0.0,2.799,30.2,1752243550806
0.0,0.0,2.747,30.2,1752243550879
31.710071563720703,-97.18824768066406,2.737,30.2,1752243551000
0.0,0.0,2.737,30.2,1752243551002
0.0,0.0,2.757,30.2,1752243551078
0.0,0.0,2.747,30.2,1752243551203
0.0,0.0,2.737,30.2,1752243551252
0.0,0.0,2.757,30.2,1752243551344
0.0,0.0,2.737,30.2,1752243551424
0.0,0.0,2.716,30.2,1752243551534
0.0,0.0,2.726,30.2,1752243551585
0.0,0.0,2.747,30.2,1752243551729
0.0,0.0,2.737,30.2,1752243551821
0.0,0.0,2.768,30.2,1752243551967
31.710079193115234,-97.1882553100586,2.768,30.2,1752243552000
0.0,0.0,2.799,30.2,1752243552063
0.0,0.0,2.809,30.2,1752243552182
0.0,0.0,2.799,30.2,1752243552245
0.0,0.0,2.789,30.2,1752243552372
0.0,0.0,2.789,30.2,1752243552428
0.0,0.0,2.799,30.2,1752243552529
0.0,0.0,2.809,30.2,1752243552665
0.0,0.0,2.82,30.2,1752243552677
0.0,0.0,2.799,30.2,1752243552775
0.0,0.0,2.809,30.2,1752243552888
31.710081100463867,-97.1882553100586,2.82,30.2,1752243553000
0.0,0.0,2.82,30.2,1752243553033
0.0,0.0,2.82,30.2,1752243553383
0.0,0.0,2.851,30.2,1752243553453
0.0,0.0,2.841,30.2,1752243553534
0.0,0.0,2.851,30.2,1752243553629
0.0,0.0,2.872,30.2,1752243553721
0.0,0.0,2.893,30.2,1752243553816
0.0,0.0,2.893,30.2,1752243553903
0.0,0.0,2.882,30.2,1752243554003
0.0,0.0,2.893,30.2,1752243554091
0.0,0.0,2.882,30.2,1752243554230
0.0,0.0,2.882,30.2,1752243554709
0.0,0.0,2.861,30.2,1752243555151
0.0,0.0,2.861,30.2,1752243555444
0.0,0.0,2.851,30.2,1752243555578
0.0,0.0,2.861,30.2,1752243555650
0.0,0.0,2.851,30.2,1752243555781
0.0,0.0,2.851,30.2,1752243555854
0.0,0.0,2.851,30.2,1752243555987
31.710086822509766,-97.1882553100586,2.851,30.2,1752243556000
0.0,0.0,2.841,30.2,1752243556060
0.0,0.0,2.851,30.2,1752243556196
0.0,0.0,2.841,30.2,1752243556277
0.0,0.0,2.861,30.2,1752243556413
0.0,0.0,2.861,30.2,1752243556490
0.0,0.0,2.861,30.2,1752243556622
0.0,0.0,2.861,30.2,1752243556694
0.0,0.0,2.851,30.2,1752243556827
0.0,0.0,2.851,30.2,1752243556899
31.710092544555664,-97.1882553100586,2.861,30.2,1752243557000
0.0,0.0,2.861,30.2,1752243557031
0.0,0.0,2.861,30.2,1752243557105
0.0,0.0,2.861,30.2,1752243557285
0.0,0.0,2.872,30.2,1752243557389
0.0,0.0,2.861,30.2,1752243557570
0.0,0.0,2.861,30.2,1752243557672
0.0,0.0,2.861,30.2,1752243557849
0.0,0.0,2.861,30.2,1752243557955
0.0,0.0,2.861,30.2,1752243558381
0.0,0.0,2.861,30.2,1752243558454
0.0,0.0,2.872,30.2,1752243558598
0.0,0.0,2.851,30.2,1752243558700
0.0,0.0,2.851,30.2,1752243558882
0.0,0.0,2.851,30.2,1752243558981
0.0,0.0,2.83,30.2,1752243559164
0.0,0.0,2.83,30.2,1752243559281
0.0,0.0,2.83,30.2,1752243559694
0.0,0.0,2.82,30.2,1752243559767
0.0,0.0,2.82,30.2,1752243559900
0.0,0.0,2.809,30.2,1752243559974
31.710094451904297,-97.18826293945312,2.809,30.2,1752243560000
0.0,0.0,2.799,30.2,1752243560105
0.0,0.0,2.789,30.2,1752243560179
0.0,0.0,2.789,30.2,1752243560322
0.0,0.0,2.789,30.2,1752243560394
0.0,0.0,2.789,30.2,1752243560526
0.0,0.0,2.778,30.2,1752243560602
0.0,0.0,2.789,30.2,1752243560734
0.0,0.0,2.789,30.2,1752243560809
0.0,0.0,2.778,30.2,1752243560941
31.710098266601562,-97.18827056884766,2.768,30.2,1752243561000
0.0,0.0,2.768,30.2,1752243561014
0.0,0.0,2.768,30.2,1752243561148
0.0,0.0,2.768,30.2,1752243561249
0.0,0.0,2.768,30.2,1752243561431
0.0,0.0,2.757,30.2,1752243561532
0.0,0.0,2.757,30.2,1752243561716
0.0,0.0,2.757,30.2,1752243561819
0.0,0.0,2.747,30.2,1752243561956
0.0,0.0,2.737,30.2,1752243562333
0.0,0.0,2.726,30.2,1752243562476
0.0,0.0,2.716,30.2,1752243562559
0.0,0.0,2.726,30.2,1752243562727
0.0,0.0,2.716,30.2,1752243562829
31.71010398864746,-97.18827819824219,2.726,30.2,1752243563000
0.0,0.0,2.726,30.2,1752243563010
0.0,0.0,2.726,30.2,1752243563111
0.0,0.0,2.716,30.2,1752243563226
0.0,0.0,2.716,30.2,1752243563624
0.0,0.0,2.716,30.2,1752243563699
0.0,0.0,2.695,30.2,1752243563776
0.0,0.0,2.705,30.2,1752243563842
0.0,0.0,2.705,30.2,1752243563910
0.0,0.0,2.695,30.2,1752243563981
0.0,0.0,2.695,30.2,1752243564051
0.0,0.0,2.695,30.2,1752243564117
0.0,0.0,2.685,30.2,1752243564217
0.0,0.0,2.685,30.2,1752243564316
0.0,0.0,2.674,30.2,1752243564461
0.0,0.0,2.664,30.2,1752243564552
0.0,0.0,2.653,30.2,1752243564603
0.0,0.0,2.653,30.2,1752243564697
0.0,0.0,2.643,30.2,1752243564827
0.0,0.0,2.643,30.2,1752243564944
31.710107803344727,-97.18827819824219,2.643,30.2,1752243565000
0.0,0.0,2.632,30.2,1752243565558
0.0,0.0,2.622,30.2,1752243565634
0.0,0.0,2.622,30.2,1752243565764
0.0,0.0,2.622,30.2,1752243565843
0.0,0.0,2.601,30.2,1752243565944
0.0,0.0,2.612,30.2,1752243566017
0.0,0.0,2.612,30.2,1752243566115
0.0,0.0,2.601,30.2,1752243566170
0.0,0.0,2.612,30.2,1752243566231
0.0,0.0,2.612,30.2,1752243566311
0.0,0.0,2.591,30.2,1752243566442
0.0,0.0,2.591,30.2,1752243566545
0.0,0.0,2.591,30.2,1752243566716
0.0,0.0,2.591,30.2,1752243566819
0.0,0.0,2.58,30.2,1752243566945
0.0,0.0,2.58,30.2,1752243567293
0.0,0.0,2.591,30.2,1752243567433
0.0,0.0,2.57,30.2,1752243567517
0.0,0.0,2.57,30.2,1752243567688
0.0,0.0,2.56,30.2,1752243567745
0.0,0.0,2.56,30.2,1752243567813
0.0,0.0,2.549,30.2,1752243567902
0.0,0.0,2.549,30.2,1752243567966
31.71011734008789,-97.18828582763672,2.549,30.2,1752243568000
0.0,0.0,2.539,30.2,1752243568062
0.0,0.0,2.518,30.2,1752243568166
0.0,0.0,2.518,30.2,1752243568232
0.0,0.0,2.518,30.2,1752243568298
0.0,0.0,2.508,30.2,1752243568383
0.0,0.0,2.508,30.2,1752243568449
0.0,0.0,2.497,30.2,1752243568530
0.0,0.0,2.487,30.2,1752243568659
0.0,0.0,2.487,30.2,1752243568734
0.0,0.0,2.487,30.2,1752243568857
0.0,0.0,2.476,30.2,1752243568929
31.710119247436523,-97.18829345703125,2.476,30.2,1752243569000
0.0,0.0,2.476,30.2,1752243569051
0.0,0.0,2.456,30.2,1752243569123
0.0,0.0,2.466,30.2,1752243569276
0.0,0.0,2.456,30.2,1752243569377
0.0,0.0,2.445,30.2,1752243569544
0.0,0.0,2.445,30.2,1752243569552
0.0,0.0,2.435,30.2,1752243569823
0.0,0.0,2.435,30.2,1752243569914
0.0,0.0,2.424,30.2,1752243570332
0.0,0.0,2.414,30.2,1752243570414
0.0,0.0,2.393,30.2,1752243570537
0.0,0.0,2.393,30.2,1752243570624
0.0,0.0,2.383,30.2,1752243570800
0.0,0.0,2.372,30.2,1752243570901
0.0,0.0,2.351,30.2,1752243571068
0.0,0.0,2.351,30.2,1752243571173
0.0,0.0,2.341,30.2,1752243571598
0.0,0.0,2.331,30.2,1752243571670
0.0,0.0,2.331,30.2,1752243571793
0.0,0.0,2.341,30.2,1752243571866
0.0,0.0,2.32,30.2,1752243571991
31.710124969482422,-97.18829345703125,2.32,30.2,1752243572000
0.0,0.0,2.31,30.2,1752243572062
0.0,0.0,2.31,30.2,1752243572191
0.0,0.0,2.299,30.2,1752243572271
0.0,0.0,2.289,30.2,1752243572394
0.0,0.0,2.279,30.2,1752243572466
0.0,0.0,2.289,30.2,1752243572591
0.0,0.0,2.268,30.2,1752243572662
0.0,0.0,2.258,30.2,1752243572784
0.0,0.0,2.258,30.2,1752243572856
0.0,0.0,2.247,30.2,1752243572979
31.71013069152832,-97.18830108642578,2.247,30.2,1752243573000
0.0,0.0,2.227,30.2,1752243573054
0.0,0.0,2.216,30.2,1752243573180
0.0,0.0,2.216,30.2,1752243573268
0.0,0.0,2.206,30.2,1752243573404
0.0,0.0,2.206,30.2,1752243573508
0.0,0.0,2.195,30.2,1752243573688
0.0,0.0,2.175,30.2,1752243573792
0.0,0.0,2.175,30.2,1752243573962
0.0,0.0,2.175,30.2,1752243574320
0.0,0.0,2.164,30.2,1752243574453
0.0,0.0,2.154,30.2,1752243574525
0.0,0.0,2.154,30.2,1752243574678
0.0,0.0,2.143,30.2,1752243574774
0.0,0.0,2.143,30.2,1752243574947
31.710132598876953,-97.18830871582031,2.143,30.2,1752243575000
0.0,0.0,2.143,30.2,1752243575042
0.0,0.0,2.133,30.2,1752243575221
0.0,0.0,2.123,30.2,1752243575583
0.0,0.0,2.112,30.2,1752243575706
0.0,0.0,2.123,30.2,1752243575778
0.0,0.0,2.102,30.2,1752243575905
0.0,0.0,2.112,30.2,1752243575977
0.0,0.0,2.102,30.2,1752243576101
0.0,0.0,2.102,30.2,1752243576175
0.0,0.0,2.091,30.2,1752243576308
0.0,0.0,2.081,30.2,1752243576387
0.0,0.0,2.07,30.2,1752243576559
0.0,0.0,2.06,30.2,1752243576661
0.0,0.0,2.06,30.2,1752243576834
0.0,0.0,2.05,30.2,1752243576934
31.710134506225586,-97.18830871582031,2.05,30.2,1752243577000
0.0,0.0,2.039,30.2,1752243577355
0.0,0.0,2.029,30.2,1752243577437
0.0,0.0,2.018,30.2,1752243577561
0.0,0.0,2.008,30.2,1752243577633
0.0,0.0,2.008,30.2,1752243577760
0.0,0.0,1.998,30.2,1752243577865
0.0,0.0,1.987,30.2,1752243577937
0.0,0.0,1.987,30.2,1752243578060
0.0,0.0,1.987,30.2,1752243578132
0.0,0.0,1.987,30.2,1752243578267
0.0,0.0,1.966,30.2,1752243578340
0.0,0.0,1.966,30.2,1752243578514
0.0,0.0,1.966,30.2,1752243578614
0.0,0.0,1.956,30.2,1752243578786
0.0,0.0,1.946,30.2,1752243578889
31.710140228271484,-97.18830871582031,1.946,30.2,1752243579000
0.0,0.0,1.946,30.2,1752243579313
0.0,0.0,1.935,30.2,1752243579395
0.0,0.0,1.925,30.2,1752243579517
0.0,0.0,1.925,30.2,1752243579591
0.0,0.0,1.914,30.2,1752243579718
0.0,0.0,1.894,30.2,1752243579790
0.0,0.0,1.894,30.2,1752243579913
0.0,0.0,1.894,30.2,1752243579988
0.0,0.0,1.873,30.2,1752243580113
0.0,0.0,1.883,30.2,1752243580191
0.0,0.0,1.883,30.2,1752243580324
0.0,0.0,1.862,30.2,1752243580397
0.0,0.0,1.842,30.2,1752243580570
0.0,0.0,1.821,30.2,1752243580672
0.0,0.0,1.81,30.2,1752243580847
0.0,0.0,1.79,30.2,1752243580949
0.0,0.0,1.79,30.2,1752243581352
0.0,0.0,1.79,30.2,1752243581433
0.0,0.0,1.769,30.2,1752243581599
0.0,0.0,1.758,30.2,1752243581666
0.0,0.0,1.737,30.2,1752243581789
0.0,0.0,1.727,30.2,1752243581861
0.0,0.0,1.717,30.2,1752243581985
0.0,0.0,1.717,30.2,1752243582059
0.0,0.0,1.737,30.2,1752243582186
0.0,0.0,1.748,30.2,1752243582269
0.0,0.0,1.748,30.2,1752243582394
0.0,0.0,1.737,30.2,1752243582469
31.71018409729004,-97.18841552734375,15.038,30.4,1752243608000
0.0,0.0,15.038,30.4,1752243608540
0.0,0.0,15.006,30.4,1752243608611
0.0,0.0,14.902,30.4,1752243608746
0.0,0.0,14.954,30.4,1752243608827
0.0,0.0,14.965,30.4,1752243608959
31.71018409729004,-97.18840789794922,14.944,30.4,1752243609000
0.0,0.0,14.944,30.4,1752243609040
0.0,0.0,15.131,30.4,1752243610944
0.0,0.0,14.673,30.4,1752243617339
0.0,0.0,14.226,30.4,1752243617583
0.0,0.0,13.778,30.4,1752243617675
0.0,0.0,13.341,30.4,1752243617785
0.0,0.0,12.987,30.4,1752243617866
0.0,0.0,12.634,30.4,1752243617978
0.0,0.0,12.353,30.4,1752243618088
0.0,0.0,12.197,30.4,1752243618197
0.0,0.0,11.707,30.4,1752243618312
0.0,0.0,11.27,30.4,1752243618419
0.0,0.0,11.0,30.4,1752243618526
0.0,0.0,10.469,30.4,1752243618635
0.0,0.0,10.479,30.4,1752243618746
0.0,0.0,10.417,30.4,1752243618853
0.0,0.0,10.313,30.4,1752243618961
0.0,0.0,10.261,30.4,1752243619150
0.0,0.0,10.136,30.4,1752243619252
0.0,0.0,10.021,30.4,1752243619366
0.0,0.0,9.928,30.4,1752243619553
0.0,0.0,9.782,30.4,1752243619617
0.0,0.0,9.72,30.4,1752243619748
0.0,0.0,9.532,30.4,1752243619827
0.0,0.0,9.355,30.4,1752243619961
0.0,0.0,9.251,30.4,1752243620042
0.0,0.0,8.97,30.4,1752243620174
0.0,0.0,8.793,30.4,1752243620263
0.0,0.0,8.606,30.4,1752243620396
0.0,0.0,8.408,30.4,1752243620476
0.0,0.0,8.169,30.4,1752243620609
0.0,0.0,7.909,30.4,1752243620687
0.0,0.0,7.659,30.4,1752243620823
0.0,0.0,7.378,30.4,1752243620902
0.0,0.0,7.524,30.4,1752243621034
0.0,0.0,7.732,30.4,1752243621114
0.0,0.0,7.94,30.4,1752243621256
0.0,0.0,8.169,30.4,1752243621335
0.0,0.0,8.304,30.4,1752243621466
0.0,0.0,8.294,30.4,1752243621545
0.0,0.0,8.346,30.4,1752243621676
0.0,0.0,8.346,30.4,1752243621754
0.0,0.0,8.544,30.4,1752243621886
0.0,0.0,8.773,30.4,1752243621963
0.0,0.0,8.908,30.4,1752243622098
0.0,0.0,9.022,30.4,1752243622179
0.0,0.0,9.022,30.4,1752243622324
0.0,0.0,9.022,30.4,1752243622403
0.0,0.0,9.054,30.4,1752243622534
0.0,0.0,9.002,30.4,1752243622611
0.0,0.0,9.002,30.4,1752243622744
0.0,0.0,9.095,30.4,1752243622821
0.0,0.0,9.126,30.4,1752243622953
31.70990753173828,-97.18818664550781,9.126,30.4,1752243623000
0.0,0.0,9.126,30.4,1752243623030
0.0,0.0,9.095,30.4,1752243623161
0.0,0.0,9.012,30.4,1752243623250
0.0,0.0,8.981,30.4,1752243623382
0.0,0.0,8.991,30.4,1752243623460
0.0,0.0,8.991,30.4,1752243623591
0.0,0.0,8.97,30.4,1752243623667
0.0,0.0,8.96,30.4,1752243623798
0.0,0.0,8.939,30.4,1752243623879
0.0,0.0,8.939,30.4,1752243624010
0.0,0.0,8.939,30.4,1752243624087
0.0,0.0,8.95,30.4,1752243624230
0.0,0.0,8.929,30.4,1752243624307
0.0,0.0,8.887,30.4,1752243624438
0.0,0.0,8.991,30.4,1752243624515
0.0,0.0,9.022,30.4,1752243624648
0.0,0.0,9.012,30.4,1752243624752
31.709909439086914,-97.18818664550781,8.95,30.4,1752243625000
0.0,0.0,8.95,30.4,1752243625177
0.0,0.0,8.981,30.4,1752243625264
0.0,0.0,9.054,30.4,1752243625403
0.0,0.0,9.095,30.4,1752243625482
0.0,0.0,9.064,30.4,1752243625617
0.0,0.0,9.012,30.4,1752243625702
0.0,0.0,9.033,30.4,1752243625833
0.0,0.0,9.012,30.4,1752243625910
0.0,0.0,8.991,30.4,1752243626041
0.0,0.0,8.877,30.4,1752243626118
0.0,0.0,8.877,30.4,1752243626293
0.0,0.0,8.95,30.4,1752243626398
0.0,0.0,8.991,30.4,1752243626583
0.0,0.0,8.981,30.4,1752243626687
0.0,0.0,8.877,30.4,1752243626868
0.0,0.0,8.887,30.4,1752243626975
31.70991325378418,-97.18819427490234,8.887,30.4,1752243627000
0.0,0.0,8.721,30.4,1752243627395
0.0,0.0,8.512,30.4,1752243627473
0.0,0.0,8.46,30.4,1752243627605
0.0,0.0,8.44,30.4,1752243627686
0.0,0.0,8.44,30.4,1752243627817
0.0,0.0,8.398,30.4,1752243627895
0.0,0.0,8.211,30.4,1752243628103
0.0,0.0,8.231,30.4,1752243628169
0.0,0.0,8.179,30.4,1752243628311
0.0,0.0,8.19,30.4,1752243628418
0.0,0.0,8.294,30.4,1752243628603
0.0,0.0,8.315,30.4,1752243628713
0.0,0.0,8.231,30.4,1752243628894
31.709917068481445,-97.18819427490234,8.159,30.4,1752243629000
0.0,0.0,8.159,30.4,1752243629003
0.0,0.0,8.221,30.4,1752243629417
0.0,0.0,8.242,30.4,1752243629496
0.0,0.0,8.263,30.4,1752243629627
0.0,0.0,8.252,30.4,1752243629708
0.0,0.0,8.408,30.4,1752243629840
0.0,0.0,8.356,30.4,1752243629917
0.0,0.0,8.377,30.4,1752243630050
0.0,0.0,8.367,30.4,1752243630127
0.0,0.0,8.325,30.4,1752243630270
0.0,0.0,8.273,30.4,1752243630379
0.0,0.0,8.336,30.4,1752243630565
0.0,0.0,8.315,30.4,1752243630671
0.0,0.0,8.138,30.4,1752243630855
0.0,0.0,8.044,30.4,1752243630963
31.70992088317871,-97.18819427490234,8.044,30.4,1752243631000
0.0,0.0,8.065,30.4,1752243631383
0.0,0.0,7.992,30.4,1752243631461
0.0,0.0,7.774,30.4,1752243631591
0.0,0.0,7.774,30.4,1752243631673
0.0,0.0,7.753,30.4,1752243631807
0.0,0.0,7.878,30.4,1752243631884
0.0,0.0,7.857,30.4,1752243632014
0.0,0.0,7.846,30.4,1752243632093
0.0,0.0,7.753,30.4,1752243632230
0.0,0.0,7.628,30.4,1752243632334
0.0,0.0,7.524,30.4,1752243632524
0.0,0.0,7.524,30.4,1752243632635
0.0,0.0,7.493,30.4,1752243632820
0.0,0.0,7.336,30.4,1752243632922
31.709922790527344,-97.18820190429688,7.336,30.4,1752243633000
0.0,0.0,7.409,30.4,1752243633343
0.0,0.0,7.368,30.4,1752243633423
0.0,0.0,7.524,30.4,1752243633556
0.0,0.0,7.701,30.4,1752243633636
0.0,0.0,7.711,30.4,1752243633769
0.0,0.0,7.742,30.4,1752243633847
0.0,0.0,7.711,30.4,1752243633978
0.0,0.0,7.722,30.4,1752243634057
0.0,0.0,7.888,30.4,1752243634192
0.0,0.0,7.784,30.4,1752243634278
0.0,0.0,7.805,30.4,1752243634447
0.0,0.0,7.888,30.4,1752243634559
0.0,0.0,7.763,30.4,1752243634746
0.0,0.0,7.763,30.4,1752243634861
31.70992660522461,-97.18820190429688,7.763,30.4,1752243635000
0.0,0.0,7.763,30.4,1752243635036
0.0,0.0,7.919,30.4,1752243635402
0.0,0.0,8.013,30.4,1752243635532
0.0,0.0,7.93,30.4,1752243635611
0.0,0.0,7.95,30.4,1752243635745
0.0,0.0,7.878,30.4,1752243635823
0.0,0.0,7.669,30.4,1752243635953
0.0,0.0,7.732,30.4,1752243636031
0.0,0.0,7.815,30.4,1752243636162
0.0,0.0,7.794,30.4,1752243636250
0.0,0.0,7.669,30.4,1752243636416
0.0,0.0,7.742,30.4,1752243636525
0.0,0.0,7.763,30.4,1752243636711
0.0,0.0,7.836,30.4,1752243636821
0.0,0.0,7.992,30.4,1752243636993
31.709928512573242,-97.18820190429688,7.992,30.4,1752243637000
0.0,0.0,8.034,30.4,1752243637353
0.0,0.0,7.898,30.4,1752243637485
0.0,0.0,8.034,30.4,1752243637563
0.0,0.0,8.013,30.4,1752243637697
0.0,0.0,8.086,30.4,1752243637774
0.0,0.0,8.148,30.4,1752243637905
0.0,0.0,8.117,30.4,1752243637983
0.0,0.0,8.2,30.4,1752243638114
0.0,0.0,8.169,30.4,1752243638198
0.0,0.0,8.336,30.4,1752243638334
0.0,0.0,8.325,30.4,1752243638433
0.0,0.0,8.294,30.4,1752243638619
0.0,0.0,8.367,30.4,1752243638728
0.0,0.0,8.315,30.4,1752243638912
31.709930419921875,-97.18820190429688,8.252,30.4,1752243639000
0.0,0.0,8.252,30.4,1752243639017
0.0,0.0,8.221,30.4,1752243639435
0.0,0.0,8.169,30.4,1752243639513
0.0,0.0,8.179,30.4,1752243639615
0.0,0.0,8.19,30.4,1752243639660
0.0,0.0,8.086,30.4,1752243639758
0.0,0.0,8.138,30.4,1752243639819
0.0,0.0,7.971,30.4,1752243639934
0.0,0.0,8.169,30.4,1752243639997
0.0,0.0,8.325,30.4,1752243640183
0.0,0.0,8.294,30.4,1752243640338
0.0,0.0,8.304,30.4,1752243640472
0.0,0.0,8.325,30.4,1752243640581
0.0,0.0,8.221,30.4,1752243640760
0.0,0.0,8.211,30.4,1752243640870
31.709932327270508,-97.1882095336914,8.159,30.4,1752243641000
0.0,0.0,8.159,30.4,1752243641051
0.0,0.0,8.055,30.4,1752243641163
0.0,0.0,7.982,30.4,1752243641586
0.0,0.0,7.992,30.4,1752243641664
0.0,0.0,8.242,30.4,1752243641796
0.0,0.0,8.044,30.4,1752243641873
0.0,0.0,8.138,30.4,1752243642005
0.0,0.0,8.013,30.4,1752243642085
0.0,0.0,8.055,30.4,1752243642225
0.0,0.0,8.034,30.4,1752243642328
0.0,0.0,8.179,30.4,1752243642513
0.0,0.0,7.95,30.4,1752243642623
0.0,0.0,7.846,30.4,1752243642812
0.0,0.0,7.753,30.4,1752243642918
31.709932327270508,-97.1882095336914,7.753,30.4,1752243643000
0.0,0.0,7.846,30.4,1752243643336
0.0,0.0,7.878,30.4,1752243643414
0.0,0.0,7.867,30.4,1752243643545
0.0,0.0,7.992,30.2,1752243643626
0.0,0.0,7.898,30.2,1752243643796
0.0,0.0,7.742,30.2,1752243643875
0.0,0.0,7.43,30.2,1752243644007
0.0,0.0,7.399,30.2,1752243644085
0.0,0.0,7.045,30.2,1752243644225
0.0,0.0,7.201,30.2,1752243644328
0.0,0.0,7.097,30.2,1752243644515
0.0,0.0,6.795,30.2,1752243644625
0.0,0.0,6.473,30.2,1752243644811
0.0,0.0,6.4,30.2,1752243644920
0.0,0.0,6.088,30.2,1752243645384
0.0,0.0,5.786,30.2,1752243645623
0.0,0.0,5.755,30.2,1752243645688
0.0,0.0,5.651,30.2,1752243645820
0.0,0.0,5.671,30.2,1752243645897
0.0,0.0,5.453,30.2,1752243646029
0.0,0.0,5.484,30.2,1752243646105
0.0,0.0,5.12,30.2,1752243646246
0.0,0.0,5.016,30.2,1752243646323
0.0,0.0,5.099,30.2,1752243646455
0.0,0.0,5.047,30.2,1752243646532
0.0,0.0,4.776,30.2,1752243646664
0.0,0.0,4.724,30.2,1752243646740
0.0,0.0,4.683,30.2,1752243646874
0.0,0.0,4.579,30.2,1752243646954
0.0,0.0,4.599,30.2,1752243647085
0.0,0.0,4.495,30.2,1752243647166
0.0,0.0,4.61,30.2,1752243647304
0.0,0.0,4.495,30.2,1752243647381
0.0,0.0,4.527,30.2,1752243647513
0.0,0.0,4.454,30.2,1752243647589
0.0,0.0,4.412,30.2,1752243647763
0.0,0.0,4.412,30.2,1752243647828
0.0,0.0,4.62,30.2,1752243647961
31.70993995666504,-97.18821716308594,4.62,30.2,1752243648000
0.0,0.0,4.693,30.2,1752243648040
0.0,0.0,4.62,30.2,1752243648173
0.0,0.0,4.693,30.2,1752243648260
0.0,0.0,4.61,30.2,1752243648394
0.0,0.0,4.579,30.2,1752243648542
0.0,0.0,4.579,30.2,1752243648679
0.0,0.0,4.599,30.2,1752243648775
0.0,0.0,4.475,30.2,1752243648854
0.0,0.0,4.475,30.2,1752243648988
0.0,0.0,4.443,30.2,1752243649067
0.0,0.0,4.464,30.2,1752243649204
0.0,0.0,4.422,30.2,1752243649291
0.0,0.0,4.381,30.2,1752243649476
0.0,0.0,4.329,30.2,1752243649584
0.0,0.0,4.298,30.2,1752243649774
0.0,0.0,4.287,30.2,1752243649883
0.0,0.0,4.256,30.2,1752243650057
0.0,0.0,4.235,30.2,1752243650423
0.0,0.0,4.214,30.2,1752243650557
0.0,0.0,4.214,30.2,1752243650633
0.0,0.0,4.194,30.2,1752243650766
0.0,0.0,4.204,30.2,1752243650843
0.0,0.0,4.162,30.2,1752243650974
31.709945678710938,-97.18821716308594,4.162,30.2,1752243651000
0.0,0.0,4.121,30.2,1752243651051
0.0,0.0,4.089,30.2,1752243651182
0.0,0.0,4.058,30.2,1752243651269
0.0,0.0,4.006,30.2,1752243651402
0.0,0.0,3.954,30.2,1752243651479
0.0,0.0,3.923,30.2,1752243651612
0.0,0.0,3.913,30.2,1752243651693
0.0,0.0,3.881,30.2,1752243651826
0.0,0.0,3.829,30.2,1752243651905
0.0,0.0,3.808,30.2,1752243652043
0.0,0.0,3.767,30.2,1752243652121
0.0,0.0,3.736,30.2,1752243652264
0.0,0.0,3.715,30.2,1752243652372
0.0,0.0,3.684,30.2,1752243652559
0.0,0.0,3.684,30.2,1752243652669
0.0,0.0,3.673,30.2,1752243652854
0.0,0.0,3.652,30.2,1752243652963
0.0,0.0,3.632,30.2,1752243653392
0.0,0.0,3.6,30.2,1752243653468
0.0,0.0,3.569,30.2,1752243653599
0.0,0.0,3.559,30.2,1752243653676
0.0,0.0,3.517,30.2,1752243653809
0.0,0.0,3.486,30.2,1752243653914
0.0,0.0,3.465,30.2,1752243653991
31.70994758605957,-97.18821716308594,3.465,30.2,1752243654000
0.0,0.0,3.434,30.2,1752243654126
0.0,0.0,3.444,30.2,1752243654211
0.0,0.0,3.403,30.2,1752243654343
0.0,0.0,3.434,30.2,1752243654418
0.0,0.0,3.413,30.2,1752243654547
0.0,0.0,3.392,30.2,1752243654624
0.0,0.0,3.351,30.2,1752243654753
0.0,0.0,3.351,30.2,1752243654828
0.0,0.0,3.361,30.2,1752243654958
31.70994758605957,-97.18821716308594,3.319,30.2,1752243655000
0.0,0.0,3.319,30.2,1752243655040
0.0,0.0,3.299,30.2,1752243655180
0.0,0.0,3.267,30.2,1752243655283
0.0,0.0,3.257,30.2,1752243655468
0.0,0.0,3.205,30.2,1752243655573
0.0,0.0,3.226,30.2,1752243655761
0.0,0.0,3.153,30.2,1752243655869
0.0,0.0,3.174,30.2,1752243656052
0.0,0.0,3.163,30.2,1752243656423
0.0,0.0,3.174,30.2,1752243656557
0.0,0.0,3.153,30.2,1752243656663
0.0,0.0,3.153,30.2,1752243656843
0.0,0.0,3.184,30.2,1752243656944
31.709949493408203,-97.18821716308594,3.184,30.2,1752243657000
0.0,0.0,3.184,30.2,1752243657122
0.0,0.0,3.174,30.2,1752243657242
0.0,0.0,3.153,30.2,1752243657648
0.0,0.0,3.163,30.2,1752243657724
0.0,0.0,3.08,30.2,1752243657929
0.0,0.0,3.101,30.2,1752243657997
0.0,0.0,3.049,30.2,1752243658129
0.0,0.0,3.049,30.2,1752243658215
0.0,0.0,3.049,30.2,1752243658347
0.0,0.0,3.07,30.2,1752243658440
0.0,0.0,3.08,30.2,1752243658625
0.0,0.0,3.038,30.2,1752243658732
0.0,0.0,3.049,30.2,1752243658915
31.709951400756836,-97.18821716308594,3.059,30.2,1752243659000
0.0,0.0,3.059,30.2,1752243659018
0.0,0.0,3.09,30.2,1752243659435
0.0,0.0,3.09,30.2,1752243659520
0.0,0.0,3.122,30.2,1752243659651
0.0,0.0,3.111,30.2,1752243659727
0.0,0.0,3.163,30.2,1752243659856
0.0,0.0,3.205,30.2,1752243659931
0.0,0.0,3.184,30.2,1752243660066
0.0,0.0,3.153,30.2,1752243660143
0.0,0.0,3.122,30.2,1752243660292
0.0,0.0,3.184,30.2,1752243660400
0.0,0.0,3.132,30.2,1752243660578
0.0,0.0,3.08,30.2,1752243660685
0.0,0.0,3.059,30.2,1752243660864
0.0,0.0,3.018,30.2,1752243660972
31.70995330810547,-97.18822479248047,3.018,30.2,1752243661000
0.0,0.0,3.007,30.2,1752243661390
0.0,0.0,3.049,30.2,1752243661468
0.0,0.0,3.007,30.2,1752243661598
0.0,0.0,2.976,30.2,1752243661674
0.0,0.0,3.018,30.2,1752243661803
0.0,0.0,3.07,30.2,1752243661881
0.0,0.0,3.132,30.2,1752243662015
0.0,0.0,3.111,30.2,1752243662092
0.0,0.0,3.111,30.2,1752243662229
0.0,0.0,3.174,30.2,1752243662336
0.0,0.0,3.184,30.2,1752243662519
0.0,0.0,3.194,30.2,1752243662626
0.0,0.0,3.215,30.2,1752243662808
0.0,0.0,3.215,30.2,1752243662914
31.7099552154541,-97.18822479248047,3.215,30.2,1752243663000
0.0,0.0,3.215,30.2,1752243663337
0.0,0.0,3.246,30.2,1752243663413
0.0,0.0,3.278,30.2,1752243663542
0.0,0.0,3.257,30.2,1752243663619
0.0,0.0,3.226,30.2,1752243663750
0.0,0.0,3.257,30.2,1752243663826
0.0,0.0,3.309,30.2,1752243663960
0.0,0.0,3.299,30.4,1752243664037
0.0,0.0,3.33,30.4,1752243664210
0.0,0.0,3.299,30.4,1752243664294
0.0,0.0,3.288,30.4,1752243664453
0.0,0.0,3.299,30.4,1752243664559
0.0,0.0,3.299,30.4,1752243664744
0.0,0.0,3.267,30.4,1752243664850
31.709957122802734,-97.18822479248047,3.215,30.4,1752243665000
0.0,0.0,3.215,30.4,1752243665027
0.0,0.0,3.226,30.4,1752243665384
0.0,0.0,3.257,30.4,1752243665522
0.0,0.0,3.288,30.4,1752243665598
0.0,0.0,3.278,30.4,1752243665729
0.0,0.0,3.278,30.4,1752243665806
0.0,0.0,3.267,30.4,1752243665936
0.0,0.0,3.267,30.4,1752243666016
0.0,0.0,3.288,30.4,1752243666148
0.0,0.0,3.278,30.4,1752243666236
0.0,0.0,3.257,30.4,1752243666399
0.0,0.0,3.288,30.4,1752243666506
0.0,0.0,3.351,30.4,1752243666687
0.0,0.0,3.371,30.4,1752243666796
0.0,0.0,3.361,30.4,1752243666965
31.709959030151367,-97.18822479248047,3.361,30.4,1752243667000
0.0,0.0,3.371,30.4,1752243667328
0.0,0.0,3.361,30.4,1752243667459
0.0,0.0,3.361,30.4,1752243667536
0.0,0.0,3.392,30.4,1752243667663
0.0,0.0,3.403,30.4,1752243667739
0.0,0.0,3.382,30.4,1752243667867
0.0,0.0,3.392,30.4,1752243667946
0.0,0.0,3.403,30.4,1752243668075
0.0,0.0,3.382,30.4,1752243668153
0.0,0.0,3.361,30.4,1752243668293
0.0,0.0,3.33,30.4,1752243668392
0.0,0.0,3.361,30.4,1752243668572
0.0,0.0,3.361,30.4,1752243668679
0.0,0.0,3.382,30.4,1752243668861
0.0,0.0,3.413,30.4,1752243668963
31.7099609375,-97.18822479248047,3.413,30.4,1752243669000
0.0,0.0,3.371,30.4,1752243669382
0.0,0.0,3.371,30.4,1752243669465
0.0,0.0,3.371,30.4,1752243669591
0.0,0.0,3.382,30.4,1752243669665
0.0,0.0,3.413,30.4,1752243669792
0.0,0.0,3.434,30.4,1752243669870
0.0,0.0,3.444,30.4,1752243669997
0.0,0.0,3.455,30.4,1752243670072
0.0,0.0,3.444,30.4,1752243670201
0.0,0.0,3.475,30.4,1752243670286
0.0,0.0,3.455,30.4,1752243670452
0.0,0.0,3.423,30.4,1752243670557
0.0,0.0,3.455,30.4,1752243670736
0.0,0.0,3.455,30.4,1752243670841
31.7099609375,-97.18822479248047,3.444,30.4,1752243671000
0.0,0.0,3.444,30.4,1752243671012
0.0,0.0,3.434,30.4,1752243671369
0.0,0.0,3.403,30.4,1752243671504
0.0,0.0,3.371,30.4,1752243671578
0.0,0.0,3.361,30.4,1752243671704
0.0,0.0,3.361,30.4,1752243671783
0.0,0.0,3.361,30.4,1752243671909
0.0,0.0,3.34,30.4,1752243671984
0.0,0.0,3.34,30.4,1752243672111
0.0,0.0,3.371,30.4,1752243672188
0.0,0.0,3.371,30.4,1752243672325
0.0,0.0,3.361,30.4,1752243672419
0.0,0.0,3.371,30.4,1752243672597
0.0,0.0,3.392,30.4,1752243672701
0.0,0.0,3.382,30.4,1752243672878
0.0,0.0,3.392,30.4,1752243672978
31.709962844848633,-97.18822479248047,3.392,30.4,1752243673000
0.0,0.0,3.382,30.4,1752243673396
0.0,0.0,3.382,30.4,1752243673479
0.0,0.0,3.382,30.4,1752243673605
0.0,0.0,3.361,30.4,1752243673679
0.0,0.0,3.33,30.4,1752243673809
0.0,0.0,3.33,30.4,1752243673884
0.0,0.0,3.319,30.4,1752243674011
0.0,0.0,3.34,30.4,1752243674085
0.0,0.0,3.34,30.4,1752243674216
0.0,0.0,3.309,30.4,1752243674324
0.0,0.0,3.309,30.4,1752243674502
0.0,0.0,3.309,30.4,1752243674608
0.0,0.0,3.309,30.4,1752243674787
0.0,0.0,3.309,30.4,1752243674887
31.709962844848633,-97.18822479248047,3.309,30.4,1752243675000
0.0,0.0,3.33,30.4,1752243675301
0.0,0.0,3.361,30.4,1752243675385
0.0,0.0,3.392,30.4,1752243675512
0.0,0.0,3.361,30.4,1752243675587
0.0,0.0,3.351,30.4,1752243675717
0.0,0.0,3.309,30.4,1752243675793
0.0,0.0,3.309,30.4,1752243675921
0.0,0.0,3.33,30.4,1752243675996
0.0,0.0,3.309,30.4,1752243676122
0.0,0.0,3.278,30.4,1752243676207
0.0,0.0,3.267,30.4,1752243676345
0.0,0.0,3.236,30.4,1752243676450
0.0,0.0,3.215,30.4,1752243676622
0.0,0.0,3.194,30.4,1752243676729
0.0,0.0,3.142,30.4,1752243676909
0.0,0.0,3.153,30.4,1752243677008
0.0,0.0,3.153,30.4,1752243677431
0.0,0.0,3.205,30.4,1752243677515
0.0,0.0,3.184,30.4,1752243677641
0.0,0.0,3.153,30.4,1752243677715
0.0,0.0,3.153,30.4,1752243677843
0.0,0.0,3.194,30.4,1752243677918
31.709964752197266,-97.188232421875,3.215,30.4,1752243678000
0.0,0.0,3.215,30.4,1752243678045
0.0,0.0,3.236,30.4,1752243678119
0.0,0.0,3.226,30.4,1752243678255
0.0,0.0,3.236,30.4,1752243678330
0.0,0.0,3.267,30.4,1752243678456
0.0,0.0,3.278,30.4,1752243678532
0.0,0.0,3.278,30.4,1752243678660
0.0,0.0,3.257,30.4,1752243678734
0.0,0.0,3.236,30.4,1752243678902
0.0,0.0,3.278,30.4,1752243678971
0.0,0.0,3.246,30.4,1752243679098
0.0,0.0,3.194,30.4,1752243679176
0.0,0.0,3.194,30.4,1752243679311
0.0,0.0,3.194,30.4,1752243679405
0.0,0.0,3.184,30.4,1752243679582
0.0,0.0,3.163,30.4,1752243679775
0.0,0.0,3.142,30.4,1752243679908
31.70996856689453,-97.188232421875,3.142,30.4,1752243680000
0.0,0.0,3.142,30.4,1752243680014
0.0,0.0,3.132,30.4,1752243680436
0.0,0.0,3.153,30.4,1752243680511
0.0,0.0,3.174,30.4,1752243680637
0.0,0.0,3.153,30.4,1752243680715
0.0,0.0,3.153,30.4,1752243680841
0.0,0.0,3.184,30.4,1752243680915
0.0,0.0,3.184,30.4,1752243681041
0.0,0.0,3.184,30.4,1752243681116
0.0,0.0,3.184,30.4,1752243681300
0.0,0.0,3.184,30.4,1752243681393
0.0,0.0,3.184,30.4,1752243681572
0.0,0.0,3.215,30.4,1752243681677
0.0,0.0,3.215,30.4,1752243681855
0.0,0.0,3.194,30.4,1752243681951
31.709972381591797,-97.188232421875,3.194,30.4,1752243682000
0.0,0.0,3.184,30.4,1752243682364
0.0,0.0,3.184,30.4,1752243682439
0.0,0.0,3.174,30.4,1752243682568
0.0,0.0,3.132,30.4,1752243682642
0.0,0.0,3.122,30.4,1752243682768
0.0,0.0,3.09,30.4,1752243682844
0.0,0.0,3.07,30.4,1752243682970
0.0,0.0,3.08,30.4,1752243683043
0.0,0.0,3.101,30.4,1752243683169
0.0,0.0,3.08,30.4,1752243683257
0.0,0.0,3.09,30.4,1752243683414
0.0,0.0,3.122,30.4,1752243683518
0.0,0.0,3.111,30.4,1752243683695
0.0,0.0,3.059,30.4,1752243683799
0.0,0.0,3.059,30.4,1752243683974
31.709976196289062,-97.188232421875,3.059,30.4,1752243684000
0.0,0.0,3.08,30.4,1752243684330
0.0,0.0,3.07,30.4,1752243684467
0.0,0.0,3.08,30.4,1752243684541
0.0,0.0,3.101,30.4,1752243684667
0.0,0.0,3.09,30.4,1752243684740
0.0,0.0,3.07,30.4,1752243684865
0.0,0.0,3.059,30.4,1752243684939
0.0,0.0,3.028,30.4,1752243685064
0.0,0.0,3.018,30.4,1752243685137
0.0,0.0,3.007,30.4,1752243685275
0.0,0.0,2.997,30.4,1752243685373
0.0,0.0,3.028,30.4,1752243685550
0.0,0.0,2.997,30.4,1752243685653
0.0,0.0,2.955,30.4,1752243685825
0.0,0.0,2.924,30.4,1752243685929
31.70998191833496,-97.18824005126953,2.924,30.4,1752243686000
0.0,0.0,2.861,30.4,1752243686340
0.0,0.0,2.851,30.4,1752243686426
0.0,0.0,2.809,30.4,1752243686552
0.0,0.0,2.82,30.4,1752243686627
0.0,0.0,2.872,30.4,1752243686755
0.0,0.0,2.83,30.4,1752243686829
0.0,0.0,2.841,30.4,1752243686955
31.709985733032227,-97.18824005126953,2.861,30.4,1752243687000
0.0,0.0,2.861,30.4,1752243687029
0.0,0.0,2.809,30.4,1752243687154
0.0,0.0,2.799,30.4,1752243687240
0.0,0.0,2.799,30.4,1752243687403
0.0,0.0,2.768,30.4,1752243687507
0.0,0.0,2.841,30.4,1752243687679
0.0,0.0,2.82,30.4,1752243687783
0.0,0.0,2.809,30.4,1752243687955
0.0,0.0,2.799,30.4,1752243688315
0.0,0.0,2.737,30.4,1752243688448
0.0,0.0,2.737,30.4,1752243688523
0.0,0.0,2.695,30.4,1752243688682
0.0,0.0,2.632,30.4,1752243688786
0.0,0.0,2.622,30.4,1752243688962
31.709989547729492,-97.18824005126953,2.622,30.4,1752243689000
0.0,0.0,2.58,30.4,1752243689063
0.0,0.0,2.549,30.4,1752243689250
0.0,0.0,2.549,30.4,1752243689599
0.0,0.0,2.466,30.4,1752243689724
0.0,0.0,2.456,30.4,1752243689798
0.0,0.0,2.466,30.4,1752243689926
0.0,0.0,2.445,30.4,1752243690005
0.0,0.0,2.445,30.4,1752243690130
0.0,0.0,2.435,30.4,1752243690215
0.0,0.0,2.435,30.4,1752243690379
0.0,0.0,2.456,30.4,1752243690482
0.0,0.0,2.466,30.4,1752243690658
0.0,0.0,2.476,30.4,1752243690763
0.0,0.0,2.476,30.4,1752243690939
31.709993362426758,-97.18824005126953,2.476,30.4,1752243691000
0.0,0.0,2.476,30.4,1752243691283
0.0,0.0,2.476,30.4,1752243691417
0.0,0.0,2.476,30.4,1752243691492
0.0,0.0,2.466,30.4,1752243691618
0.0,0.0,2.466,30.4,1752243691692
0.0,0.0,2.476,30.4,1752243691817
0.0,0.0,2.456,30.4,1752243691891
0.0,0.0,2.466,30.4,1752243692021
0.0,0.0,2.456,30.4,1752243692097
0.0,0.0,2.424,30.4,1752243692233
0.0,0.0,2.424,30.4,1752243692331
0.0,0.0,2.414,30.4,1752243692507
0.0,0.0,2.424,30.4,1752243692611
0.0,0.0,2.476,30.4,1752243692783
0.0,0.0,2.476,30.4,1752243692887
31.709997177124023,-97.18824768066406,2.476,30.4,1752243693000
0.0,0.0,2.466,30.4,1752243693305
0.0,0.0,2.487,30.4,1752243693389
0.0,0.0,2.476,30.4,1752243693514
0.0,0.0,2.466,30.4,1752243693587
0.0,0.0,2.487,30.4,1752243693712
0.0,0.0,2.487,30.4,1752243693786
0.0,0.0,2.487,30.4,1752243693915
0.0,0.0,2.487,30.4,1752243693989
0.0,0.0,2.497,30.4,1752243694114
0.0,0.0,2.456,30.4,1752243694195
0.0,0.0,2.435,30.4,1752243694327
0.0,0.0,2.435,30.4,1752243694421
0.0,0.0,2.466,30.4,1752243694597
0.0,0.0,2.435,30.4,1752243694701
0.0,0.0,2.456,30.4,1752243694877
0.0,0.0,2.456,30.4,1752243694975
31.71000099182129,-97.18824768066406,2.456,30.4,1752243695000
0.0,0.0,2.424,30.4,1752243695393
0.0,0.0,2.466,30.4,1752243695476
0.0,0.0,2.466,30.4,1752243695600
0.0,0.0,2.476,30.4,1752243695674
0.0,0.0,2.466,30.4,1752243695801
0.0,0.0,2.476,30.4,1752243695875
0.0,0.0,2.466,30.4,1752243695998
0.0,0.0,2.476,30.4,1752243696069
0.0,0.0,2.435,30.4,1752243696195
0.0,0.0,2.435,30.4,1752243696277
0.0,0.0,2.414,30.4,1752243696433
0.0,0.0,2.424,30.4,1752243696534
0.0,0.0,2.445,30.4,1752243696709
0.0,0.0,2.372,30.4,1752243696804
0.0,0.0,2.341,30.4,1752243696978
31.710004806518555,-97.1882553100586,2.341,30.4,1752243697000
0.0,0.0,2.341,30.4,1752243697442
0.0,0.0,2.351,30.4,1752243697505
0.0,0.0,2.331,30.4,1752243697630
0.0,0.0,2.331,30.4,1752243697703
0.0,0.0,2.32,30.4,1752243697826
0.0,0.0,2.32,30.4,1752243697899
0.0,0.0,2.331,30.4,1752243698022
0.0,0.0,2.383,30.4,1752243698095
0.0,0.0,2.383,30.4,1752243698222
0.0,0.0,2.372,30.4,1752243698328
0.0,0.0,2.404,30.4,1752243698501
0.0,0.0,2.404,30.4,1752243698601
0.0,0.0,2.414,30.4,1752243698767
0.0,0.0,2.393,30.4,1752243698868
31.710010528564453,-97.1882553100586,2.393,30.4,1752243699000
0.0,0.0,2.383,30.4,1752243699281
0.0,0.0,2.393,30.4,1752243699363
0.0,0.0,2.456,30.4,1752243699485
0.0,0.0,2.466,30.4,1752243699560
0.0,0.0,2.456,30.4,1752243699683
0.0,0.0,2.414,30.4,1752243699756
0.0,0.0,2.424,30.4,1752243699876
0.0,0.0,2.435,30.4,1752243699949
0.0,0.0,2.466,30.4,1752243700071
0.0,0.0,2.518,30.4,1752243700142
0.0,0.0,2.528,30.4,1752243700277
0.0,0.0,2.539,30.4,1752243700379
0.0,0.0,2.56,30.4,1752243700544
0.0,0.0,2.601,30.4,1752243700644
0.0,0.0,2.549,30.4,1752243700817
0.0,0.0,2.539,30.4,1752243700912
31.71001434326172,-97.1882553100586,2.539,30.4,1752243701000
0.0,0.0,2.549,30.4,1752243701335
0.0,0.0,2.57,30.4,1752243701419
0.0,0.0,2.57,30.4,1752243701540
0.0,0.0,2.591,30.4,1752243701612
0.0,0.0,2.58,30.4,1752243701734
0.0,0.0,2.549,30.4,1752243701805
0.0,0.0,2.56,30.4,1752243701926
0.0,0.0,2.601,30.4,1752243701999
0.0,0.0,1.998,29.8,1752243833223
0.0,0.0,1.977,29.8,1752243833321
0.0,0.0,1.977,29.8,1752243833436
0.0,0.0,1.946,29.8,1752243833541
0.0,0.0,1.946,29.8,1752243833647
0.0,0.0,1.914,29.8,1752243833719
0.0,0.0,1.883,29.8,1752243833823
0.0,0.0,1.862,29.8,1752243833928
0.0,0.0,1.831,29.8,1752243834000
0.0,0.0,1.81,29.8,1752243834076
0.0,0.0,1.81,29.8,1752243834214
0.0,0.0,1.769,29.8,1752243834322
0.0,0.0,1.769,29.8,1752243834426
0.0,0.0,1.769,29.8,1752243834536
0.0,0.0,1.769,29.8,1752243834643
0.0,0.0,1.8,29.8,1752243834750
0.0,0.0,1.79,29.8,1752243834854
0.0,0.0,1.821,29.8,1752243834959
0.0,0.0,1.831,29.8,1752243835065
0.0,0.0,1.852,29.8,1752243835171
0.0,0.0,1.852,29.8,1752243835285
0.0,0.0,1.842,29.8,1752243835390
0.0,0.0,1.852,29.8,1752243835494
0.0,0.0,1.862,29.8,1752243835599
0.0,0.0,1.842,29.8,1752243835705
0.0,0.0,1.831,29.8,1752243835809
0.0,0.0,1.81,29.8,1752243835913
0.0,0.0,1.779,29.8,1752243836016
0.0,0.0,1.748,29.8,1752243836120
0.0,0.0,1.706,29.8,1752243836224
0.0,0.0,1.696,29.8,1752243836330
0.0,0.0,1.675,29.8,1752243836437
0.0,0.0,1.685,29.8,1752243836542
0.0,0.0,1.685,29.8,1752243836644
0.0,0.0,1.665,29.8,1752243836747
0.0,0.0,1.696,29.8,1752243836850
0.0,0.0,1.696,29.8,1752243836953
31.710134506225586,-97.188232421875,1.696,29.8,1752243837000
0.0,0.0,1.696,29.8,1752243837055
0.0,0.0,1.717,29.8,1752243837155
0.0,0.0,1.717,29.8,1752243837266
0.0,0.0,1.737,29.8,1752243837366
0.0,0.0,1.748,29.8,1752243837471
0.0,0.0,1.737,29.8,1752243837573
0.0,0.0,1.737,29.8,1752243837675
0.0,0.0,1.706,29.8,1752243837783
0.0,0.0,1.696,29.8,1752243837858
0.0,0.0,1.675,29.8,1752243837988
0.0,0.0,1.633,29.8,1752243838060
0.0,0.0,1.613,29.8,1752243838196
0.0,0.0,1.602,29.8,1752243838289
0.0,0.0,1.602,29.8,1752243838449
0.0,0.0,1.592,29.8,1752243838549
0.0,0.0,1.602,29.8,1752243838732
0.0,0.0,1.602,29.8,1752243838835
31.710142135620117,-97.18824005126953,1.581,29.8,1752243839000
0.0,0.0,1.581,29.8,1752243839018
0.0,0.0,1.571,29.8,1752243839373
0.0,0.0,1.592,29.8,1752243839511
0.0,0.0,1.581,29.8,1752243839587
0.0,0.0,1.592,29.8,1752243839756
0.0,0.0,1.623,29.8,1752243839822
0.0,0.0,1.623,29.8,1752243839952
31.71014976501465,-97.18824005126953,1.623,29.8,1752243840000
0.0,0.0,1.623,29.8,1752243840023
0.0,0.0,1.613,29.8,1752243840155
0.0,0.0,1.602,29.8,1752243840332
0.0,0.0,1.581,29.8,1752243840425
0.0,0.0,1.55,29.8,1752243840605
0.0,0.0,1.571,29.8,1752243840708
0.0,0.0,1.54,29.8,1752243840889
0.0,0.0,1.498,29.8,1752243840985
0.0,0.0,1.467,29.8,1752243841402
0.0,0.0,1.446,29.8,1752243841474
0.0,0.0,1.436,29.8,1752243841615
0.0,0.0,1.436,29.8,1752243841708
0.0,0.0,1.446,29.8,1752243841890
0.0,0.0,1.467,29.8,1752243841992
31.71015739440918,-97.18824005126953,1.467,29.8,1752243842000
0.0,0.0,1.446,29.8,1752243842167
0.0,0.0,1.446,29.8,1752243842411
0.0,0.0,1.467,29.8,1752243842697
0.0,0.0,1.456,29.8,1752243842829
0.0,0.0,1.456,29.8,1752243842905
0.0,0.0,1.477,29.8,1752243843033
0.0,0.0,1.477,29.8,1752243843105
0.0,0.0,1.456,29.8,1752243843255
0.0,0.0,1.436,29.8,1752243843354
0.0,0.0,1.425,29.8,1752243843535
0.0,0.0,1.384,29.8,1752243843636
0.0,0.0,1.352,29.8,1752243843817
0.0,0.0,1.342,29.8,1752243843919
31.710163116455078,-97.18824005126953,1.342,29.8,1752243844000
0.0,0.0,1.352,29.8,1752243844334
0.0,0.0,1.3,29.8,1752243844416
0.0,0.0,1.311,29.8,1752243844546
0.0,0.0,1.28,29.8,1752243844686
0.0,0.0,1.269,29.8,1752243844753
0.0,0.0,1.269,29.8,1752243844887
0.0,0.0,1.269,29.8,1752243844960
0.0,0.0,1.259,29.8,1752243845090
0.0,0.0,1.259,29.8,1752243845165
0.0,0.0,1.28,29.8,1752243845316
0.0,0.0,1.259,29.8,1752243845418
0.0,0.0,1.248,29.8,1752243845598
0.0,0.0,1.238,29.8,1752243845699
0.0,0.0,1.248,29.8,1752243845875
0.0,0.0,1.207,29.8,1752243845978
31.71017074584961,-97.18824768066406,1.207,29.8,1752243846000
0.0,0.0,1.196,29.8,1752243846397
0.0,0.0,1.175,29.8,1752243846477
0.0,0.0,1.134,29.8,1752243846606
0.0,0.0,1.113,29.8,1752243846678
0.0,0.0,1.092,29.8,1752243846814
0.0,0.0,1.071,29.8,1752243846888
0.0,0.0,1.051,29.8,1752243847021
0.0,0.0,1.051,29.8,1752243847094
0.0,0.0,1.04,29.8,1752243847249
0.0,0.0,1.03,29.8,1752243847357
0.0,0.0,1.04,29.8,1752243847593
0.0,0.0,1.04,30.0,1752243847687
0.0,0.0,1.051,30.0,1752243847919
31.710174560546875,-97.18824768066406,1.051,30.0,1752243848000
0.0,0.0,1.051,30.0,1752243848262
0.0,0.0,1.051,30.0,1752243848437
0.0,0.0,1.03,30.0,1752243848507
0.0,0.0,1.051,30.0,1752243848636
0.0,0.0,1.03,30.0,1752243848709
0.0,0.0,1.03,30.0,1752243848842
0.0,0.0,1.03,30.0,1752243848914
0.0,0.0,1.04,30.0,1752243849047
0.0,0.0,1.019,30.0,1752243849119
0.0,0.0,1.009,30.0,1752243849271
0.0,0.0,1.009,30.0,1752243849372
0.0,0.0,0.999,30.0,1752243849555
0.0,0.0,0.967,30.0,1752243849655
0.0,0.0,0.957,30.0,1752243849836
0.0,0.0,0.978,30.0,1752243849938
0.0,0.0,0.988,30.0,1752243850346
0.0,0.0,0.978,30.0,1752243850426
0.0,0.0,0.999,30.0,1752243850556
0.0,0.0,0.978,30.0,1752243850628
0.0,0.0,0.967,30.0,1752243850760
0.0,0.0,0.978,30.0,1752243850833
0.0,0.0,0.999,30.0,1752243850964
31.71018409729004,-97.18824768066406,0.999,30.0,1752243851000
0.0,0.0,1.009,30.0,1752243851038
0.0,0.0,1.019,30.0,1752243851168
0.0,0.0,1.03,30.0,1752243851250
0.0,0.0,1.04,30.0,1752243851383
0.0,0.0,1.03,30.0,1752243851455
0.0,0.0,1.019,30.0,1752243851586
0.0,0.0,1.03,30.0,1752243851658
0.0,0.0,0.999,30.0,1752243851790
0.0,0.0,1.019,30.0,1752243851861
0.0,0.0,1.009,30.0,1752243851996
0.0,0.0,1.009,30.0,1752243852068
0.0,0.0,0.988,30.0,1752243852208
0.0,0.0,0.988,30.0,1752243852300
0.0,0.0,0.988,30.0,1752243852481
0.0,0.0,0.999,30.0,1752243852582
0.0,0.0,0.999,30.0,1752243852760
0.0,0.0,0.999,30.0,1752243852858
31.710189819335938,-97.1882553100586,0.999,30.0,1752243853000
0.0,0.0,0.999,30.0,1752243853034
0.0,0.0,0.999,30.0,1752243853386
0.0,0.0,1.019,30.0,1752243853523
0.0,0.0,0.999,30.0,1752243853595
0.0,0.0,0.999,30.0,1752243853726
0.0,0.0,1.009,30.0,1752243853797
0.0,0.0,1.019,30.0,1752243853933
0.0,0.0,0.999,30.0,1752243854005
0.0,0.0,0.988,30.0,1752243854136
0.0,0.0,0.978,30.0,1752243854228
0.0,0.0,0.947,30.0,1752243854407
0.0,0.0,0.926,30.0,1752243854507
0.0,0.0,0.905,30.0,1752243854687
0.0,0.0,0.884,30.0,1752243854791
0.0,0.0,0.863,30.0,1752243854961
0.0,0.0,0.863,30.0,1752243855307
0.0,0.0,0.853,30.0,1752243855444
0.0,0.0,0.853,30.0,1752243855517
0.0,0.0,0.842,30.0,1752243855647
0.0,0.0,0.853,30.0,1752243855719
0.0,0.0,0.842,30.0,1752243855849
0.0,0.0,0.842,30.0,1752243855923
31.71019744873047,-97.1882553100586,0.853,30.0,1752243856000
0.0,0.0,0.853,30.0,1752243856054
0.0,0.0,0.853,30.0,1752243856126
0.0,0.0,0.874,30.0,1752243856266
0.0,0.0,0.884,30.0,1752243856339
0.0,0.0,0.884,30.0,1752243856472
0.0,0.0,0.874,30.0,1752243856544
0.0,0.0,0.874,30.0,1752243856677
0.0,0.0,0.863,30.0,1752243856749
0.0,0.0,0.853,30.0,1752243856881
0.0,0.0,0.842,30.0,1752243856954
0.0,0.0,0.832,30.0,1752243857086
0.0,0.0,0.822,30.0,1752243857157
0.0,0.0,0.822,30.0,1752243857333
0.0,0.0,0.822,30.0,1752243857437
0.0,0.0,0.811,30.0,1752243857616
0.0,0.0,0.801,30.0,1752243857717
0.0,0.0,0.79,30.0,1752243857890
0.0,0.0,0.801,30.0,1752243857990
31.710201263427734,-97.18826293945312,0.801,30.0,1752243858000
0.0,0.0,0.801,30.0,1752243858404
0.0,0.0,0.801,30.0,1752243858484
0.0,0.0,0.79,30.0,1752243858613
0.0,0.0,0.801,30.0,1752243858685
0.0,0.0,0.811,30.0,1752243858817
0.0,0.0,0.822,30.0,1752243858890
0.0,0.0,0.801,30.0,1752243859020
0.0,0.0,0.811,30.0,1752243859092
0.0,0.0,0.801,30.0,1752243859249
0.0,0.0,0.79,30.0,1752243859359
0.0,0.0,0.79,30.0,1752243859536
0.0,0.0,0.811,30.0,1752243859637
0.0,0.0,0.79,30.0,1752243859808
0.0,0.0,0.77,30.0,1752243859908
31.710206985473633,-97.18826293945312,0.77,30.0,1752243860000
0.0,0.0,0.759,30.0,1752243860395
0.0,0.0,0.77,30.0,1752243860458
0.0,0.0,0.759,30.0,1752243860585
0.0,0.0,0.738,30.0,1752243860661
0.0,0.0,0.738,30.0,1752243860791
0.0,0.0,0.718,30.0,1752243860863
0.0,0.0,0.718,30.0,1752243860991
0.0,0.0,0.718,30.0,1752243861064
0.0,0.0,0.686,30.0,1752243861198
0.0,0.0,0.655,30.0,1752243861289
0.0,0.0,0.655,30.0,1752243861454
0.0,0.0,0.666,30.0,1752243861555
0.0,0.0,0.686,30.0,1752243861734
0.0,0.0,0.666,30.0,1752243861835
31.7102108001709,-97.18827056884766,0.676,30.0,1752243862000
0.0,0.0,0.676,30.0,1752243862010
0.0,0.0,0.697,30.0,1752243862364
0.0,0.0,0.707,30.0,1752243862498
0.0,0.0,0.728,30.0,1752243862569
0.0,0.0,0.728,30.0,1752243862702
0.0,0.0,0.738,30.0,1752243862776
0.0,0.0,0.759,30.0,1752243862905
0.0,0.0,0.759,30.0,1752243862976
0.0,0.0,0.78,30.0,1752243863107
0.0,0.0,0.759,30.0,1752243863182
0.0,0.0,0.749,30.0,1752243863340
0.0,0.0,0.738,30.0,1752243863441
0.0,0.0,0.728,30.0,1752243863615
0.0,0.0,0.728,30.0,1752243863715
0.0,0.0,0.697,30.0,1752243863890
0.0,0.0,0.686,30.0,1752243863986
0.0,0.0,0.697,30.0,1752243864416
0.0,0.0,0.676,30.0,1752243864498
0.0,0.0,0.686,30.0,1752243864624
0.0,0.0,0.676,30.0,1752243864696
0.0,0.0,0.655,30.0,1752243864822
0.0,0.0,0.655,30.0,1752243864894
31.710220336914062,-97.18827056884766,0.666,30.0,1752243865000
0.0,0.0,0.666,30.0,1752243865022
0.0,0.0,0.676,30.0,1752243865096
0.0,0.0,0.666,30.0,1752243865230
0.0,0.0,0.666,30.0,1752243865307
0.0,0.0,0.666,30.0,1752243865436
0.0,0.0,0.645,30.0,1752243865508
0.0,0.0,0.634,30.0,1752243865637
0.0,0.0,0.634,30.0,1752243865709
0.0,0.0,0.624,30.0,1752243865835
0.0,0.0,0.634,30.0,1752243865910
0.0,0.0,0.676,30.0,1752243866036
0.0,0.0,0.676,30.0,1752243866108
0.0,0.0,0.686,30.0,1752243866269
0.0,0.0,0.697,30.0,1752243866365
0.0,0.0,0.707,30.0,1752243866543
0.0,0.0,0.728,30.0,1752243866643
0.0,0.0,0.718,30.0,1752243866819
0.0,0.0,0.749,30.0,1752243866920
31.710224151611328,-97.18827819824219,0.749,30.0,1752243867000
0.0,0.0,0.759,30.0,1752243867343
0.0,0.0,0.79,30.0,1752243867424
0.0,0.0,0.822,30.0,1752243867551
0.0,0.0,0.822,30.0,1752243867625
0.0,0.0,0.822,30.0,1752243867755
0.0,0.0,0.822,30.0,1752243867827
0.0,0.0,0.822,30.0,1752243867957
0.0,0.0,0.822,30.0,1752243868032
0.0,0.0,0.811,30.0,1752243868161
0.0,0.0,0.832,30.0,1752243868252
0.0,0.0,0.832,30.0,1752243868413
0.0,0.0,0.832,30.0,1752243868513
0.0,0.0,0.842,30.0,1752243868689
0.0,0.0,0.853,30.0,1752243868791
0.0,0.0,0.863,30.0,1752243868968
31.71022605895996,-97.18827819824219,0.863,30.0,1752243869000
0.0,0.0,0.884,30.0,1752243869332
0.0,0.0,0.884,30.0,1752243869467
0.0,0.0,0.874,30.0,1752243869541
0.0,0.0,0.905,30.0,1752243869669
0.0,0.0,0.957,30.0,1752243869741
0.0,0.0,0.999,30.0,1752243869874
0.0,0.0,0.988,30.0,1752243869946
0.0,0.0,1.019,30.0,1752243870072
0.0,0.0,1.009,30.0,1752243870146
0.0,0.0,1.009,30.0,1752243870292
0.0,0.0,1.04,30.0,1752243870392
0.0,0.0,1.051,30.0,1752243870569
0.0,0.0,1.071,30.0,1752243870669
0.0,0.0,1.134,30.0,1752243870845
0.0,0.0,1.186,30.0,1752243870944
31.71023178100586,-97.18827819824219,1.186,30.0,1752243871000
0.0,0.0,1.196,30.0,1752243871356
0.0,0.0,1.196,30.0,1752243871436
0.0,0.0,1.186,30.0,1752243871562
0.0,0.0,1.228,30.0,1752243871637
0.0,0.0,1.238,30.0,1752243871767
0.0,0.0,1.269,30.0,1752243871839
0.0,0.0,1.3,30.0,1752243871968
0.0,0.0,1.3,30.0,1752243872040
0.0,0.0,1.321,30.0,1752243872167
0.0,0.0,1.321,30.0,1752243872258
0.0,0.0,1.29,30.0,1752243872427
0.0,0.0,1.259,30.0,1752243872528
0.0,0.0,1.28,30.0,1752243872703
0.0,0.0,1.311,30.0,1752243872805
0.0,0.0,1.321,30.0,1752243872974
31.710235595703125,-97.18828582763672,1.321,30.0,1752243873000
0.0,0.0,1.332,30.0,1752243873320
0.0,0.0,1.3,30.0,1752243873453
0.0,0.0,1.321,30.0,1752243873525
0.0,0.0,1.321,30.0,1752243873653
0.0,0.0,1.352,30.0,1752243873730
0.0,0.0,1.352,30.0,1752243873855
0.0,0.0,1.363,30.0,1752243873927
0.0,0.0,1.394,30.0,1752243874053
0.0,0.0,1.425,30.0,1752243874124
0.0,0.0,1.436,30.0,1752243874284
0.0,0.0,1.436,30.0,1752243874388
0.0,0.0,1.446,30.0,1752243874564
0.0,0.0,1.446,30.0,1752243874667
0.0,0.0,1.477,30.0,1752243874837
0.0,0.0,1.467,30.0,1752243874938
31.710237503051758,-97.18828582763672,1.467,30.0,1752243875000
0.0,0.0,1.467,30.0,1752243875348
0.0,0.0,1.467,30.0,1752243875429
0.0,0.0,1.467,30.0,1752243875555
0.0,0.0,1.456,30.0,1752243875631
0.0,0.0,1.456,30.0,1752243875758
0.0,0.0,1.436,30.0,1752243875830
0.0,0.0,1.425,30.0,1752243875957
0.0,0.0,1.436,30.0,1752243876028
0.0,0.0,1.436,30.0,1752243876152
0.0,0.0,1.446,30.0,1752243876242
0.0,0.0,1.436,30.0,1752243876409
0.0,0.0,1.436,30.0,1752243876504
0.0,0.0,1.446,30.0,1752243876678
0.0,0.0,1.446,30.0,1752243876778
0.0,0.0,1.446,30.0,1752243876952
31.710241317749023,-97.18829345703125,1.446,30.0,1752243877000
0.0,0.0,1.456,30.0,1752243877305
0.0,0.0,1.456,30.0,1752243877439
0.0,0.0,1.456,30.0,1752243877514
0.0,0.0,1.477,30.0,1752243877639
0.0,0.0,1.477,30.0,1752243877710
0.0,0.0,1.477,30.0,1752243877836
0.0,0.0,1.477,30.0,1752243877909
31.71024513244629,-97.18829345703125,1.477,30.0,1752243878000
0.0,0.0,1.477,30.0,1752243878033
0.0,0.0,1.477,30.0,1752243878104
0.0,0.0,1.477,30.0,1752243878247
0.0,0.0,1.488,30.0,1752243878346
0.0,0.0,1.477,30.0,1752243878520
0.0,0.0,1.488,30.0,1752243878619
0.0,0.0,1.488,30.0,1752243878792
0.0,0.0,1.488,30.0,1752243878894
0.0,0.0,1.488,30.0,1752243879308
0.0,0.0,1.498,30.0,1752243879388
0.0,0.0,1.498,30.0,1752243879529
0.0,0.0,1.488,30.0,1752243879629
0.0,0.0,1.498,30.0,1752243879799
0.0,0.0,1.498,30.0,1752243879899
0.0,0.0,1.498,30.0,1752243880066
0.0,0.0,1.498,30.0,1752243880170
0.0,0.0,1.498,30.0,1752243880596
0.0,0.0,1.509,30.0,1752243880669
0.0,0.0,1.509,30.0,1752243880793
0.0,0.0,1.498,30.0,1752243880864
0.0,0.0,1.498,30.0,1752243880988
31.710248947143555,-97.18829345703125,1.498,30.0,1752243881000
0.0,0.0,1.498,30.0,1752243881058
0.0,0.0,1.498,30.0,1752243881192
0.0,0.0,1.509,30.0,1752243881277
0.0,0.0,1.509,30.0,1752243881400
0.0,0.0,1.509,30.0,1752243881471
0.0,0.0,1.498,30.0,1752243881596
0.0,0.0,1.509,30.0,1752243881667
0.0,0.0,1.519,30.0,1752243881792
0.0,0.0,1.519,30.0,1752243881863
0.0,0.0,1.519,30.0,1752243881986
31.710250854492188,-97.18830108642578,1.519,30.0,1752243882000
0.0,0.0,1.519,30.0,1752243882056
0.0,0.0,1.519,30.0,1752243882179
0.0,0.0,1.519,30.0,1752243882269
0.0,0.0,1.519,30.0,1752243882432
0.0,0.0,1.519,30.0,1752243882531
0.0,0.0,1.519,30.0,1752243882703
0.0,0.0,1.519,30.0,1752243882809
0.0,0.0,1.529,30.0,1752243882974
0.0,0.0,1.519,30.0,1752243883325
0.0,0.0,1.519,30.0,1752243883457
0.0,0.0,1.529,30.0,1752243883536
0.0,0.0,1.529,30.0,1752243883706
0.0,0.0,1.529,30.0,1752243883805
0.0,0.0,1.529,30.0,1752243883978
0.0,0.0,1.519,30.0,1752243884074
0.0,0.0,1.519,30.0,1752243884254
0.0,0.0,1.529,30.0,1752243884618
0.0,0.0,1.529,30.0,1752243884743
0.0,0.0,1.529,30.0,1752243884815
0.0,0.0,1.529,30.0,1752243884938
31.710256576538086,-97.18830871582031,1.529,30.0,1752243885000
0.0,0.0,1.529,30.0,1752243885009
0.0,0.0,1.529,30.0,1752243885136
0.0,0.0,1.519,30.0,1752243885218
0.0,0.0,1.519,30.0,1752243885343
0.0,0.0,1.498,30.0,1752243885416
0.0,0.0,1.498,30.0,1752243885539
0.0,0.0,1.498,30.0,1752243885610
0.0,0.0,1.477,30.0,1752243885733
0.0,0.0,1.467,30.0,1752243885804
0.0,0.0,1.456,30.0,1752243885930
31.710262298583984,-97.18830871582031,1.467,30.0,1752243886000
0.0,0.0,1.467,30.0,1752243886001
0.0,0.0,1.446,30.0,1752243886126
0.0,0.0,1.394,30.0,1752243886218
0.0,0.0,1.404,30.0,1752243886383
0.0,0.0,1.404,30.0,1752243886483
0.0,0.0,1.415,30.0,1752243886660
0.0,0.0,1.425,30.0,1752243886759
0.0,0.0,1.436,30.0,1752243886927
0.0,0.0,1.467,30.0,1752243887282
0.0,0.0,1.446,30.0,1752243887407
0.0,0.0,1.456,30.0,1752243887486
0.0,0.0,1.446,30.0,1752243887647
0.0,0.0,1.415,30.0,1752243887745
0.0,0.0,1.425,30.0,1752243887914
31.71026611328125,-97.18831634521484,1.477,30.0,1752243888000
0.0,0.0,1.477,30.0,1752243888014
0.0,0.0,1.425,30.0,1752243888188
0.0,0.0,1.384,30.0,1752243888556
0.0,0.0,1.332,30.0,1752243888683
0.0,0.0,1.269,30.0,1752243888758
0.0,0.0,1.207,30.0,1752243888885
0.0,0.0,1.134,30.0,1752243888956
0.0,0.0,1.103,30.0,1752243889085
0.0,0.0,1.051,30.0,1752243889156
0.0,0.0,1.03,30.0,1752243889311
0.0,0.0,1.009,30.0,1752243889475
0.0,0.0,0.957,30.0,1752243889608
0.0,0.0,0.884,30.0,1752243889707
0.0,0.0,0.895,30.0,1752243889879
0.0,0.0,0.895,30.0,1752243889978
31.710269927978516,-97.18831634521484,0.895,30.0,1752243890000
0.0,0.0,0.905,30.0,1752243890383
0.0,0.0,0.915,30.0,1752243890457
0.0,0.0,0.936,30.0,1752243890589
0.0,0.0,0.957,30.0,1752243890660
0.0,0.0,0.978,30.0,1752243890786
0.0,0.0,1.009,30.0,1752243890857
0.0,0.0,1.009,30.0,1752243890983
0.0,0.0,0.999,30.0,1752243891056
0.0,0.0,0.999,30.0,1752243891179
0.0,0.0,1.009,30.0,1752243891270
0.0,0.0,0.999,30.0,1752243891438
0.0,0.0,0.988,30.0,1752243891537
0.0,0.0,0.988,30.0,1752243891707
0.0,0.0,0.978,30.0,1752243891806
0.0,0.0,0.967,30.0,1752243891980
31.71027374267578,-97.18832397460938,0.967,30.0,1752243892000
0.0,0.0,0.957,30.0,1752243892321
0.0,0.0,0.947,30.0,1752243892453
0.0,0.0,0.926,30.0,1752243892528
0.0,0.0,0.936,30.0,1752243892652
0.0,0.0,0.936,30.0,1752243892723
0.0,0.0,0.947,30.0,1752243892846
0.0,0.0,0.957,30.0,1752243892917
0.0,0.0,0.967,30.0,1752243893039
0.0,0.0,0.947,30.0,1752243893110
0.0,0.0,0.957,30.0,1752243893264
0.0,0.0,0.957,30.0,1752243893364
0.0,0.0,0.957,30.0,1752243893536
0.0,0.0,0.957,30.0,1752243893637
0.0,0.0,0.947,30.0,1752243893808
0.0,0.0,0.957,30.0,1752243893907
31.710277557373047,-97.18832397460938,0.957,30.0,1752243894000
0.0,0.0,0.947,30.0,1752243894322
0.0,0.0,0.947,30.0,1752243894405
0.0,0.0,0.947,30.0,1752243894533
0.0,0.0,0.936,30.0,1752243894605
0.0,0.0,0.936,30.0,1752243894727
0.0,0.0,0.936,30.0,1752243894798
0.0,0.0,0.936,30.0,1752243894922
0.0,0.0,0.926,30.0,1752243894992
0.0,0.0,0.936,30.0,1752243895115
0.0,0.0,0.905,30.0,1752243895189
0.0,0.0,0.895,30.0,1752243895329
0.0,0.0,0.895,30.0,1752243895428
0.0,0.0,0.874,30.0,1752243895601
0.0,0.0,0.853,30.0,1752243895701
0.0,0.0,0.52,30.0,1752245440639
0.0,0.0,0.52,30.0,1752245441519
0.0,0.0,0.541,30.0,1752245441778
0.0,0.0,0.551,30.0,1752245442067
0.0,0.0,0.572,30.0,1752245443196
0.0,0.0,0.572,30.0,1752245443752
31.70962905883789,-97.18800354003906,0.666,30.0,1752245444000
0.0,0.0,0.666,30.0,1752245444040
0.0,0.0,0.718,30.0,1752245444330
0.0,0.0,0.79,30.0,1752245444616
31.70962905883789,-97.1880111694336,0.79,30.0,1752245445000
0.0,0.0,0.79,30.0,1752245445478
0.0,0.0,0.811,30.0,1752245445771
31.709625244140625,-97.1880111694336,0.811,30.0,1752245446000
0.0,0.0,0.811,30.0,1752245446245
0.0,0.0,0.884,30.2,1752245446554
0.0,0.0,0.926,30.2,1752245446978
0.0,0.0,0.905,30.2,1752245447262
0.0,0.0,0.957,30.2,1752245447571
0.0,0.0,0.936,30.2,1752245448000
31.709636688232422,-97.18801879882812,0.936,30.2,1752245448000
0.0,0.0,0.999,30.2,1752245448567
0.0,0.0,0.926,30.2,1752245448853
0.0,0.0,0.915,30.2,1752245449135
0.0,0.0,0.926,30.2,1752245449450
0.0,0.0,0.999,30.2,1752245449885
0.0,0.0,1.019,30.2,1752245450174
0.0,0.0,1.051,30.2,1752245450469
0.0,0.0,0.988,30.2,1752245450759
31.709644317626953,-97.18803405761719,0.947,30.2,1752245451000
0.0,0.0,0.947,30.2,1752245451043
0.0,0.0,0.988,30.2,1752245451336
0.0,0.0,0.947,30.2,1752245451909
31.709644317626953,-97.18802642822266,0.947,30.2,1752245452000
0.0,0.0,1.009,30.2,1752245452483
0.0,0.0,0.926,30.2,1752245452798
0.0,0.0,0.978,30.2,1752245453246
0.0,0.0,0.957,30.2,1752245455072
0.0,0.0,0.915,30.2,1752245456510
0.0,0.0,0.895,30.2,1752245456803
0.0,0.0,0.853,30.2,1752245457655
0.0,0.0,0.811,30.2,1752245458223
0.0,0.0,0.863,30.2,1752245458661
0.0,0.0,0.874,30.2,1752245458967
31.70965576171875,-97.18802642822266,0.874,30.2,1752245459000
0.0,0.0,0.832,30.2,1752245459557
0.0,0.0,0.874,30.2,1752245459849
0.0,0.0,0.842,30.2,1752245460147
0.0,0.0,0.874,30.2,1752245460493
0.0,0.0,0.863,30.2,1752245460956
31.709657669067383,-97.18802642822266,0.863,30.2,1752245461000
0.0,0.0,0.895,30.2,1752245461258
0.0,0.0,0.967,30.2,1752245461862
0.0,0.0,0.936,30.2,1752245462161
0.0,0.0,0.988,30.2,1752245462442
0.0,0.0,1.04,30.2,1752245462516
0.0,0.0,1.03,30.2,1752245462584
0.0,0.0,1.009,30.2,1752245462657
0.0,0.0,0.957,30.2,1752245462731
0.0,0.0,0.905,30.2,1752245462918
0.0,0.0,0.874,30.2,1752245462979
31.70966148376465,-97.18802642822266,0.874,30.2,1752245463000
0.0,0.0,0.842,30.2,1752245463033
0.0,0.0,0.811,30.2,1752245463094
0.0,0.0,0.811,30.2,1752245463148
0.0,0.0,0.738,30.2,1752245463214
0.0,0.0,0.749,30.2,1752245463272
0.0,0.0,0.728,30.2,1752245463334
0.0,0.0,0.634,30.2,1752245463389
0.0,0.0,0.624,30.2,1752245463450
0.0,0.0,0.624,30.2,1752245463504
0.0,0.0,0.645,30.2,1752245463584
0.0,0.0,0.707,30.2,1752245463653
0.0,0.0,0.686,30.2,1752245463786
0.0,0.0,0.666,30.2,1752245463844
0.0,0.0,0.686,30.2,1752245463929
0.0,0.0,0.666,30.2,1752245463992
31.709667205810547,-97.18803405761719,0.666,30.2,1752245464000
0.0,0.0,0.697,30.2,1752245464078
0.0,0.0,0.728,30.2,1752245464148
0.0,0.0,0.707,30.2,1752245464261
0.0,0.0,0.77,30.2,1752245464337
0.0,0.0,0.749,30.2,1752245464444
0.0,0.0,0.749,30.2,1752245464517
0.0,0.0,0.738,30.2,1752245464626
0.0,0.0,0.697,30.2,1752245464812
0.0,0.0,0.676,30.2,1752245464900
0.0,0.0,0.666,30.2,1752245464958
31.709665298461914,-97.18803405761719,0.666,30.2,1752245465000
0.0,0.0,0.655,30.2,1752245465046
0.0,0.0,0.624,30.2,1752245465104
0.0,0.0,0.624,30.2,1752245465222
0.0,0.0,0.614,30.2,1752245465294
0.0,0.0,0.614,30.2,1752245465402
0.0,0.0,0.593,30.2,1752245465441
0.0,0.0,0.582,30.2,1752245465473
0.0,0.0,0.582,30.2,1752245465523
0.0,0.0,0.593,30.2,1752245465595
0.0,0.0,0.614,30.2,1752245465818
0.0,0.0,0.614,30.2,1752245465874
0.0,0.0,0.614,30.2,1752245465959
31.709667205810547,-97.18803405761719,0.603,30.2,1752245466000
0.0,0.0,0.603,30.2,1752245466019
0.0,0.0,0.603,30.2,1752245466109
0.0,0.0,0.624,30.2,1752245466189
0.0,0.0,0.624,30.2,1752245466302
0.0,0.0,0.634,30.2,1752245466379
0.0,0.0,0.624,30.2,1752245466488
0.0,0.0,0.624,30.2,1752245466564
0.0,0.0,0.603,30.2,1752245466668
0.0,0.0,0.603,30.2,1752245466853
0.0,0.0,0.603,30.2,1752245466897
0.0,0.0,0.603,30.2,1752245466942
0.0,0.0,0.603,30.2,1752245466987
31.709667205810547,-97.18804168701172,0.603,30.2,1752245467000
0.0,0.0,0.593,30.2,1752245467018
0.0,0.0,0.582,30.2,1752245467065
0.0,0.0,0.582,30.2,1752245467128
0.0,0.0,0.593,30.2,1752245467186
0.0,0.0,0.603,30.2,1752245467228
0.0,0.0,0.603,30.2,1752245467283
0.0,0.0,0.603,30.2,1752245467356
0.0,0.0,0.614,30.2,1752245467413
0.0,0.0,0.624,30.2,1752245467466
0.0,0.0,0.624,30.2,1752245467503
0.0,0.0,0.624,30.2,1752245467553
0.0,0.0,0.624,30.2,1752245467629
0.0,0.0,0.624,30.2,1752245467683
0.0,0.0,0.624,30.2,1752245467849
0.0,0.0,0.614,30.2,1752245467877
0.0,0.0,0.603,30.2,1752245467923
0.0,0.0,0.593,30.2,1752245467982
31.709671020507812,-97.18804168701172,0.593,30.2,1752245468000
0.0,0.0,0.593,30.2,1752245468028
0.0,0.0,0.593,30.2,1752245468058
0.0,0.0,0.614,30.2,1752245468103
0.0,0.0,0.614,30.2,1752245468172
0.0,0.0,0.614,30.2,1752245468230
0.0,0.0,0.614,30.2,1752245468268
0.0,0.0,0.614,30.2,1752245468321
0.0,0.0,0.614,30.2,1752245468401
0.0,0.0,0.614,30.2,1752245468458
0.0,0.0,0.614,30.2,1752245468515
0.0,0.0,0.614,30.2,1752245468552
0.0,0.0,0.614,30.2,1752245468605
0.0,0.0,0.614,30.2,1752245468677
0.0,0.0,0.614,30.2,1752245468847
0.0,0.0,0.582,30.2,1752245468891
0.0,0.0,0.593,30.2,1752245468920
0.0,0.0,0.593,30.2,1752245468966
31.709672927856445,-97.18804168701172,0.593,30.2,1752245469000
0.0,0.0,0.593,30.2,1752245469030
0.0,0.0,0.593,30.2,1752245469076
0.0,0.0,0.593,30.2,1752245469105
0.0,0.0,0.593,30.2,1752245469171
0.0,0.0,0.593,30.2,1752245469248
0.0,0.0,0.603,30.2,1752245469302
0.0,0.0,0.603,30.2,1752245469338
0.0,0.0,0.603,30.2,1752245469392
0.0,0.0,0.603,30.2,1752245469468
0.0,0.0,0.624,30.2,1752245469525
0.0,0.0,0.614,30.2,1752245469587
0.0,0.0,0.614,30.2,1752245469623
0.0,0.0,0.603,30.2,1752245469670
0.0,0.0,0.593,30.2,1752245469860
0.0,0.0,0.593,30.2,1752245469906
0.0,0.0,0.593,30.2,1752245469952
0.0,0.0,0.593,30.2,1752245469981
31.70967674255371,-97.18804168701172,0.593,30.2,1752245470000
0.0,0.0,0.582,30.2,1752245470030
0.0,0.0,0.582,30.2,1752245470095
0.0,0.0,0.582,30.2,1752245470142
0.0,0.0,0.572,30.2,1752245470181
0.0,0.0,0.582,30.2,1752245470239
0.0,0.0,0.582,30.2,1752245470318
0.0,0.0,0.582,30.2,1752245470373
0.0,0.0,0.582,30.2,1752245470410
0.0,0.0,0.582,30.2,1752245470464
0.0,0.0,0.582,30.4,1752245470541
0.0,0.0,0.582,30.4,1752245470604
0.0,0.0,0.582,30.4,1752245470664
0.0,0.0,0.593,30.4,1752245470698
0.0,0.0,0.593,30.4,1752245470870
0.0,0.0,0.593,30.4,1752245470939
0.0,0.0,0.593,30.4,1752245470986
31.70968246459961,-97.18804168701172,0.593,30.4,1752245471000
31.70968246459961,-97.18804931640625,0.593,30.4,1752245471000
0.0,0.0,0.593,30.4,1752245471034
0.0,0.0,0.582,30.4,1752245471064
0.0,0.0,0.593,30.4,1752245471213
0.0,0.0,0.593,30.4,1752245471257
0.0,0.0,0.593,30.4,1752245471291
0.0,0.0,0.593,30.4,1752245471430
0.0,0.0,0.603,30.4,1752245471467
0.0,0.0,0.603,30.4,1752245471504
0.0,0.0,0.582,30.4,1752245471579
0.0,0.0,0.582,30.4,1752245471663
0.0,0.0,0.572,30.4,1752245471797
0.0,0.0,0.572,30.4,1752245471826
0.0,0.0,0.572,30.4,1752245471874
0.0,0.0,0.572,30.4,1752245471938
0.0,0.0,0.572,30.4,1752245471995
31.709684371948242,-97.18804931640625,0.572,30.4,1752245472000
0.0,0.0,0.572,30.4,1752245472025
0.0,0.0,0.582,30.4,1752245472073
0.0,0.0,0.582,30.4,1752245472136
0.0,0.0,0.582,30.4,1752245472203
0.0,0.0,0.582,30.4,1752245472267
0.0,0.0,0.593,30.4,1752245472308
0.0,0.0,0.593,30.4,1752245472364
0.0,0.0,0.593,30.4,1752245472447
0.0,0.0,0.593,30.4,1752245472510
0.0,0.0,0.614,30.4,1752245472567
0.0,0.0,0.614,30.4,1752245472604
0.0,0.0,0.614,30.4,1752245472658
0.0,0.0,0.624,30.4,1752245472889
0.0,0.0,0.614,30.4,1752245472953
31.709686279296875,-97.18804931640625,0.624,30.4,1752245473000
0.0,0.0,0.624,30.4,1752245473012
0.0,0.0,0.634,30.4,1752245473049
0.0,0.0,0.634,30.4,1752245473104
0.0,0.0,0.634,30.4,1752245473187
0.0,0.0,0.634,30.4,1752245473401
0.0,0.0,0.634,30.4,1752245473462
0.0,0.0,0.634,30.4,1752245473500
0.0,0.0,0.624,30.4,1752245473556
0.0,0.0,0.614,30.2,1752245473636
0.0,0.0,0.614,30.2,1752245473697
0.0,0.0,0.614,30.2,1752245473868
0.0,0.0,0.614,30.2,1752245473898
0.0,0.0,0.593,30.2,1752245473948
31.70969009399414,-97.18804931640625,0.593,30.2,1752245474000
0.0,0.0,0.593,30.2,1752245474016
0.0,0.0,0.582,30.2,1752245474065
0.0,0.0,0.593,30.2,1752245474096
0.0,0.0,0.593,30.2,1752245474158
0.0,0.0,0.593,30.2,1752245474247
0.0,0.0,0.593,30.2,1752245474310
0.0,0.0,0.603,30.2,1752245474348
0.0,0.0,0.603,30.2,1752245474406
0.0,0.0,0.614,30.2,1752245474487
0.0,0.0,0.603,30.2,1752245474549
0.0,0.0,0.603,30.2,1752245474609
0.0,0.0,0.624,30.2,1752245474644
0.0,0.0,0.624,30.2,1752245474823
0.0,0.0,0.624,30.2,1752245474891
0.0,0.0,0.624,30.2,1752245474943
0.0,0.0,0.614,30.2,1752245474994
31.709693908691406,-97.18805694580078,0.614,30.2,1752245475000
0.0,0.0,0.634,30.2,1752245475023
0.0,0.0,0.634,30.2,1752245475076
0.0,0.0,0.624,30.2,1752245475143
0.0,0.0,0.614,30.2,1752245475205
0.0,0.0,0.614,30.2,1752245475246
0.0,0.0,0.614,30.2,1752245475307
0.0,0.0,0.624,30.2,1752245475389
0.0,0.0,0.614,30.2,1752245475451
0.0,0.0,0.624,30.2,1752245475511
0.0,0.0,0.634,30.2,1752245475549
0.0,0.0,0.634,30.2,1752245475607
0.0,0.0,0.645,30.2,1752245475694
0.0,0.0,0.645,30.2,1752245475876
0.0,0.0,0.634,30.2,1752245475930
0.0,0.0,0.645,30.2,1752245475964
31.70969581604004,-97.18805694580078,0.655,30.2,1752245476000
0.0,0.0,0.655,30.2,1752245476020
0.0,0.0,0.655,30.2,1752245476093
0.0,0.0,0.655,30.2,1752245476146
0.0,0.0,0.645,30.2,1752245476187
0.0,0.0,0.655,30.2,1752245476247
0.0,0.0,0.655,30.2,1752245476324
0.0,0.0,0.655,30.2,1752245476385
0.0,0.0,0.666,30.2,1752245476421
0.0,0.0,0.645,30.2,1752245476479
0.0,0.0,0.645,30.2,1752245476564
0.0,0.0,0.645,30.2,1752245476628
0.0,0.0,0.634,30.2,1752245476688
0.0,0.0,0.634,30.2,1752245476862
0.0,0.0,0.634,30.2,1752245476921
31.709699630737305,-97.18805694580078,0.624,30.2,1752245477000
0.0,0.0,0.624,30.2,1752245477007
0.0,0.0,0.624,30.2,1752245477061
0.0,0.0,0.645,30.2,1752245477167
0.0,0.0,0.645,30.2,1752245477225
0.0,0.0,0.634,30.2,1752245477279
0.0,0.0,0.624,30.2,1752245477316
0.0,0.0,0.634,30.2,1752245477374
0.0,0.0,0.634,30.2,1752245477458
0.0,0.0,0.634,30.2,1752245477522
0.0,0.0,0.634,30.2,1752245477581
0.0,0.0,0.634,30.2,1752245477618
0.0,0.0,0.634,30.2,1752245477891
0.0,0.0,0.645,30.2,1752245477926
0.0,0.0,0.645,30.2,1752245477973
31.709705352783203,-97.18805694580078,0.614,30.2,1752245478000
0.0,0.0,0.614,30.2,1752245478003
0.0,0.0,0.614,30.2,1752245478060
0.0,0.0,0.614,30.2,1752245478130
0.0,0.0,0.624,30.2,1752245478198
0.0,0.0,0.624,30.2,1752245478235
0.0,0.0,0.614,30.2,1752245478300
0.0,0.0,0.603,30.2,1752245478385
0.0,0.0,0.603,30.2,1752245478449
0.0,0.0,0.603,30.2,1752245478510
0.0,0.0,0.603,30.2,1752245478547
0.0,0.0,0.593,30.2,1752245478605
0.0,0.0,0.593,30.2,1752245478691
0.0,0.0,0.603,30.2,1752245478883
0.0,0.0,0.614,30.2,1752245478913
0.0,0.0,0.603,30.2,1752245478968
31.70970916748047,-97.18805694580078,0.603,30.2,1752245479000
0.0,0.0,0.603,30.2,1752245479041
0.0,0.0,0.603,30.2,1752245479093
0.0,0.0,0.603,30.2,1752245479123
0.0,0.0,0.603,30.2,1752245479184
0.0,0.0,0.603,30.2,1752245479267
0.0,0.0,0.593,30.2,1752245479329
0.0,0.0,0.582,30.2,1752245479366
0.0,0.0,0.593,30.2,1752245479425
0.0,0.0,0.593,30.2,1752245479521
0.0,0.0,0.572,30.4,1752245479582
0.0,0.0,0.561,30.4,1752245479620
0.0,0.0,0.572,30.4,1752245479682
0.0,0.0,0.572,30.4,1752245479907
0.0,0.0,0.572,30.4,1752245479958
0.0,0.0,0.572,30.4,1752245479988
31.709712982177734,-97.18805694580078,0.572,30.4,1752245480000
0.0,0.0,0.561,30.4,1752245480044
0.0,0.0,0.561,30.4,1752245480114
0.0,0.0,0.561,30.4,1752245480168
0.0,0.0,0.582,30.4,1752245480212
0.0,0.0,0.582,30.4,1752245480275
0.0,0.0,0.593,30.4,1752245480362
0.0,0.0,0.593,30.4,1752245480425
0.0,0.0,0.603,30.4,1752245480519
0.0,0.0,0.603,30.4,1752245480583
0.0,0.0,0.614,30.4,1752245480647
0.0,0.0,0.614,30.4,1752245480712
0.0,0.0,0.614,30.4,1752245480780
0.0,0.0,0.614,30.4,1752245480981
31.709714889526367,-97.18805694580078,0.614,30.4,1752245481000
0.0,0.0,0.614,30.4,1752245481033
0.0,0.0,0.614,30.4,1752245481087
0.0,0.0,0.603,30.4,1752245481118
0.0,0.0,0.614,30.4,1752245481183
0.0,0.0,0.593,30.4,1752245481270
0.0,0.0,0.593,30.4,1752245481335
0.0,0.0,0.582,30.4,1752245481373
0.0,0.0,0.603,30.4,1752245481433
0.0,0.0,0.593,30.4,1752245481522
0.0,0.0,0.593,30.4,1752245481591
0.0,0.0,0.593,30.4,1752245481657
0.0,0.0,0.603,30.4,1752245481726
0.0,0.0,0.603,30.4,1752245481877
0.0,0.0,0.593,30.4,1752245481954
31.709716796875,-97.18805694580078,0.614,30.4,1752245482000
0.0,0.0,0.614,30.4,1752245482010
0.0,0.0,0.614,30.4,1752245482041
0.0,0.0,0.624,30.4,1752245482092
0.0,0.0,0.614,30.4,1752245482166
0.0,0.0,0.624,30.4,1752245482238
0.0,0.0,0.614,30.4,1752245482304
0.0,0.0,0.614,30.4,1752245482342
0.0,0.0,0.624,30.4,1752245482492
0.0,0.0,0.655,30.4,1752245482535
0.0,0.0,0.655,30.2,1752245482597
0.0,0.0,0.634,30.2,1752245482636
0.0,0.0,0.634,30.2,1752245482881
0.0,0.0,0.634,30.2,1752245482941
0.0,0.0,0.624,30.2,1752245482992
31.709718704223633,-97.18805694580078,0.624,30.2,1752245483000
0.0,0.0,0.624,30.2,1752245483020
0.0,0.0,0.624,30.2,1752245483074
0.0,0.0,0.624,30.2,1752245483150
0.0,0.0,0.645,30.2,1752245483221
0.0,0.0,0.645,30.2,1752245483260
0.0,0.0,0.624,30.2,1752245483325
0.0,0.0,0.614,30.2,1752245483417
0.0,0.0,0.614,30.2,1752245483484
0.0,0.0,0.614,30.2,1752245483547
0.0,0.0,0.614,30.2,1752245483585
0.0,0.0,0.614,30.2,1752245483655
0.0,0.0,0.603,30.2,1752245483773
0.0,0.0,0.614,30.2,1752245483928
0.0,0.0,0.603,30.2,1752245483958
31.7097225189209,-97.18805694580078,0.603,30.2,1752245484000
0.0,0.0,0.603,30.2,1752245484015
0.0,0.0,0.603,30.2,1752245484090
0.0,0.0,0.603,30.2,1752245484144
0.0,0.0,0.614,30.2,1752245484206
0.0,0.0,0.603,30.2,1752245484271
0.0,0.0,0.582,30.2,1752245484362
0.0,0.0,0.582,30.2,1752245484427
0.0,0.0,0.593,30.2,1752245484464
0.0,0.0,0.593,30.2,1752245484629
0.0,0.0,0.603,30.2,1752245484670
0.0,0.0,0.593,30.2,1752245484862
0.0,0.0,0.603,30.2,1752245484893
0.0,0.0,0.593,30.2,1752245484949
31.7097225189209,-97.18805694580078,0.593,30.2,1752245485000
0.0,0.0,0.593,30.2,1752245485024
0.0,0.0,0.603,30.2,1752245485109
0.0,0.0,0.593,30.2,1752245485178
0.0,0.0,0.614,30.2,1752245485276
0.0,0.0,0.614,30.2,1752245485340
0.0,0.0,0.614,30.2,1752245485409
0.0,0.0,0.603,30.2,1752245485512
0.0,0.0,0.593,30.4,1752245485647
0.0,0.0,0.582,30.4,1752245485852
0.0,0.0,0.582,30.4,1752245485975
0.0,0.0,0.582,30.4,1752245486038
0.0,0.0,0.582,30.4,1752245486150
0.0,0.0,0.582,30.4,1752245486230
0.0,0.0,0.572,30.4,1752245486361
0.0,0.0,0.572,30.4,1752245486436
0.0,0.0,0.572,30.4,1752245486568
0.0,0.0,0.582,30.4,1752245486643
0.0,0.0,0.582,30.4,1752245486902
0.0,0.0,0.593,30.4,1752245486972
31.709728240966797,-97.18806457519531,0.593,30.4,1752245487000
0.0,0.0,0.593,30.4,1752245487085
0.0,0.0,0.614,30.4,1752245487150
0.0,0.0,0.614,30.4,1752245487276
0.0,0.0,0.614,30.4,1752245487337
0.0,0.0,0.614,30.4,1752245487451
0.0,0.0,0.614,30.4,1752245487516
0.0,0.0,0.614,30.4,1752245487623
0.0,0.0,0.614,30.4,1752245487694
0.0,0.0,0.614,30.4,1752245487800
0.0,0.0,0.603,30.4,1752245487862
0.0,0.0,0.614,30.4,1752245487973
31.709732055664062,-97.18806457519531,0.614,30.4,1752245488000
0.0,0.0,0.624,30.4,1752245488036
0.0,0.0,0.634,30.4,1752245488145
0.0,0.0,0.634,30.4,1752245488225
0.0,0.0,0.634,30.4,1752245488354
0.0,0.0,0.645,30.4,1752245488427
0.0,0.0,0.666,30.4,1752245488561
0.0,0.0,0.676,30.4,1752245488637
0.0,0.0,0.697,30.4,1752245488893
0.0,0.0,0.697,30.4,1752245488957
0.0,0.0,0.707,30.4,1752245489071
0.0,0.0,0.738,30.4,1752245489135
0.0,0.0,0.749,30.4,1752245489258
0.0,0.0,0.749,30.4,1752245489333
0.0,0.0,0.759,30.4,1752245489461
0.0,0.0,0.759,30.4,1752245489534
0.0,0.0,0.78,30.4,1752245489669
0.0,0.0,0.79,30.4,1752245489873
0.0,0.0,0.801,30.4,1752245489989
31.709733963012695,-97.18807220458984,0.801,30.4,1752245490000
0.0,0.0,0.79,30.4,1752245490053
0.0,0.0,0.801,30.4,1752245490171
0.0,0.0,0.811,30.4,1752245490242
0.0,0.0,0.842,30.4,1752245490350
0.0,0.0,0.842,30.4,1752245490413
0.0,0.0,0.853,30.4,1752245490521
0.0,0.0,0.874,30.4,1752245490588
0.0,0.0,0.905,30.4,1752245490699
0.0,0.0,0.926,30.4,1752245490762
0.0,0.0,0.936,30.4,1752245490870
0.0,0.0,0.957,30.4,1752245490935
31.709735870361328,-97.18807220458984,0.967,30.4,1752245491000
0.0,0.0,0.967,30.4,1752245491042
0.0,0.0,0.988,30.4,1752245491106
0.0,0.0,0.988,30.4,1752245491230
0.0,0.0,1.009,30.4,1752245491304
0.0,0.0,1.009,30.4,1752245491431
0.0,0.0,1.03,30.4,1752245491508
0.0,0.0,1.051,30.4,1752245491640
0.0,0.0,1.071,30.4,1752245491849
0.0,0.0,1.092,30.4,1752245491963
0.0,0.0,1.092,30.4,1752245492026
0.0,0.0,1.134,30.4,1752245492136
0.0,0.0,1.155,30.4,1752245492217
0.0,0.0,1.175,30.4,1752245492342
0.0,0.0,1.186,30.4,1752245492415
0.0,0.0,1.238,30.4,1752245492548
0.0,0.0,1.269,30.4,1752245492622
0.0,0.0,1.28,30.4,1752245492872
0.0,0.0,1.3,30.4,1752245492936
31.709739685058594,-97.18807220458984,1.332,30.4,1752245493000
0.0,0.0,1.332,30.4,1752245493049
0.0,0.0,1.352,30.4,1752245493116
0.0,0.0,1.384,30.4,1752245493234
0.0,0.0,1.404,30.4,1752245493325
0.0,0.0,1.404,30.4,1752245493423
0.0,0.0,1.404,30.4,1752245493489
0.0,0.0,1.425,30.4,1752245493596
0.0,0.0,1.436,30.4,1752245493662
0.0,0.0,1.436,30.4,1752245493763
0.0,0.0,1.415,30.4,1752245493827
0.0,0.0,1.446,30.4,1752245493931
0.0,0.0,1.446,30.4,1752245493996
31.70974349975586,-97.18807220458984,1.446,30.4,1752245494000
0.0,0.0,1.436,30.4,1752245494099
0.0,0.0,1.446,30.4,1752245494169
0.0,0.0,1.425,30.4,1752245494290
0.0,0.0,1.436,30.4,1752245494362
0.0,0.0,1.467,30.4,1752245494491
0.0,0.0,1.488,30.4,1752245494568
0.0,0.0,1.498,30.4,1752245494698
0.0,0.0,1.529,30.4,1752245494899
0.0,0.0,1.54,30.4,1752245495012
0.0,0.0,1.571,30.4,1752245495076
0.0,0.0,1.571,30.4,1752245495195
0.0,0.0,1.592,30.4,1752245495274
0.0,0.0,1.613,30.4,1752245495404
0.0,0.0,1.623,30.4,1752245495479
0.0,0.0,1.665,30.4,1752245495606
0.0,0.0,1.675,30.4,1752245495807
0.0,0.0,1.696,30.4,1752245495918
0.0,0.0,1.717,30.4,1752245495981
31.709749221801758,-97.18807983398438,1.717,30.4,1752245496000
0.0,0.0,1.737,30.4,1752245496091
0.0,0.0,1.748,30.4,1752245496157
0.0,0.0,1.758,30.4,1752245496289
0.0,0.0,1.769,30.4,1752245496363
0.0,0.0,1.779,30.4,1752245496472
0.0,0.0,1.79,30.4,1752245496538
0.0,0.0,1.81,30.4,1752245496652
0.0,0.0,1.831,30.4,1752245496718
0.0,0.0,1.842,30.4,1752245496828
0.0,0.0,1.842,30.4,1752245496894
31.70975112915039,-97.18807983398438,1.831,30.4,1752245497000
0.0,0.0,1.831,30.4,1752245497004
0.0,0.0,1.842,30.4,1752245497070
0.0,0.0,1.821,30.4,1752245497190
0.0,0.0,1.852,30.4,1752245497266
0.0,0.0,1.862,30.4,1752245497390
0.0,0.0,1.883,30.4,1752245497466
0.0,0.0,1.873,30.4,1752245497599
0.0,0.0,1.873,30.4,1752245497796
0.0,0.0,1.894,30.4,1752245497909
0.0,0.0,1.894,30.4,1752245497972
0.0,0.0,1.894,30.4,1752245498084
0.0,0.0,1.904,30.4,1752245498149
0.0,0.0,1.946,30.4,1752245498282
0.0,0.0,1.966,30.4,1752245498351
0.0,0.0,1.977,30.4,1752245498482
0.0,0.0,1.977,30.4,1752245498558
0.0,0.0,2.008,30.4,1752245498692
0.0,0.0,1.998,30.4,1752245498914
31.709754943847656,-97.18807983398438,2.018,30.4,1752245499000
0.0,0.0,2.018,30.4,1752245499027
0.0,0.0,2.029,30.4,1752245499093
0.0,0.0,2.039,30.4,1752245499214
0.0,0.0,2.039,30.4,1752245499290
0.0,0.0,2.039,30.4,1752245499405
0.0,0.0,2.05,30.4,1752245499469
0.0,0.0,2.06,30.4,1752245499583
0.0,0.0,2.05,30.4,1752245499649
0.0,0.0,2.05,30.4,1752245499764
0.0,0.0,2.081,30.4,1752245499830
0.0,0.0,2.06,30.4,1752245499941
31.709758758544922,-97.1880874633789,2.081,30.4,1752245500000
0.0,0.0,2.081,30.4,1752245500008
0.0,0.0,2.081,30.4,1752245500117
0.0,0.0,2.091,30.4,1752245500207
0.0,0.0,2.091,30.4,1752245500327
0.0,0.0,2.091,30.4,1752245500400
0.0,0.0,2.102,30.4,1752245500530
0.0,0.0,2.091,30.4,1752245500604
0.0,0.0,2.091,30.4,1752245500849
0.0,0.0,2.102,30.4,1752245500970
0.0,0.0,2.112,30.4,1752245501058
0.0,0.0,2.102,30.4,1752245501130
0.0,0.0,2.123,30.4,1752245501256
0.0,0.0,2.133,30.4,1752245501325
0.0,0.0,2.143,30.4,1752245501452
0.0,0.0,2.133,30.4,1752245501526
0.0,0.0,2.143,30.4,1752245501655
0.0,0.0,2.143,30.4,1752245501891
0.0,0.0,2.143,30.4,1752245501957
31.709762573242188,-97.1880874633789,2.143,30.4,1752245502000
0.0,0.0,2.154,30.4,1752245502067
0.0,0.0,2.175,30.4,1752245502157
0.0,0.0,2.195,30.4,1752245502264
0.0,0.0,2.206,30.4,1752245502333
0.0,0.0,2.206,30.4,1752245502442
0.0,0.0,2.185,30.4,1752245502508
0.0,0.0,2.195,30.4,1752245502619
0.0,0.0,2.195,30.4,1752245502686
0.0,0.0,2.227,30.4,1752245502797
0.0,0.0,2.227,30.4,1752245502864
0.0,0.0,2.216,30.4,1752245502973
31.709768295288086,-97.1880874633789,2.216,30.4,1752245503000
0.0,0.0,2.237,30.4,1752245503040
0.0,0.0,2.227,30.4,1752245503153
0.0,0.0,2.216,30.4,1752245503236
0.0,0.0,2.195,30.4,1752245503356
0.0,0.0,2.206,30.4,1752245503433
0.0,0.0,2.216,30.4,1752245503560
0.0,0.0,2.237,30.4,1752245503633
0.0,0.0,2.247,30.4,1752245503892
0.0,0.0,2.258,30.4,1752245503956
31.709774017333984,-97.1880874633789,2.258,30.4,1752245504000
0.0,0.0,2.247,30.4,1752245504067
0.0,0.0,2.258,30.4,1752245504140
0.0,0.0,2.258,30.4,1752245504269
0.0,0.0,2.268,30.4,1752245504339
0.0,0.0,2.268,30.4,1752245504470
0.0,0.0,2.279,30.4,1752245504544
0.0,0.0,2.289,30.4,1752245504680
0.0,0.0,2.268,30.4,1752245504921
0.0,0.0,2.279,30.4,1752245504987
0.0,0.0,2.279,30.4,1752245505099
0.0,0.0,2.279,30.4,1752245505171
0.0,0.0,2.279,30.4,1752245505298
0.0,0.0,2.279,30.4,1752245505369
0.0,0.0,2.268,30.4,1752245505507
0.0,0.0,2.268,30.4,1752245505584
0.0,0.0,2.258,30.4,1752245505722
0.0,0.0,2.268,30.4,1752245505959
31.70977783203125,-97.1880874633789,2.268,30.4,1752245506000
0.0,0.0,2.258,30.4,1752245506072
0.0,0.0,2.279,30.4,1752245506135
0.0,0.0,2.299,30.4,1752245506298
0.0,0.0,2.31,30.4,1752245506358
0.0,0.0,2.32,30.4,1752245506472
0.0,0.0,2.32,30.4,1752245506536
0.0,0.0,2.32,30.4,1752245506654
0.0,0.0,2.32,30.4,1752245506717
0.0,0.0,2.32,30.4,1752245506831
0.0,0.0,2.331,30.4,1752245506894
0.0,0.0,2.341,30.4,1752245507007
0.0,0.0,2.341,30.4,1752245507071
0.0,0.0,2.362,30.4,1752245507193
0.0,0.0,2.351,30.4,1752245507272
0.0,0.0,2.351,30.4,1752245507400
0.0,0.0,2.32,30.4,1752245507475
0.0,0.0,2.32,30.4,1752245507616
0.0,0.0,2.341,30.4,1752245507842
0.0,0.0,2.351,30.4,1752245507956
31.70978355407715,-97.1880874633789,2.362,30.4,1752245508000
0.0,0.0,2.362,30.4,1752245508020
0.0,0.0,2.362,30.4,1752245508137
0.0,0.0,2.372,30.4,1752245508209
0.0,0.0,2.414,30.4,1752245508330
0.0,0.0,2.404,30.4,1752245508395
0.0,0.0,2.372,30.4,1752245508509
0.0,0.0,2.383,30.4,1752245508573
0.0,0.0,2.383,30.4,1752245508688
0.0,0.0,2.414,30.4,1752245508755
0.0,0.0,2.414,30.4,1752245508865
0.0,0.0,2.393,30.4,1752245508935
31.709787368774414,-97.18809509277344,2.383,30.4,1752245509000
0.0,0.0,2.383,30.4,1752245509047
0.0,0.0,2.372,30.4,1752245509114
0.0,0.0,2.372,30.4,1752245509243
0.0,0.0,2.383,30.4,1752245509312
0.0,0.0,2.32,30.4,1752245509442
0.0,0.0,2.331,30.4,1752245509516
0.0,0.0,2.341,30.4,1752245509652
0.0,0.0,2.341,30.4,1752245509872
0.0,0.0,2.341,30.4,1752245509987
0.0,0.0,2.372,30.4,1752245510051
0.0,0.0,2.393,30.4,1752245510167
0.0,0.0,2.414,30.4,1752245510249
0.0,0.0,2.424,30.4,1752245510388
0.0,0.0,2.435,30.4,1752245510468
0.0,0.0,2.445,30.4,1752245510607
0.0,0.0,2.456,30.4,1752245510684
0.0,0.0,2.497,30.4,1752245510984
31.709789276123047,-97.18809509277344,2.497,30.4,1752245511000
0.0,0.0,2.497,30.4,1752245511048
0.0,0.0,2.528,30.4,1752245511161
0.0,0.0,2.56,30.4,1752245511233
0.0,0.0,2.56,30.4,1752245511352
0.0,0.0,2.539,30.4,1752245511424
0.0,0.0,2.539,30.4,1752245511539
0.0,0.0,2.57,30.4,1752245511606
0.0,0.0,2.549,30.4,1752245511718
0.0,0.0,2.56,30.4,1752245511785
0.0,0.0,2.56,30.4,1752245511897
0.0,0.0,2.549,30.4,1752245511961
31.709794998168945,-97.18809509277344,2.549,30.4,1752245512000
0.0,0.0,2.528,30.4,1752245512080
0.0,0.0,2.539,30.4,1752245512144
0.0,0.0,2.518,30.4,1752245512281
0.0,0.0,2.508,30.4,1752245512351
0.0,0.0,2.528,30.4,1752245512487
0.0,0.0,2.56,30.4,1752245512565
0.0,0.0,2.56,30.4,1752245512700
0.0,0.0,2.549,30.4,1752245512976
0.0,0.0,2.549,30.4,1752245513043
0.0,0.0,2.57,30.4,1752245513153
0.0,0.0,2.58,30.4,1752245513242
0.0,0.0,2.601,30.4,1752245513376
0.0,0.0,2.601,30.4,1752245513460
0.0,0.0,2.601,30.4,1752245513601
0.0,0.0,2.612,30.4,1752245513678
0.0,0.0,2.643,30.4,1752245513970
31.709800720214844,-97.18809509277344,2.643,30.4,1752245514000
0.0,0.0,2.653,30.4,1752245514034
0.0,0.0,2.664,30.4,1752245514148
0.0,0.0,2.685,30.4,1752245514220
0.0,0.0,2.705,30.4,1752245514335
0.0,0.0,2.695,30.2,1752245514399
0.0,0.0,2.685,30.2,1752245514529
0.0,0.0,2.685,30.2,1752245514596
0.0,0.0,2.664,30.2,1752245514707
0.0,0.0,2.695,30.2,1752245514774
0.0,0.0,2.695,30.2,1752245514885
0.0,0.0,2.685,30.2,1752245514952
31.709802627563477,-97.18809509277344,2.685,30.2,1752245515000
0.0,0.0,2.653,30.2,1752245515066
0.0,0.0,2.643,30.2,1752245515133
0.0,0.0,2.622,30.2,1752245515263
0.0,0.0,2.612,30.2,1752245515336
0.0,0.0,2.601,30.2,1752245515473
0.0,0.0,2.653,30.2,1752245515551
0.0,0.0,2.632,30.2,1752245515687
0.0,0.0,2.643,30.2,1752245515933
0.0,0.0,2.653,30.2,1752245516063
0.0,0.0,2.612,30.2,1752245516127
0.0,0.0,2.612,30.2,1752245516271
0.0,0.0,2.601,30.2,1752245516349
0.0,0.0,2.632,30.2,1752245516484
0.0,0.0,2.685,30.2,1752245516601
0.0,0.0,2.737,30.2,1752245516679
0.0,0.0,2.757,30.2,1752245516978
31.709810256958008,-97.18809509277344,2.757,30.2,1752245517000
0.0,0.0,2.809,30.2,1752245517044
0.0,0.0,2.747,30.2,1752245517158
0.0,0.0,2.757,30.2,1752245517230
0.0,0.0,2.768,30.2,1752245517349
0.0,0.0,2.778,30.2,1752245517414
0.0,0.0,2.778,30.2,1752245517526
0.0,0.0,2.768,30.2,1752245517592
0.0,0.0,2.809,30.2,1752245517716
0.0,0.0,2.799,30.2,1752245517782
0.0,0.0,2.768,30.2,1752245517897
0.0,0.0,2.695,30.2,1752245517963
0.0,0.0,2.674,30.2,1752245518078
0.0,0.0,2.601,30.2,1752245518145
0.0,0.0,2.653,30.2,1752245518278
0.0,0.0,2.685,30.2,1752245518359
0.0,0.0,2.674,30.2,1752245518495
0.0,0.0,2.674,30.2,1752245518573
0.0,0.0,2.674,30.2,1752245518711
0.0,0.0,2.674,30.2,1752245518957
31.709814071655273,-97.18809509277344,2.674,30.2,1752245519000
0.0,0.0,2.591,30.2,1752245519086
0.0,0.0,2.58,30.2,1752245519153
0.0,0.0,2.57,30.2,1752245519293
0.0,0.0,2.601,30.2,1752245519357
0.0,0.0,2.612,30.2,1752245519473
0.0,0.0,2.643,30.2,1752245519537
0.0,0.0,2.591,30.2,1752245519659
0.0,0.0,2.58,30.2,1752245519723
0.0,0.0,2.591,30.2,1752245519841
0.0,0.0,2.57,30.2,1752245519908
31.709819793701172,-97.18810272216797,2.56,30.2,1752245520000
0.0,0.0,2.56,30.2,1752245520021
0.0,0.0,2.539,30.2,1752245520086
0.0,0.0,2.57,30.2,1752245520225
0.0,0.0,2.57,30.2,1752245520307
0.0,0.0,2.601,30.2,1752245520445
0.0,0.0,2.601,30.2,1752245520529
0.0,0.0,2.601,30.2,1752245520671
0.0,0.0,2.601,30.2,1752245520916
0.0,0.0,2.643,30.2,1752245521048
0.0,0.0,2.653,30.2,1752245521112
0.0,0.0,2.643,30.2,1752245521254
0.0,0.0,2.664,30.2,1752245521334
0.0,0.0,2.653,30.2,1752245521470
0.0,0.0,2.653,30.2,1752245521579
0.0,0.0,2.632,30.2,1752245521657
0.0,0.0,2.643,30.2,1752245521957
31.70982551574707,-97.18810272216797,2.622,30.2,1752245522000
0.0,0.0,2.622,30.2,1752245522037
0.0,0.0,2.612,30.2,1752245522153
0.0,0.0,2.622,30.2,1752245522230
0.0,0.0,2.622,30.2,1752245522344
0.0,0.0,2.612,30.2,1752245522414
0.0,0.0,2.622,30.2,1752245522529
0.0,0.0,2.632,30.2,1752245522596
0.0,0.0,2.622,30.2,1752245522742
0.0,0.0,2.632,30.2,1752245522837
0.0,0.0,2.632,30.2,1752245522902
31.709827423095703,-97.18810272216797,2.643,30.2,1752245523000
0.0,0.0,2.643,30.2,1752245523017
0.0,0.0,2.685,30.2,1752245523083
0.0,0.0,2.685,30.2,1752245523238
0.0,0.0,2.674,30.2,1752245523320
0.0,0.0,2.674,30.2,1752245523457
0.0,0.0,2.674,30.2,1752245523535
0.0,0.0,2.674,30.2,1752245523674
0.0,0.0,2.664,30.2,1752245523915
0.0,0.0,2.674,30.2,1752245524061
0.0,0.0,2.685,30.2,1752245524125
0.0,0.0,2.695,30.2,1752245524267
0.0,0.0,2.685,30.2,1752245524346
0.0,0.0,2.705,30.2,1752245524483
0.0,0.0,2.674,30.2,1752245524561
0.0,0.0,2.695,30.2,1752245524702
0.0,0.0,2.737,30.2,1752245524948
31.7098331451416,-97.1881103515625,2.737,30.2,1752245525000
0.0,0.0,2.747,30.2,1752245525085
0.0,0.0,2.757,30.2,1752245525148
0.0,0.0,2.778,30.2,1752245525285
0.0,0.0,2.778,30.2,1752245525350
0.0,0.0,2.778,30.2,1752245525468
0.0,0.0,2.778,30.2,1752245525533
0.0,0.0,2.778,30.2,1752245525656
0.0,0.0,2.789,30.2,1752245525721
0.0,0.0,2.757,30.2,1752245525842
0.0,0.0,2.809,30.2,1752245525908
0.0,0.0,2.778,30.2,1752245526033
0.0,0.0,2.737,30.2,1752245526100
0.0,0.0,2.726,30.2,1752245526249
0.0,0.0,2.726,30.2,1752245526331
0.0,0.0,2.716,30.2,1752245526470
0.0,0.0,2.716,30.2,1752245526548
0.0,0.0,2.716,30.2,1752245526687
0.0,0.0,2.726,30.2,1752245526930
31.709836959838867,-97.1881103515625,2.726,30.2,1752245527000
0.0,0.0,2.726,30.2,1752245527070
0.0,0.0,2.747,30.2,1752245527153
0.0,0.0,2.768,30.2,1752245527306
0.0,0.0,2.757,30.2,1752245527375
0.0,0.0,2.789,30.2,1752245527492
0.0,0.0,2.83,30.2,1752245527558
0.0,0.0,2.841,30.2,1752245527678
0.0,0.0,2.83,30.2,1752245527748
0.0,0.0,2.841,30.2,1752245527865
0.0,0.0,2.841,30.2,1752245527937
31.709840774536133,-97.18811798095703,2.841,30.2,1752245528000
0.0,0.0,2.841,30.2,1752245528054
0.0,0.0,2.83,30.2,1752245528124
0.0,0.0,2.809,30.2,1752245528273
0.0,0.0,2.768,30.2,1752245528352
0.0,0.0,2.747,30.2,1752245528490
0.0,0.0,2.757,30.2,1752245528568
0.0,0.0,2.716,30.2,1752245528712
0.0,0.0,2.695,30.2,1752245528961
0.0,0.0,2.674,30.2,1752245529103
0.0,0.0,2.695,30.2,1752245529185
0.0,0.0,2.664,30.2,1752245529337
0.0,0.0,2.653,30.2,1752245529419
0.0,0.0,2.664,30.2,1752245529558
0.0,0.0,2.664,30.2,1752245529636
0.0,0.0,2.674,30.2,1752245529822
31.70984649658203,-97.18811798095703,2.685,30.2,1752245530000
0.0,0.0,2.685,30.2,1752245530066
0.0,0.0,2.695,30.2,1752245530208
0.0,0.0,2.685,30.2,1752245530296
0.0,0.0,2.695,30.2,1752245530411
0.0,0.0,2.685,30.2,1752245530478
0.0,0.0,2.685,30.2,1752245530605
0.0,0.0,2.664,30.2,1752245530672
0.0,0.0,2.674,30.2,1752245530790
0.0,0.0,2.653,30.2,1752245530858
0.0,0.0,2.653,30.2,1752245530978
0.0,0.0,2.643,30.2,1752245531044
0.0,0.0,2.622,30.2,1752245531170
0.0,0.0,2.632,30.2,1752245531260
0.0,0.0,2.632,30.2,1752245531400
0.0,0.0,2.643,30.2,1752245531478
0.0,0.0,2.622,30.2,1752245531618
0.0,0.0,2.643,30.2,1752245531695
31.709850311279297,-97.18811798095703,2.632,30.2,1752245532000
0.0,0.0,2.632,30.2,1752245532007
0.0,0.0,2.632,30.2,1752245532086
0.0,0.0,2.643,30.2,1752245532240
0.0,0.0,2.653,30.2,1752245532325
0.0,0.0,2.685,30.2,1752245532445
0.0,0.0,2.674,30.2,1752245532512
0.0,0.0,2.705,30.2,1752245532632
0.0,0.0,2.664,30.2,1752245532710
0.0,0.0,2.674,30.2,1752245532824
0.0,0.0,2.674,30.2,1752245532892
31.709854125976562,-97.18811798095703,2.695,30.2,1752245533000
0.0,0.0,2.695,30.2,1752245533015
0.0,0.0,2.685,30.2,1752245533086
0.0,0.0,2.695,30.2,1752245533234
0.0,0.0,2.695,30.2,1752245533320
0.0,0.0,2.705,30.2,1752245533460
0.0,0.0,2.716,30.2,1752245533539
0.0,0.0,2.716,30.2,1752245533686
0.0,0.0,2.737,30.2,1752245533935
0.0,0.0,2.737,30.2,1752245534079
0.0,0.0,2.789,30.2,1752245534156
0.0,0.0,2.799,30.2,1752245534329
0.0,0.0,2.799,30.2,1752245534409
0.0,0.0,2.82,30.2,1752245534553
0.0,0.0,2.83,30.2,1752245534631
0.0,0.0,2.83,30.2,1752245534773
31.709861755371094,-97.18812561035156,2.82,30.2,1752245535000
0.0,0.0,2.82,30.2,1752245535019
0.0,0.0,2.809,30.2,1752245535167
0.0,0.0,2.768,30.2,1752245535256
0.0,0.0,2.768,30.2,1752245535387
0.0,0.0,2.768,30.2,1752245535452
0.0,0.0,2.768,30.2,1752245535579
0.0,0.0,2.757,30.2,1752245535650
0.0,0.0,2.768,30.2,1752245535774
0.0,0.0,2.757,30.2,1752245535846
0.0,0.0,2.747,30.2,1752245535969
0.0,0.0,2.747,30.2,1752245536042
0.0,0.0,2.747,30.2,1752245536169
0.0,0.0,2.789,30.2,1752245536258
0.0,0.0,2.799,30.2,1752245536395
0.0,0.0,2.851,30.2,1752245536473
0.0,0.0,2.893,30.2,1752245536614
0.0,0.0,2.924,30.2,1752245536978
31.709867477416992,-97.18811798095703,2.924,30.2,1752245537000
0.0,0.0,2.945,30.2,1752245537052
0.0,0.0,2.997,30.2,1752245537200
0.0,0.0,3.028,30.2,1752245537291
0.0,0.0,3.09,30.2,1752245537436
0.0,0.0,3.132,30.2,1752245537508
0.0,0.0,3.163,30.2,1752245537631
0.0,0.0,3.267,30.2,1752245537698
0.0,0.0,3.267,30.2,1752245537890
31.709875106811523,-97.18812561035156,3.288,30.2,1752245538000
0.0,0.0,3.288,30.2,1752245538057
0.0,0.0,3.34,30.2,1752245538153
0.0,0.0,3.382,30.2,1752245538241
0.0,0.0,3.403,30.2,1752245538384
0.0,0.0,3.455,30.2,1752245538463
0.0,0.0,3.475,30.2,1752245538603
0.0,0.0,3.486,30.2,1752245538682
0.0,0.0,3.517,30.2,1752245538990
0.0,0.0,3.59,30.2,1752245539069
0.0,0.0,3.652,30.2,1752245539396
0.0,0.0,3.673,30.2,1752245539471
0.0,0.0,3.767,30.2,1752245539613
0.0,0.0,3.798,30.2,1752245539691
0.0,0.0,3.881,30.2,1752245539834
31.709880828857422,-97.1881332397461,3.902,30.2,1752245540000
0.0,0.0,3.902,30.2,1752245540081
0.0,0.0,3.923,30.2,1752245540234
0.0,0.0,3.996,30.2,1752245540313
0.0,0.0,4.079,30.2,1752245540462
0.0,0.0,4.11,30.2,1752245540546
0.0,0.0,4.183,30.2,1752245540691
0.0,0.0,4.131,30.2,1752245540774
0.0,0.0,4.173,30.2,1752245540902
0.0,0.0,4.173,30.2,1752245540973
0.0,0.0,4.194,30.2,1752245541096
0.0,0.0,4.256,30.2,1752245541169
0.0,0.0,4.256,30.2,1752245541318
0.0,0.0,4.339,30.2,1752245541399
0.0,0.0,4.422,30.2,1752245541540
0.0,0.0,4.443,30.2,1752245541621
0.0,0.0,4.464,30.2,1752245541764
31.709890365600586,-97.1881332397461,4.537,30.2,1752245542000
0.0,0.0,4.537,30.2,1752245542009
0.0,0.0,4.558,30.2,1752245542153
0.0,0.0,4.672,30.2,1752245542246
0.0,0.0,4.683,30.2,1752245542391
0.0,0.0,4.766,30.2,1752245542472
0.0,0.0,4.787,30.2,1752245542625
0.0,0.0,4.797,30.2,1752245542706
0.0,0.0,4.828,30.2,1752245542837
0.0,0.0,4.849,30.2,1752245542910
31.70989418029785,-97.18814086914062,4.839,30.2,1752245543000
0.0,0.0,4.839,30.2,1752245543058
0.0,0.0,4.839,30.2,1752245543125
0.0,0.0,4.849,30.2,1752245543271
0.0,0.0,4.808,30.2,1752245543351
0.0,0.0,4.818,30.2,1752245543491
0.0,0.0,4.808,30.2,1752245543570
0.0,0.0,4.818,30.2,1752245543720
0.0,0.0,4.808,30.2,1752245543966
0.0,0.0,4.849,30.2,1752245544114
0.0,0.0,4.849,30.2,1752245544200
0.0,0.0,4.849,30.2,1752245544359
0.0,0.0,4.891,30.2,1752245544436
0.0,0.0,4.891,30.2,1752245544580
0.0,0.0,4.932,30.2,1752245544661
0.0,0.0,4.932,30.2,1752245544802
31.709901809692383,-97.18814086914062,4.953,30.2,1752245545000
0.0,0.0,4.953,30.2,1752245545046
0.0,0.0,4.974,30.2,1752245545195
0.0,0.0,4.974,30.2,1752245545289
0.0,0.0,4.964,30.2,1752245545433
0.0,0.0,4.974,30.2,1752245545515
0.0,0.0,4.974,30.2,1752245545656
0.0,0.0,4.964,30.2,1752245545738
0.0,0.0,4.974,30.2,1752245545883
0.0,0.0,4.964,30.2,1752245545967
0.0,0.0,4.964,30.2,1752245546105
0.0,0.0,4.964,30.2,1752245546197
0.0,0.0,4.964,30.2,1752245546353
0.0,0.0,4.974,30.2,1752245546432
0.0,0.0,4.984,30.2,1752245546572
0.0,0.0,4.984,30.2,1752245546652
0.0,0.0,4.974,30.2,1752245546794
31.70990753173828,-97.18814086914062,4.995,30.2,1752245547000
0.0,0.0,4.995,30.2,1752245547044
0.0,0.0,4.984,30.2,1752245547194
0.0,0.0,4.995,30.2,1752245547284
0.0,0.0,4.984,30.2,1752245547438
0.0,0.0,4.984,30.2,1752245547518
0.0,0.0,4.995,30.2,1752245547663
0.0,0.0,4.995,30.2,1752245547744
0.0,0.0,4.995,30.2,1752245547888
0.0,0.0,4.984,30.2,1752245547967
0.0,0.0,4.974,30.2,1752245548095
0.0,0.0,4.964,30.2,1752245548167
0.0,0.0,5.005,30.2,1752245548322
0.0,0.0,4.995,30.2,1752245548401
0.0,0.0,4.995,30.2,1752245548541
0.0,0.0,4.984,30.2,1752245548623
0.0,0.0,4.995,30.2,1752245548763
31.709917068481445,-97.18814086914062,5.005,30.2,1752245549000
0.0,0.0,5.005,30.2,1752245549012
0.0,0.0,5.005,30.2,1752245549157
0.0,0.0,5.005,30.2,1752245549247
0.0,0.0,5.005,30.2,1752245549397
0.0,0.0,5.005,30.2,1752245549484
0.0,0.0,5.016,30.2,1752245549633
0.0,0.0,5.026,30.2,1752245549716
0.0,0.0,4.974,30.2,1752245549857
0.0,0.0,4.974,30.2,1752245549939
0.0,0.0,4.984,30.2,1752245550066
0.0,0.0,4.995,30.2,1752245550141
0.0,0.0,4.984,30.2,1752245550298
0.0,0.0,4.964,30.2,1752245550378
0.0,0.0,4.953,30.2,1752245550522
0.0,0.0,4.964,30.2,1752245550601
0.0,0.0,4.974,30.2,1752245550747
0.0,0.0,4.974,30.2,1752245550984
31.709924697875977,-97.18814086914062,4.974,30.2,1752245551000
0.0,0.0,4.974,30.2,1752245551129
0.0,0.0,4.984,30.2,1752245551225
0.0,0.0,5.005,30.2,1752245551368
0.0,0.0,5.016,30.2,1752245551450
0.0,0.0,5.016,30.2,1752245551595
0.0,0.0,5.005,30.2,1752245551678
0.0,0.0,5.005,30.2,1752245551817
0.0,0.0,5.036,30.2,1752245551900
31.709932327270508,-97.18814086914062,5.036,30.2,1752245552000
0.0,0.0,5.036,30.2,1752245552039
0.0,0.0,5.036,30.2,1752245552122
0.0,0.0,4.995,30.2,1752245552280
0.0,0.0,4.995,30.2,1752245552359
0.0,0.0,4.995,30.2,1752245552502
0.0,0.0,4.984,30.2,1752245552580
0.0,0.0,4.984,30.2,1752245552723
0.0,0.0,4.974,30.2,1752245552962
0.0,0.0,4.974,30.2,1752245553113
0.0,0.0,4.974,30.2,1752245553201
0.0,0.0,4.974,30.2,1752245553359
0.0,0.0,4.964,30.2,1752245553438
0.0,0.0,4.964,30.2,1752245553579
0.0,0.0,4.964,30.2,1752245553677
0.0,0.0,4.974,30.2,1752245553865
31.709936141967773,-97.18814086914062,4.964,30.2,1752245554000
0.0,0.0,4.964,30.2,1752245554120
0.0,0.0,4.974,30.2,1752245554272
0.0,0.0,4.964,30.2,1752245554353
0.0,0.0,4.964,30.2,1752245554503
0.0,0.0,4.964,30.2,1752245554586
0.0,0.0,4.964,30.2,1752245554726
0.0,0.0,4.964,30.2,1752245554808
0.0,0.0,4.964,30.2,1752245554954
0.0,0.0,4.974,30.2,1752245555036
0.0,0.0,4.984,30.2,1752245555177
0.0,0.0,4.995,30.2,1752245555279
0.0,0.0,4.995,30.2,1752245555420
0.0,0.0,4.995,30.2,1752245555500
0.0,0.0,5.005,30.2,1752245555643
0.0,0.0,5.005,30.2,1752245555739
31.70994758605957,-97.18814086914062,5.005,30.2,1752245556000
0.0,0.0,5.005,30.2,1752245556078
0.0,0.0,5.016,30.2,1752245556158
0.0,0.0,5.047,30.2,1752245556344
0.0,0.0,5.036,30.2,1752245556428
0.0,0.0,5.036,30.2,1752245556568
0.0,0.0,5.047,30.2,1752245556653
0.0,0.0,5.036,30.2,1752245556802
0.0,0.0,5.016,30.2,1752245556885
0.0,0.0,5.005,30.2,1752245557030
0.0,0.0,5.005,30.2,1752245557112
0.0,0.0,4.995,30.2,1752245557274
0.0,0.0,4.995,30.2,1752245557355
0.0,0.0,5.005,30.2,1752245557519
0.0,0.0,5.016,30.2,1752245557600
0.0,0.0,4.995,30.2,1752245557787
31.7099552154541,-97.18814086914062,4.995,30.2,1752245558000
0.0,0.0,4.995,30.2,1752245558043
0.0,0.0,5.016,30.2,1752245558196
0.0,0.0,5.016,30.2,1752245558289
0.0,0.0,5.016,30.2,1752245558433
0.0,0.0,5.026,30.2,1752245558517
0.0,0.0,5.036,30.2,1752245558662
0.0,0.0,5.036,30.2,1752245558744
0.0,0.0,5.047,30.2,1752245558884
0.0,0.0,5.047,30.2,1752245558967
0.0,0.0,5.036,30.2,1752245559110
0.0,0.0,5.026,30.2,1752245559199
0.0,0.0,5.016,30.2,1752245559352
0.0,0.0,5.026,30.2,1752245559432
0.0,0.0,5.016,30.2,1752245559575
0.0,0.0,5.005,30.2,1752245559655
0.0,0.0,5.005,30.2,1752245559826
31.709959030151367,-97.18814086914062,4.995,30.2,1752245560000
0.0,0.0,4.995,30.2,1752245560088
0.0,0.0,4.995,30.2,1752245560240
0.0,0.0,4.974,30.2,1752245560324
0.0,0.0,4.964,30.2,1752245560477
0.0,0.0,4.964,30.2,1752245560564
0.0,0.0,4.974,30.2,1752245560711
0.0,0.0,4.964,30.2,1752245560794
0.0,0.0,4.974,30.2,1752245560936
0.0,0.0,4.974,30.2,1752245561018
0.0,0.0,4.964,30.2,1752245561161
0.0,0.0,4.974,30.2,1752245561262
0.0,0.0,4.964,30.2,1752245561408
0.0,0.0,4.984,30.2,1752245561492
0.0,0.0,4.974,30.2,1752245561692
0.0,0.0,4.984,30.2,1752245561799
31.709959030151367,-97.18814849853516,4.964,30.2,1752245562000
0.0,0.0,4.964,30.2,1752245562123
0.0,0.0,4.964,30.2,1752245562246
0.0,0.0,4.964,30.2,1752245562330
0.0,0.0,4.974,30.2,1752245562476
0.0,0.0,4.984,30.2,1752245562559
0.0,0.0,4.964,30.2,1752245562700
0.0,0.0,4.995,30.2,1752245562783
0.0,0.0,4.984,30.2,1752245562924
0.0,0.0,4.984,30.2,1752245563007
0.0,0.0,4.964,30.2,1752245563147
0.0,0.0,4.974,30.2,1752245563250
0.0,0.0,4.964,30.2,1752245563393
0.0,0.0,4.974,30.2,1752245563475
0.0,0.0,4.964,30.2,1752245563675
0.0,0.0,4.953,30.2,1752245563785
31.7099609375,-97.18814849853516,4.943,30.2,1752245564000
0.0,0.0,4.943,30.2,1752245564111
0.0,0.0,4.953,30.2,1752245564194
0.0,0.0,4.953,30.2,1752245564353
0.0,0.0,4.943,30.2,1752245564436
0.0,0.0,4.943,30.2,1752245564583
0.0,0.0,4.943,30.2,1752245564666
0.0,0.0,4.943,30.2,1752245564810
0.0,0.0,4.974,30.2,1752245564893
0.0,0.0,4.964,30.2,1752245565037
0.0,0.0,4.974,30.2,1752245565121
0.0,0.0,4.974,30.2,1752245565285
0.0,0.0,4.974,30.2,1752245565364
0.0,0.0,4.974,30.2,1752245565516
0.0,0.0,4.974,30.2,1752245565630
0.0,0.0,4.964,30.2,1752245565826
31.709962844848633,-97.18814849853516,4.974,30.2,1752245566000
0.0,0.0,4.974,30.2,1752245566073
0.0,0.0,4.964,30.2,1752245566221
0.0,0.0,4.964,30.2,1752245566308
0.0,0.0,4.964,30.2,1752245566456
0.0,0.0,4.932,30.2,1752245566535
0.0,0.0,4.943,30.2,1752245566680
0.0,0.0,4.943,30.2,1752245566763
0.0,0.0,4.943,30.2,1752245566904
0.0,0.0,4.943,30.2,1752245566987
31.7099666595459,-97.18814849853516,4.943,30.2,1752245567000
0.0,0.0,4.943,30.2,1752245567131
0.0,0.0,4.932,30.2,1752245567224
0.0,0.0,4.922,30.2,1752245567377
0.0,0.0,4.932,30.2,1752245567457
0.0,0.0,4.932,30.2,1752245567641
0.0,0.0,4.932,30.2,1752245567759
0.0,0.0,4.932,30.2,1752245567955
0.0,0.0,4.943,30.2,1752245568212
0.0,0.0,4.932,30.2,1752245568367
0.0,0.0,4.912,30.2,1752245568454
0.0,0.0,4.912,30.2,1752245568631
0.0,0.0,4.912,30.2,1752245568737
0.0,0.0,4.912,30.2,1752245568925
0.0,0.0,4.922,30.2,1752245569033
0.0,0.0,4.922,30.2,1752245569373
0.0,0.0,4.891,30.2,1752245569460
0.0,0.0,4.891,30.2,1752245569608
0.0,0.0,4.88,30.2,1752245569688
0.0,0.0,4.88,30.2,1752245569839
0.0,0.0,4.88,30.2,1752245569924
31.709964752197266,-97.18815612792969,4.891,30.2,1752245570000
0.0,0.0,4.891,30.2,1752245570067
0.0,0.0,4.891,30.2,1752245570152
0.0,0.0,4.901,30.2,1752245570317
0.0,0.0,4.891,30.2,1752245570402
0.0,0.0,4.88,30.2,1752245570548
0.0,0.0,4.88,30.2,1752245570631
0.0,0.0,4.87,30.2,1752245570776
0.0,0.0,4.88,30.2,1752245570858
31.709970474243164,-97.18815612792969,4.87,30.2,1752245571000
0.0,0.0,4.87,30.2,1752245571001
0.0,0.0,4.87,30.2,1752245571084
0.0,0.0,4.88,30.2,1752245571246
0.0,0.0,4.88,30.2,1752245571330
0.0,0.0,4.88,30.2,1752245571483
0.0,0.0,4.87,30.2,1752245571564
0.0,0.0,4.87,30.2,1752245571770
0.0,0.0,4.87,30.2,1752245572016
0.0,0.0,4.87,30.2,1752245572161
0.0,0.0,4.86,30.2,1752245572260
0.0,0.0,4.86,30.2,1752245572458
0.0,0.0,4.849,30.2,1752245572565
0.0,0.0,4.849,30.2,1752245572761
0.0,0.0,4.849,30.2,1752245572871
31.70997428894043,-97.18815612792969,4.849,30.2,1752245573000
0.0,0.0,4.849,30.2,1752245573206
0.0,0.0,4.828,30.2,1752245573296
0.0,0.0,4.828,30.2,1752245573443
0.0,0.0,4.828,30.2,1752245573521
0.0,0.0,4.818,30.2,1752245573669
0.0,0.0,4.818,30.2,1752245573751
0.0,0.0,4.818,30.2,1752245573898
0.0,0.0,4.808,30.2,1752245573982
0.0,0.0,4.818,30.2,1752245574131
0.0,0.0,4.818,30.2,1752245574223
0.0,0.0,4.808,30.2,1752245574382
0.0,0.0,4.808,30.2,1752245574461
0.0,0.0,4.808,30.2,1752245574625
0.0,0.0,4.808,30.2,1752245574736
0.0,0.0,4.797,30.2,1752245574928
31.709978103637695,-97.18816375732422,4.797,30.2,1752245575000
0.0,0.0,4.797,30.2,1752245575183
0.0,0.0,4.797,30.2,1752245575340
0.0,0.0,4.787,30.2,1752245575419
0.0,0.0,4.787,30.2,1752245575563
0.0,0.0,4.776,30.2,1752245575645
0.0,0.0,4.745,30.2,1752245575789
0.0,0.0,4.735,30.2,1752245575875
0.0,0.0,4.735,30.2,1752245576020
0.0,0.0,4.735,30.2,1752245576100
0.0,0.0,4.724,30.2,1752245576266
0.0,0.0,4.714,30.2,1752245576345
0.0,0.0,4.714,30.2,1752245576528
0.0,0.0,4.703,30.2,1752245576642
0.0,0.0,4.693,30.2,1752245576829
31.709985733032227,-97.18816375732422,4.693,30.2,1752245577000
0.0,0.0,4.693,30.2,1752245577084
0.0,0.0,4.683,30.2,1752245577239
0.0,0.0,4.672,30.2,1752245577327
0.0,0.0,4.683,30.2,1752245577471
0.0,0.0,4.672,30.2,1752245577557
0.0,0.0,4.662,30.2,1752245577701
0.0,0.0,4.651,30.2,1752245577790
0.0,0.0,4.641,30.2,1752245577935
0.0,0.0,4.631,30.2,1752245578017
0.0,0.0,4.589,30.2,1752245578159
0.0,0.0,4.589,30.2,1752245578261
0.0,0.0,4.579,30.2,1752245578406
0.0,0.0,4.547,30.2,1752245578494
0.0,0.0,4.527,30.2,1752245578693
0.0,0.0,4.506,30.2,1752245578808
31.709989547729492,-97.18817138671875,4.475,30.2,1752245579000
0.0,0.0,4.475,30.2,1752245579140
0.0,0.0,4.433,30.2,1752245579229
0.0,0.0,4.422,30.2,1752245579378
0.0,0.0,4.391,30.2,1752245579462
0.0,0.0,4.35,30.2,1752245579608
0.0,0.0,4.308,30.2,1752245579694
0.0,0.0,4.339,30.2,1752245579841
0.0,0.0,4.298,30.2,1752245579926
0.0,0.0,4.287,30.2,1752245580079
0.0,0.0,4.256,30.2,1752245580159
0.0,0.0,4.225,30.2,1752245580326
0.0,0.0,4.204,30.2,1752245580406
0.0,0.0,4.194,30.2,1752245580571
0.0,0.0,4.194,30.2,1752245580684
0.0,0.0,4.162,30.2,1752245580890
31.70999526977539,-97.18817138671875,4.162,30.2,1752245581000
0.0,0.0,4.141,30.2,1752245581135
0.0,0.0,4.11,30.2,1752245581295
0.0,0.0,4.1,30.2,1752245581377
0.0,0.0,4.027,30.2,1752245581524
0.0,0.0,4.017,30.2,1752245581609
0.0,0.0,3.965,30.2,1752245581756
0.0,0.0,3.944,30.2,1752245581839
0.0,0.0,3.923,30.2,1752245581986
0.0,0.0,3.892,30.2,1752245582069
0.0,0.0,3.819,30.2,1752245582218
0.0,0.0,3.777,30.2,1752245582323
0.0,0.0,3.746,30.2,1752245582470
0.0,0.0,3.715,30.2,1752245582586
0.0,0.0,3.684,30.2,1752245582787
0.0,0.0,3.632,30.2,1752245582894
31.71000099182129,-97.18817901611328,3.632,30.2,1752245583000
0.0,0.0,3.621,30.2,1752245583222
0.0,0.0,3.58,30.2,1752245583312
0.0,0.0,3.569,30.2,1752245583461
0.0,0.0,3.548,30.2,1752245583545
0.0,0.0,3.517,30.2,1752245583694
0.0,0.0,3.496,30.2,1752245583783
0.0,0.0,3.486,30.2,1752245583931
0.0,0.0,3.475,30.2,1752245584014
0.0,0.0,3.444,30.2,1752245584159
0.0,0.0,3.455,30.2,1752245584262
0.0,0.0,3.413,30.2,1752245584412
0.0,0.0,3.413,30.2,1752245584524
0.0,0.0,3.392,30.2,1752245584721
0.0,0.0,3.371,30.2,1752245584826
31.710010528564453,-97.18817901611328,3.34,30.2,1752245585000
0.0,0.0,3.34,30.2,1752245585171
0.0,0.0,3.351,30.2,1752245585263
0.0,0.0,3.309,30.2,1752245585412
0.0,0.0,3.288,30.2,1752245585612
0.0,0.0,3.33,30.2,1752245585689
0.0,0.0,3.309,30.2,1752245585834
0.0,0.0,3.351,30.2,1752245585914
0.0,0.0,3.319,30.2,1752245586059
0.0,0.0,3.299,30.2,1752245586142
0.0,0.0,3.351,30.2,1752245586315
0.0,0.0,3.33,30.2,1752245586396
0.0,0.0,3.319,30.2,1752245586573
0.0,0.0,3.299,30.2,1752245586689
0.0,0.0,3.257,30.2,1752245586885
31.71001625061035,-97.18818664550781,3.257,30.2,1752245587000
0.0,0.0,3.226,30.2,1752245587151
0.0,0.0,3.236,30.2,1752245587318
0.0,0.0,3.153,30.2,1752245587398
0.0,0.0,3.194,30.2,1752245587554
0.0,0.0,3.132,30.2,1752245587753
0.0,0.0,3.111,30.2,1752245587827
0.0,0.0,3.08,30.2,1752245587973
0.0,0.0,3.018,30.2,1752245588053
0.0,0.0,2.976,30.2,1752245588202
0.0,0.0,2.945,30.2,1752245588301
0.0,0.0,2.924,30.2,1752245588443
0.0,0.0,2.955,30.2,1752245588587
0.0,0.0,2.997,30.2,1752245588857
0.0,0.0,2.965,30.2,1752245588955
31.710023880004883,-97.18818664550781,2.965,30.2,1752245589000
0.0,0.0,3.007,30.2,1752245589280
0.0,0.0,2.934,30.2,1752245589360
0.0,0.0,2.945,30.2,1752245589514
0.0,0.0,3.007,30.2,1752245589594
0.0,0.0,3.038,30.2,1752245589740
0.0,0.0,3.028,30.2,1752245589823
0.0,0.0,3.059,30.2,1752245589968
0.0,0.0,3.059,30.2,1752245590053
0.0,0.0,3.028,30.2,1752245590199
0.0,0.0,3.007,30.2,1752245590298
0.0,0.0,2.955,30.2,1752245590442
0.0,0.0,2.976,30.2,1752245590545
0.0,0.0,2.924,30.2,1752245590739
0.0,0.0,2.955,30.2,1752245590848
31.71002960205078,-97.18819427490234,2.955,30.2,1752245591000
0.0,0.0,2.965,30.2,1752245591196
0.0,0.0,2.913,30.2,1752245591288
0.0,0.0,2.851,30.2,1752245591447
0.0,0.0,2.882,30.2,1752245591529
0.0,0.0,2.861,30.2,1752245591675
0.0,0.0,2.851,30.2,1752245591757
0.0,0.0,2.841,30.2,1752245591904
0.0,0.0,2.809,30.2,1752245591986
0.0,0.0,2.778,30.2,1752245592131
0.0,0.0,2.768,30.2,1752245592225
0.0,0.0,2.789,30.2,1752245592379
0.0,0.0,2.747,30.2,1752245592458
0.0,0.0,2.757,30.2,1752245592607
0.0,0.0,2.778,30.2,1752245592712
0.0,0.0,2.841,30.2,1752245592910
31.71003532409668,-97.18819427490234,2.841,30.2,1752245593000
0.0,0.0,2.809,30.2,1752245593175
0.0,0.0,2.83,30.2,1752245593336
0.0,0.0,2.82,30.2,1752245593415
0.0,0.0,2.799,30.2,1752245593561
0.0,0.0,2.778,30.2,1752245593644
0.0,0.0,2.83,30.2,1752245593791
0.0,0.0,2.778,30.2,1752245593876
0.0,0.0,2.799,30.2,1752245594021
0.0,0.0,2.799,30.2,1752245594239
31.710302352905273,-97.18832397460938,1.144,30.2,1752245610000
0.0,0.0,1.144,30.2,1752245610612
0.0,0.0,1.123,30.2,1752245610680
0.0,0.0,1.123,30.2,1752245610804
0.0,0.0,1.144,30.2,1752245610873
0.0,0.0,1.113,30.2,1752245611000
31.710304260253906,-97.1883316040039,1.113,30.2,1752245611000
0.0,0.0,1.092,30.2,1752245611069
0.0,0.0,1.082,30.2,1752245611290
0.0,0.0,1.071,30.2,1752245611459
0.0,0.0,1.051,30.2,1752245611523
0.0,0.0,1.061,30.2,1752245611653
0.0,0.0,1.051,30.2,1752245611884
0.0,0.0,1.071,30.2,1752245612016
0.0,0.0,1.092,30.2,1752245612096
0.0,0.0,1.155,30.2,1752245612249
0.0,0.0,1.175,30.2,1752245612320
0.0,0.0,1.144,30.2,1752245612478
0.0,0.0,1.228,30.2,1752245612574
0.0,0.0,1.311,30.2,1752245612754
0.0,0.0,1.342,30.2,1752245612849
0.0,0.0,1.384,30.2,1752245613151
0.0,0.0,1.477,30.2,1752245613232
0.0,0.0,1.477,30.2,1752245613410
0.0,0.0,1.488,30.2,1752245613475
0.0,0.0,1.821,30.2,1752245613805
0.0,0.0,2.424,30.2,1752245614316
0.0,0.0,3.049,30.2,1752245614748
0.0,0.0,3.6,30.2,1752245615141
0.0,0.0,4.36,30.2,1752245616224
0.0,0.0,7.649,30.2,1752245624714
0.0,0.0,8.221,30.4,1752245636813
0.0,0.0,8.835,30.4,1752245636946
0.0,0.0,10.084,30.4,1752245638561
0.0,0.0,11.26,30.4,1752245651928
0.0,0.0,12.582,30.4,1752245652597
0.0,0.0,13.789,30.0,1752245659867
0.0,0.0,14.694,29.8,1752245671477
0.0,0.0,15.256,29.8,1752245672446
0.0,0.0,15.787,29.8,1752245673430
0.0,0.0,16.453,29.8,1752245673781
0.0,0.0,16.9,29.6,1752245674760
0.0,0.0,14.424,29.6,1752245675101
0.0,0.0,14.954,29.6,1752245675761
0.0,0.0,15.506,29.6,1752245676740
0.0,0.0,15.402,29.6,1752245677080
0.0,0.0,15.246,29.4,1752245678035
0.0,0.0,14.85,29.4,1752245678658
0.0,0.0,14.725,29.4,1752245679611
0.0,0.0,14.777,29.4,1752245679944
0.0,0.0,14.996,29.4,1752245680292
0.0,0.0,15.173,29.4,1752245680928
0.0,0.0,15.36,29.4,1752245681280
0.0,0.0,15.589,29.4,1752245681911
0.0,0.0,17.327,29.4,1752245683061
0.0,0.0,17.535,29.4,1752245684311
0.0,0.0,17.723,29.4,1752245685527
0.0,0.0,18.108,29.4,1752245685857
0.0,0.0,18.409,29.4,1752245686191
0.0,0.0,18.867,29.4,1752245688977
0.0,0.0,19.128,29.4,1752245689926
0.0,0.0,19.377,29.4,1752245690264
0.0,0.0,18.472,29.4,1752245690596
31.71042251586914,-97.18836975097656,18.795,29.4,1752245691000
0.0,0.0,18.795,29.4,1752245691239
0.0,0.0,18.919,29.4,1752245691567
0.0,0.0,18.961,29.4,1752245691898
31.710424423217773,-97.18836975097656,18.961,29.4,1752245692000
0.0,0.0,18.857,29.2,1752245692545
0.0,0.0,18.711,29.2,1752245692922
0.0,0.0,18.743,29.2,1752245693260
0.0,0.0,18.597,29.2,1752245695760
0.0,0.0,18.659,29.2,1752245696810
0.0,0.0,18.462,29.2,1752245697136
0.0,0.0,18.264,29.2,1752245705241
0.0,0.0,18.399,29.2,1752245705893
0.0,0.0,19.461,29.0,1752245709776
0.0,0.0,19.617,29.0,1752245713104
0.0,0.0,20.002,29.2,1752245715054
0.0,0.0,19.96,29.2,1752245716411
0.0,0.0,20.522,29.2,1752245716738
0.0,0.0,20.741,29.2,1752245719126
0.0,0.0,20.72,29.2,1752245719825
0.0,0.0,20.907,29.2,1752245720151
0.0,0.0,20.772,29.2,1752245720525
0.0,0.0,20.918,29.2,1752245721572
0.0,0.0,21.022,29.2,1752245722992
0.0,0.0,20.782,29.2,1752245724020
0.0,0.0,19.658,29.2,1752245725758
0.0,0.0,19.377,29.2,1752245727139
0.0,0.0,19.138,29.2,1752245727891
0.0,0.0,19.336,29.2,1752245728608
0.0,0.0,18.67,29.2,1752245729004
0.0,0.0,19.794,29.2,1752245733572
0.0,0.0,19.783,29.2,1752245735177
0.0,0.0,19.627,29.2,1752245735825
0.0,0.0,19.783,29.2,1752245737089
0.0,0.0,19.638,29.2,1752245737755
0.0,0.0,19.658,29.2,1752245738082
0.0,0.0,19.794,29.2,1752245738433
0.0,0.0,20.262,29.2,1752245738762
0.0,0.0,20.533,29.4,1752245740435
0.0,0.0,20.637,29.4,1752245741084
0.0,0.0,20.47,29.4,1752245741430
0.0,0.0,20.751,29.4,1752245742422
0.0,0.0,19.513,29.4,1752245742754
0.0,0.0,19.669,29.4,1752245743720
0.0,0.0,19.648,29.4,1752245744385
0.0,0.0,19.117,29.4,1752245744713
0.0,0.0,19.128,29.4,1752245745053
0.0,0.0,18.992,29.4,1752245745398
0.0,0.0,18.867,29.6,1752245746821
0.0,0.0,18.795,29.6,1752245747194
0.0,0.0,18.618,29.4,1752245756569
0.0,0.0,18.649,29.4,1752245761653
0.0,0.0,18.826,29.4,1752245762017
0.0,0.0,18.951,29.4,1752245762653
0.0,0.0,19.544,29.4,1752245763015
0.0,0.0,19.658,29.4,1752245763720
0.0,0.0,19.554,29.4,1752245764081
0.0,0.0,19.492,29.4,1752245764495
0.0,0.0,19.481,29.4,1752245765198
0.0,0.0,19.617,29.6,1752245769152
0.0,0.0,19.596,29.6,1752245770486
0.0,0.0,19.658,29.6,1752245770845
0.0,0.0,19.19,29.6,1752245773136
0.0,0.0,19.305,29.6,1752245775452
0.0,0.0,19.055,29.6,1752245775821
31.710350036621094,-97.18834686279297,19.055,29.6,1752245776000
0.0,0.0,18.732,29.6,1752245776196
0.0,0.0,18.94,29.6,1752245776869
0.0,0.0,18.795,29.8,1752245777619
0.0,0.0,19.95,29.8,1752245781538
0.0,0.0,19.981,29.8,1752245781900
0.0,0.0,20.2,29.8,1752245785354
0.0,0.0,20.106,29.8,1752245785714
0.0,0.0,19.96,29.8,1752245787752
0.0,0.0,20.043,30.2,1752245788122
0.0,0.0,19.981,30.2,1752245788819
0.0,0.0,19.814,30.2,1752245792551
0.0,0.0,20.168,30.2,1752245794267
0.0,0.0,20.48,30.2,1752245795651
0.0,0.0,20.168,30.2,1752245796701
0.0,0.0,20.387,30.2,1752245797063
0.0,0.0,19.388,30.2,1752245799617
0.0,0.0,19.263,30.4,1752245802087
0.0,0.0,19.263,30.4,1752245805700
0.0,0.0,19.367,30.4,1752245810384
0.0,0.0,19.575,30.4,1752245810772
0.0,0.0,19.606,30.4,1752245811537
0.0,0.0,19.814,30.4,1752245811908
0.0,0.0,20.002,30.4,1752245812297
0.0,0.0,19.971,30.4,1752245812670
0.0,0.0,18.451,30.4,1752245813366
0.0,0.0,17.348,30.4,1752245813433
0.0,0.0,15.808,30.4,1752245813572
0.0,0.0,14.882,30.4,1752245813650
0.0,0.0,13.695,30.4,1752245813802
0.0,0.0,12.332,30.4,1752245813881
0.0,0.0,10.854,30.4,1752245814035
0.0,0.0,9.355,30.4,1752245814115
0.0,0.0,8.002,30.4,1752245814277
0.0,0.0,6.4,30.4,1752245814358
0.0,0.0,4.901,30.4,1752245814508
0.0,0.0,3.08,30.4,1752245814588
0.0,0.0,3.319,30.4,1752245814739
0.0,0.0,3.309,30.4,1752245814819
0.0,0.0,3.923,30.4,1752245814967
0.0,0.0,4.246,30.4,1752245815045
0.0,0.0,4.683,30.4,1752245815195
0.0,0.0,5.349,30.4,1752245815399
0.0,0.0,5.942,30.4,1752245815464
0.0,0.0,6.473,30.4,1752245815691
0.0,0.0,7.128,30.4,1752245815757
0.0,0.0,7.774,30.4,1752245816352
0.0,0.0,7.982,30.4,1752245816568
0.0,0.0,8.179,30.4,1752245816637
0.0,0.0,7.669,30.4,1752245816787
0.0,0.0,7.128,30.4,1752245816866
0.0,0.0,6.129,30.4,1752245817015
0.0,0.0,5.567,30.4,1752245817093
0.0,0.0,4.537,30.4,1752245817330
0.0,0.0,3.538,30.4,1752245817394
0.0,0.0,2.58,30.4,1752245817543
0.0,0.0,1.696,30.4,1752245817621
0.0,0.0,1.3,30.4,1752245817769
0.0,0.0,1.061,30.4,1752245817847
0.0,0.0,1.082,30.4,1752245817994
0.0,0.0,1.082,30.4,1752245818072
0.0,0.0,1.092,30.4,1752245818225
0.0,0.0,1.092,30.4,1752245818310
0.0,0.0,1.228,30.4,1752245818456
0.0,0.0,1.134,30.4,1752245818531
0.0,0.0,1.352,30.4,1752245818680
0.0,0.0,1.613,30.4,1752245818755
0.0,0.0,1.79,30.4,1752245818903
0.0,0.0,1.904,30.4,1752245818980
0.0,0.0,2.081,30.4,1752245819130
0.0,0.0,2.154,30.4,1752245819217
0.0,0.0,1.966,30.4,1752245819368
0.0,0.0,1.966,30.4,1752245819446
0.0,0.0,1.81,30.4,1752245819596
0.0,0.0,1.613,30.4,1752245819673
0.0,0.0,1.529,30.4,1752245819821
0.0,0.0,1.436,30.4,1752245819903
0.0,0.0,1.259,30.4,1752245820050
0.0,0.0,1.051,30.4,1752245820128
0.0,0.0,1.051,30.4,1752245820286
0.0,0.0,1.061,30.4,1752245820366
0.0,0.0,1.082,30.4,1752245820512
0.0,0.0,1.071,30.4,1752245820590
0.0,0.0,1.03,30.4,1752245820736
0.0,0.0,0.988,30.4,1752245820814
0.0,0.0,0.988,30.4,1752245820962
31.710308074951172,-97.18831634521484,0.988,30.4,1752245821000
0.0,0.0,1.04,30.4,1752245821039
0.0,0.0,1.03,30.4,1752245821190
0.0,0.0,1.009,30.4,1752245821275
0.0,0.0,0.967,30.4,1752245821423
0.0,0.0,0.947,30.4,1752245821500
0.0,0.0,0.936,30.4,1752245821647
0.0,0.0,0.947,30.4,1752245821726
0.0,0.0,0.967,30.4,1752245821873
0.0,0.0,0.926,30.4,1752245821950
0.0,0.0,0.936,30.4,1752245822098
0.0,0.0,0.926,30.4,1752245822179
0.0,0.0,0.915,30.4,1752245822343
0.0,0.0,0.895,30.4,1752245822421
0.0,0.0,0.884,30.4,1752245822580
0.0,0.0,0.842,30.4,1752245822688
0.0,0.0,0.832,30.4,1752245822892
31.71030616760254,-97.18831634521484,0.832,30.4,1752245823000
0.0,0.0,0.832,30.4,1752245823002
0.0,0.0,0.832,30.4,1752245823350
0.0,0.0,0.842,30.4,1752245823427
0.0,0.0,0.832,30.4,1752245823571
0.0,0.0,0.822,30.4,1752245823648
0.0,0.0,0.801,30.4,1752245823798
0.0,0.0,0.811,30.4,1752245823874
0.0,0.0,0.822,30.4,1752245824020
0.0,0.0,0.822,30.4,1752245824096
0.0,0.0,0.822,30.4,1752245824280
0.0,0.0,0.832,30.4,1752245824341
0.0,0.0,0.822,30.4,1752245824544
0.0,0.0,0.801,30.4,1752245824651
0.0,0.0,0.79,30.4,1752245824849
0.0,0.0,0.78,30.4,1752245824949
31.710308074951172,-97.18831634521484,0.78,30.4,1752245825000
0.0,0.0,0.78,30.4,1752245825282
0.0,0.0,0.79,30.4,1752245825366
0.0,0.0,0.78,30.4,1752245825479
0.0,0.0,0.759,30.4,1752245825555
0.0,0.0,0.749,30.4,1752245825704
0.0,0.0,0.77,30.4,1752245825781
0.0,0.0,0.78,30.4,1752245825928
0.0,0.0,0.853,30.4,1752245826116
0.0,0.0,0.863,30.4,1752245826184
0.0,0.0,0.967,30.4,1752245826574
0.0,0.0,1.03,30.4,1752245826819
0.0,0.0,1.092,30.4,1752245826910
31.710308074951172,-97.18831634521484,1.092,30.4,1752245827000
31.710311889648438,-97.18831634521484,1.092,30.4,1752245827000
31.71031379699707,-97.18832397460938,1.092,30.4,1752245827000
0.0,0.0,1.113,30.4,1752245827102
0.0,0.0,1.071,30.4,1752245827363
0.0,0.0,1.113,30.4,1752245827514
0.0,0.0,1.123,30.4,1752245827591
0.0,0.0,1.103,30.4,1752245827737
0.0,0.0,6.108,30.2,1752245854171
0.0,0.0,5.942,30.2,1752245854566
0.0,0.0,5.796,30.2,1752245854944
0.0,0.0,5.63,30.2,1752245855331
0.0,0.0,5.484,30.2,1752245855707
0.0,0.0,5.297,30.2,1752245856086
0.0,0.0,5.12,30.2,1752245856501
0.0,0.0,4.943,30.2,1752245856875
0.0,0.0,4.724,30.2,1752245857244
0.0,0.0,4.464,30.2,1752245857644
0.0,0.0,4.183,30.2,1752245858364
0.0,0.0,4.246,30.2,1752245858733
0.0,0.0,3.965,30.2,1752245859795
0.0,0.0,4.017,30.2,1752245860279
0.0,0.0,4.058,30.2,1752245860615
0.0,0.0,4.11,30.2,1752245860754
0.0,0.0,4.141,30.2,1752245860896
31.710268020629883,-97.18830871582031,4.194,30.2,1752245861000
0.0,0.0,4.194,30.2,1752245861038
0.0,0.0,4.277,30.2,1752245861188
0.0,0.0,4.329,30.2,1752245861345
0.0,0.0,4.422,30.2,1752245861482
0.0,0.0,4.547,30.2,1752245861629
0.0,0.0,4.693,30.2,1752245861775
0.0,0.0,4.443,30.2,1752245861917
0.0,0.0,4.62,30.2,1752245862060
0.0,0.0,4.495,30.2,1752245862211
0.0,0.0,4.37,30.2,1752245862375
0.0,0.0,4.235,30.2,1752245862522
0.0,0.0,4.131,30.2,1752245862675
0.0,0.0,3.985,30.2,1752245862821
0.0,0.0,3.84,30.2,1752245863144
0.0,0.0,3.736,30.2,1752245863306
0.0,0.0,3.59,30.2,1752245863454
0.0,0.0,3.507,30.2,1752245863609
0.0,0.0,3.392,30.2,1752245863756
0.0,0.0,3.527,30.2,1752245863904
0.0,0.0,3.403,30.2,1752245864054
0.0,0.0,3.444,30.2,1752245864209
0.0,0.0,3.496,30.2,1752245864360
0.0,0.0,3.559,30.2,1752245864510
0.0,0.0,3.59,30.2,1752245864661
0.0,0.0,3.642,30.2,1752245864810
0.0,0.0,3.704,30.2,1752245864958
31.710262298583984,-97.18830108642578,3.704,30.2,1752245865000
0.0,0.0,3.59,30.2,1752245865107
0.0,0.0,3.621,30.2,1752245865265
0.0,0.0,3.58,30.2,1752245865415
0.0,0.0,3.569,30.2,1752245865562
0.0,0.0,3.527,30.2,1752245865714
0.0,0.0,3.496,30.2,1752245865864
0.0,0.0,3.465,30.2,1752245866010
0.0,0.0,3.361,30.2,1752245866244
0.0,0.0,3.288,30.2,1752245866309
0.0,0.0,3.246,30.2,1752245866461
0.0,0.0,3.226,30.2,1752245866537
0.0,0.0,3.205,30.2,1752245866690
0.0,0.0,3.205,30.2,1752245866952
31.71025848388672,-97.18830108642578,3.205,30.2,1752245867000
0.0,0.0,3.174,30.2,1752245867104
0.0,0.0,3.184,30.2,1752245867187
0.0,0.0,3.153,30.2,1752245867346
0.0,0.0,3.163,30.2,1752245867424
0.0,0.0,3.163,30.2,1752245867579
0.0,0.0,3.194,30.2,1752245867658
0.0,0.0,3.257,30.2,1752245867810
0.0,0.0,3.267,30.2,1752245867886
0.0,0.0,3.278,30.2,1752245868039
0.0,0.0,3.267,30.2,1752245868117
0.0,0.0,3.267,30.2,1752245868287
0.0,0.0,3.257,30.2,1752245868368
0.0,0.0,3.267,30.2,1752245868571
0.0,0.0,3.226,30.2,1752245868674
0.0,0.0,3.205,30.2,1752245868872
31.710250854492188,-97.18830108642578,3.205,30.2,1752245869000
0.0,0.0,3.174,30.2,1752245869141
0.0,0.0,3.153,30.2,1752245869305
0.0,0.0,3.132,30.2,1752245869381
0.0,0.0,3.09,30.2,1752245869536
0.0,0.0,3.09,30.2,1752245869618
0.0,0.0,3.122,30.2,1752245869774
0.0,0.0,3.142,30.2,1752245869850
0.0,0.0,3.111,30.2,1752245870002
0.0,0.0,3.132,30.2,1752245870080
0.0,0.0,3.122,30.2,1752245870250
0.0,0.0,3.153,30.2,1752245870326
0.0,0.0,3.174,30.2,1752245870482
0.0,0.0,3.194,30.2,1752245870589
31.710247039794922,-97.18830108642578,3.226,30.2,1752245871000
0.0,0.0,3.226,30.2,1752245871056
0.0,0.0,3.236,30.2,1752245871123
0.0,0.0,3.278,30.2,1752245871286
0.0,0.0,3.288,30.2,1752245871363
0.0,0.0,3.278,30.2,1752245871521
0.0,0.0,3.267,30.2,1752245871599
0.0,0.0,3.299,30.2,1752245871750
0.0,0.0,3.309,30.2,1752245871826
0.0,0.0,3.299,30.2,1752245871980
0.0,0.0,3.278,30.2,1752245872056
0.0,0.0,3.257,30.2,1752245872209
0.0,0.0,3.267,30.2,1752245872305
0.0,0.0,3.278,30.2,1752245872456
0.0,0.0,3.278,30.2,1752245872531
0.0,0.0,3.278,30.2,1752245872727
0.0,0.0,3.309,30.2,1752245872831
31.710243225097656,-97.18829345703125,3.309,30.2,1752245873000
0.0,0.0,3.319,30.2,1752245873179
0.0,0.0,3.319,30.2,1752245873264
0.0,0.0,3.33,30.2,1752245873424
0.0,0.0,3.288,30.2,1752245873500
0.0,0.0,3.33,30.2,1752245873728
0.0,0.0,3.351,30.2,1752245873793
0.0,0.0,3.33,30.2,1752245873947
0.0,0.0,3.309,30.2,1752245874024
0.0,0.0,3.299,30.2,1752245874183
0.0,0.0,3.319,30.2,1752245874278
0.0,0.0,3.34,30.2,1752245874429
0.0,0.0,3.319,30.2,1752245874506
0.0,0.0,3.34,30.2,1752245874713
0.0,0.0,3.34,30.2,1752245874815
31.710237503051758,-97.18829345703125,3.33,30.2,1752245875000
0.0,0.0,3.33,30.2,1752245875171
0.0,0.0,3.34,30.2,1752245875441
0.0,0.0,3.309,30.2,1752245875621
0.0,0.0,3.319,30.2,1752245875686
0.0,0.0,3.351,30.2,1752245875838
31.710237503051758,-97.18829345703125,3.361,30.2,1752245876000
0.0,0.0,3.361,30.2,1752245876093
0.0,0.0,3.246,30.2,1752245876516
0.0,0.0,3.08,30.2,1752245876612
0.0,0.0,2.945,30.2,1752245876820
0.0,0.0,2.799,30.2,1752245876923
0.0,0.0,2.685,30.2,1752245877245
0.0,0.0,2.57,30.2,1752245877330
0.0,0.0,2.424,30.2,1752245877496
0.0,0.0,2.289,30.2,1752245877598
0.0,0.0,2.154,30.2,1752245877804
0.0,0.0,1.987,30.2,1752245877908
31.710235595703125,-97.18829345703125,1.987,30.2,1752245878000
0.0,0.0,1.873,30.2,1752245878110
0.0,0.0,1.706,30.2,1752245878386
0.0,0.0,1.758,30.2,1752245878542
0.0,0.0,1.821,30.2,1752245878620
0.0,0.0,1.862,30.2,1752245878774
0.0,0.0,1.925,30.2,1752245878856
0.0,0.0,1.935,30.2,1752245879015
0.0,0.0,1.966,30.2,1752245879093
0.0,0.0,1.998,30.2,1752245879265
0.0,0.0,2.018,30.2,1752245879341
0.0,0.0,2.039,30.2,1752245879537
0.0,0.0,2.05,30.2,1752245879643
0.0,0.0,2.018,30.2,1752245879846
31.71023178100586,-97.18829345703125,2.039,30.2,1752245880000
0.0,0.0,2.039,30.2,1752245880108
0.0,0.0,1.956,30.2,1752245880269
0.0,0.0,1.883,30.2,1752245880346
0.0,0.0,1.779,30.2,1752245880498
0.0,0.0,1.696,30.2,1752245880576
0.0,0.0,1.592,30.2,1752245880730
0.0,0.0,1.488,30.2,1752245880811
0.0,0.0,1.394,30.2,1752245880963
0.0,0.0,1.29,30.2,1752245881041
0.0,0.0,1.248,30.2,1752245881194
0.0,0.0,1.217,30.2,1752245881291
0.0,0.0,1.207,30.2,1752245881439
0.0,0.0,1.175,30.2,1752245881524
0.0,0.0,1.144,30.2,1752245881731
0.0,0.0,1.113,30.2,1752245881834
31.710227966308594,-97.18828582763672,1.113,30.2,1752245882000
0.0,0.0,1.113,30.2,1752245882015
0.0,0.0,1.123,30.2,1752245882267
0.0,0.0,1.134,30.2,1752245882418
0.0,0.0,1.123,30.2,1752245882495
0.0,0.0,1.082,30.2,1752245882643
0.0,0.0,1.092,30.2,1752245882719
0.0,0.0,1.071,30.2,1752245882871
0.0,0.0,1.051,30.2,1752245882947
0.0,0.0,1.03,30.2,1752245883096
0.0,0.0,1.009,30.2,1752245883177
0.0,0.0,1.009,30.2,1752245883339
0.0,0.0,0.999,30.2,1752245883415
0.0,0.0,0.988,30.2,1752245883587
0.0,0.0,0.967,30.2,1752245883694
0.0,0.0,0.947,30.2,1752245883889
0.0,0.0,0.936,30.2,1752245883987
31.710224151611328,-97.18828582763672,0.936,30.2,1752245884000
0.0,0.0,0.947,30.2,1752245884317
0.0,0.0,0.947,30.2,1752245884394
0.0,0.0,0.915,30.2,1752245884542
0.0,0.0,0.895,30.2,1752245884619
0.0,0.0,0.895,30.2,1752245884767
0.0,0.0,0.905,30.2,1752245884844
0.0,0.0,0.905,30.2,1752245884990
0.0,0.0,0.905,30.2,1752245885066
0.0,0.0,0.915,30.2,1752245885214
0.0,0.0,0.926,30.2,1752245885307
0.0,0.0,0.926,30.2,1752245885451
0.0,0.0,0.926,30.2,1752245885546
0.0,0.0,0.915,30.2,1752245885743
0.0,0.0,0.884,30.2,1752245885844
31.710220336914062,-97.18827819824219,0.895,30.2,1752245886000
0.0,0.0,0.895,30.2,1752245886025
0.0,0.0,0.895,30.2,1752245886278
0.0,0.0,0.895,30.2,1752245886422
0.0,0.0,0.884,30.2,1752245886499
0.0,0.0,0.874,30.2,1752245886647
0.0,0.0,0.874,30.2,1752245886724
0.0,0.0,0.863,30.2,1752245886867
0.0,0.0,0.853,30.2,1752245886943
0.0,0.0,0.842,30.2,1752245887088
0.0,0.0,0.842,30.2,1752245887167
0.0,0.0,0.842,30.2,1752245887326
0.0,0.0,0.842,30.2,1752245887402
0.0,0.0,0.832,30.2,1752245887579
0.0,0.0,0.842,30.2,1752245887685
0.0,0.0,0.863,30.2,1752245887873
0.0,0.0,0.874,30.2,1752245887976
31.71021842956543,-97.18827819824219,0.874,30.2,1752245888000
0.0,0.0,0.895,30.2,1752245888298
0.0,0.0,0.895,30.2,1752245888375
0.0,0.0,0.915,30.2,1752245888520
0.0,0.0,0.936,30.2,1752245888598
0.0,0.0,0.947,30.2,1752245888743
0.0,0.0,0.967,30.2,1752245888819
0.0,0.0,0.999,30.2,1752245888958
0.0,0.0,1.03,30.2,1752245889035
0.0,0.0,1.061,30.2,1752245889186
0.0,0.0,1.082,30.2,1752245889281
0.0,0.0,1.082,30.2,1752245889420
0.0,0.0,1.092,30.2,1752245889507
0.0,0.0,1.113,30.2,1752245889698
0.0,0.0,1.134,30.2,1752245889803
0.0,0.0,1.144,30.2,1752245889981
31.71021270751953,-97.18827819824219,1.144,30.2,1752245890000
0.0,0.0,1.165,30.2,1752245890232
0.0,0.0,1.186,30.2,1752245890371
0.0,0.0,1.186,30.2,1752245890451
0.0,0.0,1.186,30.2,1752245890589
0.0,0.0,1.175,30.2,1752245890666
0.0,0.0,1.175,30.2,1752245890804
0.0,0.0,1.186,30.2,1752245890880
0.0,0.0,1.217,30.2,1752245891017
0.0,0.0,1.217,30.2,1752245891094
0.0,0.0,1.238,30.2,1752245891251
0.0,0.0,1.259,30.2,1752245891328
0.0,0.0,1.259,30.2,1752245891489
0.0,0.0,1.269,30.2,1752245891596
0.0,0.0,1.28,30.2,1752245891777
0.0,0.0,1.3,30.2,1752245891883
31.71021270751953,-97.18827819824219,1.3,30.2,1752245892000
0.0,0.0,1.311,30.2,1752245892196
0.0,0.0,1.332,30.2,1752245892280
0.0,0.0,1.352,30.2,1752245892423
0.0,0.0,1.373,30.2,1752245892499
0.0,0.0,1.373,30.2,1752245892635
0.0,0.0,1.394,30.2,1752245892712
0.0,0.0,1.404,30.2,1752245892846
0.0,0.0,1.404,30.2,1752245892922
31.7102108001709,-97.18827056884766,1.446,30.2,1752245893000
0.0,0.0,1.446,30.2,1752245893060
0.0,0.0,1.477,30.2,1752245893136
0.0,0.0,1.509,30.2,1752245893289
0.0,0.0,1.529,30.2,1752245893366
0.0,0.0,1.571,30.2,1752245893516
0.0,0.0,1.592,30.2,1752245893625
0.0,0.0,1.623,30.2,1752245893806
0.0,0.0,1.665,30.2,1752245893909
0.0,0.0,1.696,30.2,1752245894218
0.0,0.0,1.717,30.2,1752245894302
0.0,0.0,1.748,30.2,1752245894447
0.0,0.0,1.758,30.2,1752245894541
0.0,0.0,1.79,30.2,1752245894717
0.0,0.0,1.8,30.2,1752245894823
0.0,0.0,1.831,30.2,1752245894997
31.710208892822266,-97.18827056884766,1.831,30.2,1752245895000
0.0,0.0,1.852,30.2,1752245895095
0.0,0.0,1.842,30.2,1752245895419
0.0,0.0,1.852,30.2,1752245895496
0.0,0.0,1.862,30.2,1752245895647
0.0,0.0,1.862,30.2,1752245895725
0.0,0.0,1.873,30.2,1752245895868
0.0,0.0,1.883,30.2,1752245895945
0.0,0.0,1.904,30.2,1752245896090
0.0,0.0,1.925,30.2,1752245896170
0.0,0.0,1.925,30.2,1752245896325
0.0,0.0,1.946,30.2,1752245896400
0.0,0.0,1.956,30.2,1752245896573
0.0,0.0,1.966,30.2,1752245896674
0.0,0.0,1.998,30.2,1752245896863
0.0,0.0,2.029,30.2,1752245896963
31.710205078125,-97.18826293945312,2.029,30.2,1752245897000
0.0,0.0,2.05,30.2,1752245897282
0.0,0.0,2.07,30.2,1752245897366
0.0,0.0,2.07,30.2,1752245897505
0.0,0.0,2.102,30.2,1752245897581
0.0,0.0,2.112,30.2,1752245897723
0.0,0.0,2.123,30.2,1752245897798
0.0,0.0,2.143,30.2,1752245897942
0.0,0.0,2.154,30.2,1752245898017
0.0,0.0,2.154,30.2,1752245898161
0.0,0.0,2.154,30.2,1752245898256
0.0,0.0,2.164,30.2,1752245898396
0.0,0.0,2.164,30.2,1752245898483
0.0,0.0,2.164,30.2,1752245898681
0.0,0.0,2.185,30.2,1752245898780
0.0,0.0,2.195,30.2,1752245898951
31.7101993560791,-97.18826293945312,2.195,30.2,1752245899000
0.0,0.0,2.185,30.2,1752245899204
0.0,0.0,2.185,30.2,1752245899342
0.0,0.0,2.185,30.2,1752245899417
0.0,0.0,2.195,30.2,1752245899555
0.0,0.0,2.216,30.2,1752245899629
0.0,0.0,2.227,30.2,1752245899770
0.0,0.0,2.227,30.2,1752245899844
0.0,0.0,2.237,30.2,1752245899985
0.0,0.0,2.227,30.2,1752245900060
0.0,0.0,2.247,30.2,1752245900201
0.0,0.0,2.247,30.2,1752245900293
0.0,0.0,2.247,30.2,1752245900430
0.0,0.0,2.268,30.2,1752245900515
0.0,0.0,2.268,30.2,1752245900707
0.0,0.0,2.268,30.2,1752245900812
0.0,0.0,2.258,30.2,1752245900987
31.71019172668457,-97.18826293945312,2.258,30.2,1752245901000
0.0,0.0,2.258,30.2,1752245901239
0.0,0.0,2.268,30.2,1752245901380
0.0,0.0,2.258,30.2,1752245901455
0.0,0.0,2.289,30.2,1752245901595
0.0,0.0,2.31,30.2,1752245901672
0.0,0.0,2.31,30.2,1752245901811
0.0,0.0,2.31,30.2,1752245901885
0.0,0.0,2.32,30.2,1752245902025
0.0,0.0,2.331,30.2,1752245902100
0.0,0.0,2.341,30.2,1752245902258
0.0,0.0,2.362,30.2,1752245902331
0.0,0.0,2.362,30.2,1752245902498
0.0,0.0,2.393,30.2,1752245902603
0.0,0.0,2.383,30.2,1752245902787
0.0,0.0,2.393,30.2,1752245902890
31.710186004638672,-97.18826293945312,2.393,30.2,1752245903000
0.0,0.0,2.404,30.2,1752245903205
0.0,0.0,2.414,30.2,1752245903286
0.0,0.0,2.414,30.2,1752245903428
0.0,0.0,2.424,30.2,1752245903506
0.0,0.0,2.435,30.2,1752245903645
0.0,0.0,2.424,30.2,1752245903719
0.0,0.0,2.414,30.2,1752245903857
0.0,0.0,2.414,30.2,1752245903931
0.0,0.0,2.435,30.2,1752245904073
0.0,0.0,2.414,30.2,1752245904147
0.0,0.0,2.424,30.2,1752245904313
0.0,0.0,2.414,30.2,1752245904386
0.0,0.0,2.424,30.2,1752245904547
0.0,0.0,2.435,30.2,1752245904651
0.0,0.0,2.445,30.2,1752245904840
0.0,0.0,2.435,30.2,1752245904939
31.71017837524414,-97.18826293945312,2.435,30.2,1752245905000
0.0,0.0,2.456,30.2,1752245905264
0.0,0.0,2.466,30.2,1752245905342
0.0,0.0,2.476,30.2,1752245905483
0.0,0.0,2.487,30.2,1752245905557
0.0,0.0,2.487,30.2,1752245905698
0.0,0.0,2.497,30.2,1752245905772
0.0,0.0,2.497,30.2,1752245905912
0.0,0.0,2.528,30.2,1752245905988
31.71017074584961,-97.1882553100586,2.528,30.2,1752245906000
0.0,0.0,2.518,30.2,1752245906129
0.0,0.0,2.518,30.2,1752245906214
0.0,0.0,2.518,30.2,1752245906363
0.0,0.0,2.528,30.2,1752245906438
0.0,0.0,2.518,30.2,1752245906606
0.0,0.0,2.528,30.2,1752245906708
0.0,0.0,2.549,30.2,1752245906900
0.0,0.0,2.549,30.2,1752245907003
0.0,0.0,2.539,30.2,1752245907333
0.0,0.0,2.528,30.2,1752245907416
0.0,0.0,2.539,30.2,1752245907588
0.0,0.0,2.518,30.2,1752245907690
0.0,0.0,2.539,30.2,1752245907880
0.0,0.0,2.56,30.2,1752245907976
0.0,0.0,2.58,30.2,1752245908151
0.0,0.0,2.57,30.2,1752245908411
0.0,0.0,2.601,30.2,1752245908552
0.0,0.0,2.612,30.2,1752245908627
0.0,0.0,2.58,30.2,1752245908768
0.0,0.0,2.601,30.2,1752245908843
0.0,0.0,2.601,30.2,1752245908985
31.710166931152344,-97.1882553100586,2.601,30.2,1752245909000
0.0,0.0,2.612,30.2,1752245909059
0.0,0.0,2.643,30.2,1752245909205
0.0,0.0,2.664,30.2,1752245909288
0.0,0.0,2.632,30.2,1752245909430
0.0,0.0,2.643,30.2,1752245909505
0.0,0.0,2.632,30.2,1752245909649
0.0,0.0,2.632,30.2,1752245909726
0.0,0.0,2.643,30.2,1752245909868
0.0,0.0,2.664,30.2,1752245909944
31.710161209106445,-97.18824768066406,2.664,30.2,1752245910000
0.0,0.0,2.695,30.2,1752245910083
0.0,0.0,2.705,30.2,1752245910162
0.0,0.0,2.705,30.2,1752245910316
0.0,0.0,2.705,30.2,1752245910391
0.0,0.0,2.705,30.2,1752245910526
0.0,0.0,2.705,30.2,1752245910599
0.0,0.0,2.737,30.2,1752245910787
0.0,0.0,2.737,30.2,1752245910891
0.0,0.0,2.737,30.2,1752245911217
0.0,0.0,2.757,30.2,1752245911290
0.0,0.0,2.757,30.2,1752245911434
0.0,0.0,2.737,30.2,1752245911528
0.0,0.0,2.737,30.2,1752245911711
0.0,0.0,2.737,30.2,1752245911808
0.0,0.0,2.726,30.2,1752245911985
31.71015739440918,-97.18824768066406,2.726,30.2,1752245912000
0.0,0.0,2.716,30.2,1752245912078
0.0,0.0,2.705,30.2,1752245912405
0.0,0.0,2.716,30.2,1752245912479
0.0,0.0,2.705,30.2,1752245912615
0.0,0.0,2.726,30.2,1752245912688
0.0,0.0,2.737,30.2,1752245912825
0.0,0.0,2.716,30.2,1752245912901
0.0,0.0,2.737,30.2,1752245913039
0.0,0.0,2.757,30.2,1752245913113
0.0,0.0,2.757,30.2,1752245913266
0.0,0.0,2.757,30.2,1752245913340
0.0,0.0,2.778,30.2,1752245913492
0.0,0.0,2.789,30.2,1752245913596
0.0,0.0,2.809,30.2,1752245913771
0.0,0.0,2.82,30.2,1752245913868
31.71015739440918,-97.18824768066406,2.82,30.2,1752245914000
0.0,0.0,2.82,30.2,1752245914185
0.0,0.0,2.82,30.2,1752245914265
0.0,0.0,2.82,30.2,1752245914397
0.0,0.0,2.841,30.2,1752245914470
0.0,0.0,2.851,30.2,1752245914606
0.0,0.0,2.872,30.2,1752245914679
0.0,0.0,2.861,30.2,1752245914812
0.0,0.0,2.872,30.2,1752245914886
0.0,0.0,2.882,30.2,1752245915019
0.0,0.0,2.893,30.2,1752245915091
0.0,0.0,2.903,30.2,1752245915243
0.0,0.0,2.903,30.2,1752245915315
0.0,0.0,2.913,30.2,1752245915462
0.0,0.0,2.913,30.2,1752245915565
0.0,0.0,2.913,30.2,1752245915748
0.0,0.0,2.893,30.2,1752245915849
31.710153579711914,-97.18824005126953,2.893,30.2,1752245916000
0.0,0.0,2.893,30.2,1752245916159
0.0,0.0,2.882,30.2,1752245916245
0.0,0.0,2.903,30.2,1752245916377
0.0,0.0,2.893,30.2,1752245916453
0.0,0.0,2.893,30.2,1752245916586
0.0,0.0,2.882,30.2,1752245916660
0.0,0.0,2.882,30.2,1752245916792
0.0,0.0,2.893,30.2,1752245916866
0.0,0.0,2.893,30.2,1752245916998
31.71015167236328,-97.18824005126953,2.893,30.2,1752245917000
0.0,0.0,2.903,30.2,1752245917071
0.0,0.0,2.893,30.2,1752245917205
0.0,0.0,2.913,30.2,1752245917295
0.0,0.0,2.924,30.2,1752245917426
0.0,0.0,2.913,30.2,1752245917503
0.0,0.0,2.924,30.2,1752245917685
0.0,0.0,2.924,30.2,1752245917781
0.0,0.0,2.934,30.2,1752245917952
0.0,0.0,2.945,30.2,1752245918210
0.0,0.0,2.945,30.2,1752245918348
0.0,0.0,2.955,30.2,1752245918429
0.0,0.0,2.945,30.2,1752245918583
0.0,0.0,2.945,30.2,1752245918686
0.0,0.0,2.955,30.2,1752245918855
0.0,0.0,2.955,30.2,1752245918955
31.71015167236328,-97.18824005126953,2.955,30.2,1752245919000
0.0,0.0,2.955,30.2,1752245919125
0.0,0.0,2.965,30.2,1752245919380
0.0,0.0,2.955,30.2,1752245919510
0.0,0.0,2.965,30.2,1752245919583
0.0,0.0,2.955,30.2,1752245919714
0.0,0.0,2.965,30.2,1752245919787
0.0,0.0,2.965,30.2,1752245919916
0.0,0.0,2.965,30.2,1752245919993
0.0,0.0,2.965,30.2,1752245920123
0.0,0.0,2.976,30.2,1752245920204
0.0,0.0,2.955,30.2,1752245920341
0.0,0.0,2.955,30.2,1752245920435
0.0,0.0,2.965,30.2,1752245920617
0.0,0.0,2.965,30.2,1752245920718
0.0,0.0,2.955,30.2,1752245920903
31.710145950317383,-97.18824005126953,2.955,30.2,1752245921000
0.0,0.0,2.955,30.2,1752245921004
0.0,0.0,2.955,30.2,1752245921334
0.0,0.0,2.955,30.2,1752245921414
0.0,0.0,2.955,30.2,1752245921545
0.0,0.0,2.955,30.2,1752245921618
0.0,0.0,2.955,30.2,1752245921750
0.0,0.0,2.955,30.2,1752245921821
0.0,0.0,2.976,30.2,1752245921957
0.0,0.0,2.976,30.2,1752245922030
0.0,0.0,2.976,30.2,1752245922159
0.0,0.0,2.986,30.2,1752245922253
0.0,0.0,3.007,30.2,1752245922399
0.0,0.0,3.007,30.2,1752245922501
0.0,0.0,3.007,30.2,1752245922675
0.0,0.0,3.007,30.2,1752245922770
0.0,0.0,3.007,30.2,1752245922943
31.710132598876953,-97.188232421875,3.007,30.2,1752245923000
0.0,0.0,3.007,30.2,1752245923190
0.0,0.0,3.018,30.2,1752245923330
0.0,0.0,3.018,30.2,1752245923403
0.0,0.0,3.007,30.2,1752245923534
0.0,0.0,3.007,30.2,1752245923608
0.0,0.0,3.007,30.2,1752245923745
0.0,0.0,3.007,30.2,1752245923819
0.0,0.0,2.997,30.2,1752245923954
0.0,0.0,3.007,30.2,1752245924026
0.0,0.0,3.007,30.2,1752245924162
0.0,0.0,3.007,30.2,1752245924256
0.0,0.0,3.018,30.2,1752245924388
0.0,0.0,3.018,30.2,1752245924465
0.0,0.0,3.018,30.2,1752245924647
0.0,0.0,3.018,30.2,1752245924749
0.0,0.0,3.028,30.2,1752245924922
31.710126876831055,-97.188232421875,3.028,30.2,1752245925000
0.0,0.0,3.049,30.2,1752245925171
0.0,0.0,3.038,30.2,1752245925311
0.0,0.0,3.049,30.2,1752245925384
0.0,0.0,3.038,30.2,1752245925519
0.0,0.0,3.038,30.2,1752245925594
0.0,0.0,3.038,30.2,1752245925727
0.0,0.0,3.049,30.2,1752245925800
0.0,0.0,3.038,30.2,1752245925933
31.710121154785156,-97.18822479248047,3.028,30.2,1752245926000
0.0,0.0,3.028,30.2,1752245926005
0.0,0.0,3.028,30.2,1752245926139
0.0,0.0,3.028,30.2,1752245926231
0.0,0.0,3.038,30.2,1752245926362
0.0,0.0,3.028,30.2,1752245926440
0.0,0.0,3.038,30.2,1752245926629
0.0,0.0,3.028,30.2,1752245926732
0.0,0.0,3.038,30.2,1752245926903
0.0,0.0,3.049,30.2,1752245927157
0.0,0.0,3.049,30.2,1752245927297
0.0,0.0,3.038,30.2,1752245927378
0.0,0.0,3.049,30.2,1752245927537
0.0,0.0,3.059,30.2,1752245927639
0.0,0.0,3.07,30.2,1752245927808
0.0,0.0,3.08,30.2,1752245927905
31.710119247436523,-97.18822479248047,3.08,30.2,1752245928000
0.0,0.0,3.08,30.2,1752245928081
0.0,0.0,3.08,30.2,1752245928327
0.0,0.0,3.07,30.2,1752245928468
0.0,0.0,3.07,30.2,1752245928541
0.0,0.0,3.08,30.2,1752245928672
0.0,0.0,3.059,30.2,1752245928745
0.0,0.0,3.059,30.2,1752245928879
0.0,0.0,3.07,30.2,1752245928953
0.0,0.0,3.07,30.2,1752245929089
0.0,0.0,3.059,30.2,1752245929164
0.0,0.0,3.059,30.2,1752245929315
0.0,0.0,3.059,30.2,1752245929387
0.0,0.0,3.059,30.2,1752245929528
0.0,0.0,3.059,30.2,1752245929632
0.0,0.0,3.08,30.2,1752245929806
0.0,0.0,3.07,30.2,1752245929910
31.710119247436523,-97.18822479248047,3.07,30.2,1752245930000
0.0,0.0,3.059,30.2,1752245930226
0.0,0.0,3.049,30.2,1752245930306
0.0,0.0,3.07,30.2,1752245930438
0.0,0.0,3.07,30.2,1752245930511
0.0,0.0,3.07,30.2,1752245930644
0.0,0.0,3.049,30.2,1752245930716
0.0,0.0,3.059,30.2,1752245930854
0.0,0.0,3.038,30.2,1752245930927
0.0,0.0,3.018,30.2,1752245931060
0.0,0.0,2.997,30.2,1752245931133
0.0,0.0,2.986,30.2,1752245931284
0.0,0.0,3.007,30.2,1752245931356
0.0,0.0,3.007,30.2,1752245931509
0.0,0.0,3.018,30.2,1752245931606
0.0,0.0,3.007,30.2,1752245931792
0.0,0.0,2.986,30.2,1752245931886
31.710113525390625,-97.18822479248047,2.986,30.2,1752245932000
0.0,0.0,2.965,30.2,1752245932200
0.0,0.0,2.955,30.2,1752245932280
0.0,0.0,2.945,30.2,1752245932413
0.0,0.0,2.976,30.2,1752245932487
0.0,0.0,2.976,30.2,1752245932624
0.0,0.0,2.997,30.2,1752245932699
0.0,0.0,2.965,30.2,1752245932832
0.0,0.0,2.965,30.2,1752245932905
0.0,0.0,2.945,30.2,1752245933037
0.0,0.0,2.934,30.2,1752245933110
0.0,0.0,2.924,30.2,1752245933263
0.0,0.0,2.913,30.2,1752245933336
0.0,0.0,2.945,30.2,1752245933481
0.0,0.0,2.955,30.2,1752245933584
0.0,0.0,2.945,30.2,1752245933763
0.0,0.0,2.903,30.2,1752245933863
31.71010971069336,-97.18822479248047,2.903,30.2,1752245934000
0.0,0.0,2.913,30.2,1752245934179
0.0,0.0,2.934,30.2,1752245934263
0.0,0.0,2.934,30.2,1752245934400
0.0,0.0,2.893,30.2,1752245934473
0.0,0.0,2.903,30.2,1752245934606
31.70987319946289,-97.18812561035156,4.131,30.2,1752245949000
0.0,0.0,4.131,30.2,1752245949686
0.0,0.0,4.1,30.2,1752245949752
0.0,0.0,4.11,30.2,1752245949895
0.0,0.0,4.131,30.2,1752245949970
0.0,0.0,4.131,30.2,1752245950103
0.0,0.0,4.131,30.2,1752245950179
0.0,0.0,4.131,30.2,1752245950328
0.0,0.0,4.131,30.2,1752245950402
0.0,0.0,4.131,30.2,1752245950778
0.0,0.0,4.131,30.2,1752245950878
31.709871292114258,-97.18812561035156,4.131,30.2,1752245951000
0.0,0.0,4.131,30.2,1752245951052
0.0,0.0,4.131,30.2,1752245951143
0.0,0.0,4.131,30.2,1752245951463
0.0,0.0,4.162,30.2,1752245951536
0.0,0.0,4.131,30.2,1752245951670
0.0,0.0,4.079,30.2,1752245951744
0.0,0.0,4.089,30.2,1752245951879
0.0,0.0,4.058,30.2,1752245951957
0.0,0.0,4.037,30.2,1752245952094
0.0,0.0,4.027,30.2,1752245952171
0.0,0.0,4.027,30.2,1752245952320
0.0,0.0,4.006,30.2,1752245952393
0.0,0.0,3.985,30.2,1752245952531
0.0,0.0,3.965,30.2,1752245952625
0.0,0.0,3.965,30.2,1752245952804
0.0,0.0,3.944,30.2,1752245952901
31.709871292114258,-97.18811798095703,3.944,30.2,1752245953000
0.0,0.0,3.944,30.2,1752245953205
0.0,0.0,3.954,30.2,1752245953284
0.0,0.0,3.933,30.2,1752245953418
0.0,0.0,3.954,30.2,1752245953491
0.0,0.0,3.944,30.2,1752245953625
0.0,0.0,3.913,30.2,1752245953699
0.0,0.0,3.892,30.2,1752245953837
0.0,0.0,3.902,30.2,1752245953911
0.0,0.0,3.871,30.2,1752245954045
0.0,0.0,3.84,30.2,1752245954117
0.0,0.0,3.798,30.2,1752245954269
0.0,0.0,3.788,30.2,1752245954342
0.0,0.0,3.767,30.2,1752245954478
0.0,0.0,3.725,30.2,1752245954562
0.0,0.0,3.684,30.2,1752245954743
0.0,0.0,3.621,30.2,1752245954840
31.709869384765625,-97.18811798095703,3.621,30.2,1752245955000
0.0,0.0,3.621,30.2,1752245955151
0.0,0.0,3.611,30.2,1752245955236
0.0,0.0,3.59,30.2,1752245955369
0.0,0.0,3.538,30.2,1752245955442
0.0,0.0,3.517,30.2,1752245955582
0.0,0.0,3.496,30.2,1752245955657
0.0,0.0,3.496,30.2,1752245955790
0.0,0.0,3.475,30.2,1752245955864
0.0,0.0,3.455,30.2,1752245955998
0.0,0.0,3.455,30.2,1752245956071
0.0,0.0,3.465,30.2,1752245956208
0.0,0.0,3.465,30.2,1752245956298
0.0,0.0,3.434,30.2,1752245956431
0.0,0.0,3.413,30.2,1752245956503
0.0,0.0,3.403,30.2,1752245956673
0.0,0.0,3.382,30.2,1752245956774
0.0,0.0,3.392,30.2,1752245956953
31.70986557006836,-97.18811798095703,3.392,30.2,1752245957000
0.0,0.0,3.382,30.2,1752245957195
0.0,0.0,3.361,30.2,1752245957338
0.0,0.0,3.351,30.2,1752245957411
0.0,0.0,3.34,30.2,1752245957545
0.0,0.0,3.33,30.2,1752245957618
0.0,0.0,3.309,30.2,1752245957753
0.0,0.0,3.257,30.2,1752245957828
0.0,0.0,3.257,30.2,1752245957962
31.709863662719727,-97.1881103515625,3.226,30.2,1752245958000
0.0,0.0,3.226,30.2,1752245958037
0.0,0.0,3.205,30.2,1752245958179
0.0,0.0,3.194,30.2,1752245958272
0.0,0.0,3.153,30.2,1752245958407
0.0,0.0,3.142,30.2,1752245958479
0.0,0.0,3.142,30.2,1752245958651
0.0,0.0,3.132,30.2,1752245958753
0.0,0.0,3.111,30.2,1752245958931
0.0,0.0,3.101,30.2,1752245959160
0.0,0.0,3.09,30.2,1752245959301
0.0,0.0,3.09,30.2,1752245959381
0.0,0.0,3.08,30.2,1752245959540
0.0,0.0,3.09,30.2,1752245959641
0.0,0.0,3.09,30.2,1752245959810
0.0,0.0,3.08,30.2,1752245959906
31.709861755371094,-97.1881103515625,3.07,30.2,1752245960000
0.0,0.0,3.07,30.2,1752245960077
0.0,0.0,3.08,30.2,1752245960320
0.0,0.0,3.07,30.2,1752245960459
0.0,0.0,3.049,30.2,1752245960534
0.0,0.0,3.049,30.2,1752245960668
0.0,0.0,3.007,30.2,1752245960744
0.0,0.0,3.007,30.2,1752245960877
0.0,0.0,2.986,30.2,1752245960955
0.0,0.0,2.965,30.2,1752245961090
0.0,0.0,2.945,30.2,1752245961165
0.0,0.0,2.913,30.2,1752245961314
0.0,0.0,2.903,30.2,1752245961387
0.0,0.0,2.882,30.2,1752245961518
0.0,0.0,2.861,30.2,1752245961621
0.0,0.0,2.83,30.2,1752245961801
0.0,0.0,2.83,30.2,1752245961902
31.70985984802246,-97.1881103515625,2.83,30.2,1752245962000
0.0,0.0,2.82,30.2,1752245962217
0.0,0.0,2.82,30.2,1752245962298
0.0,0.0,2.809,30.2,1752245962430
0.0,0.0,2.799,30.2,1752245962502
0.0,0.0,2.799,30.2,1752245962636
0.0,0.0,2.799,30.2,1752245962713
0.0,0.0,2.789,30.2,1752245962848
0.0,0.0,2.789,30.2,1752245962921
0.0,0.0,2.799,30.2,1752245963079
0.0,0.0,2.778,30.2,1752245963157
0.0,0.0,2.789,30.2,1752245963308
0.0,0.0,2.789,30.2,1752245963381
0.0,0.0,2.789,30.2,1752245963514
0.0,0.0,2.778,30.2,1752245963603
0.0,0.0,2.768,30.2,1752245963782
0.0,0.0,2.778,30.2,1752245963881
31.709856033325195,-97.1881103515625,2.778,30.2,1752245964000
0.0,0.0,2.768,30.2,1752245964200
0.0,0.0,2.778,30.2,1752245964280
0.0,0.0,2.757,30.2,1752245964412
0.0,0.0,2.757,30.2,1752245964486
0.0,0.0,2.737,30.2,1752245964622
0.0,0.0,2.737,30.2,1752245964696
0.0,0.0,2.726,30.2,1752245964830
0.0,0.0,2.726,30.2,1752245964902
0.0,0.0,2.726,30.2,1752245965037
0.0,0.0,2.726,30.2,1752245965111
0.0,0.0,2.716,30.2,1752245965262
0.0,0.0,2.716,30.2,1752245965336
0.0,0.0,2.705,30.2,1752245965477
0.0,0.0,2.695,30.2,1752245965581
0.0,0.0,2.695,30.2,1752245965764
0.0,0.0,2.685,30.2,1752245965864
31.709854125976562,-97.1881103515625,2.685,30.2,1752245966000
0.0,0.0,2.705,30.2,1752245966181
0.0,0.0,2.705,30.2,1752245966263
0.0,0.0,2.705,30.2,1752245966400
0.0,0.0,2.705,30.2,1752245966473
0.0,0.0,2.705,30.2,1752245966606
0.0,0.0,2.695,30.2,1752245966679
0.0,0.0,2.695,30.2,1752245966813
0.0,0.0,2.685,30.2,1752245966886
31.709850311279297,-97.1881103515625,2.685,30.2,1752245967000
0.0,0.0,2.685,30.2,1752245967018
0.0,0.0,2.695,30.2,1752245967091
0.0,0.0,2.716,30.2,1752245967244
0.0,0.0,2.716,30.2,1752245967319
0.0,0.0,2.705,30.2,1752245967474
0.0,0.0,2.695,30.2,1752245967577
0.0,0.0,2.695,30.2,1752245967756
0.0,0.0,2.737,30.2,1752245967855
0.0,0.0,2.747,30.2,1752245968166
0.0,0.0,2.768,30.2,1752245968252
0.0,0.0,2.789,30.2,1752245968395
0.0,0.0,2.799,30.2,1752245968477
0.0,0.0,2.799,30.2,1752245968658
0.0,0.0,2.82,30.2,1752245968754
0.0,0.0,2.789,30.2,1752245968932
31.70984649658203,-97.1881103515625,2.778,30.2,1752245969000
0.0,0.0,2.778,30.2,1752245969027
0.0,0.0,2.809,30.2,1752245969349
0.0,0.0,2.809,30.2,1752245969428
0.0,0.0,2.82,30.2,1752245969559
0.0,0.0,2.757,30.2,1752245969632
0.0,0.0,2.747,30.2,1752245969767
0.0,0.0,2.747,30.2,1752245969839
0.0,0.0,2.737,30.2,1752245969971
0.0,0.0,2.747,30.2,1752245970047
0.0,0.0,2.747,30.2,1752245970184
0.0,0.0,2.737,30.2,1752245970274
0.0,0.0,2.757,30.2,1752245970407
0.0,0.0,2.768,30.2,1752245970495
0.0,0.0,2.757,30.2,1752245970672
0.0,0.0,2.768,30.2,1752245970775
0.0,0.0,2.789,30.2,1752245970953
31.709840774536133,-97.18810272216797,2.789,30.2,1752245971000
0.0,0.0,2.82,30.2,1752245971199
0.0,0.0,2.841,30.2,1752245971340
0.0,0.0,2.82,30.2,1752245971412
0.0,0.0,2.82,30.2,1752245971543
0.0,0.0,2.82,30.2,1752245971616
0.0,0.0,2.82,30.4,1752245971757
0.0,0.0,2.841,30.4,1752245971833
0.0,0.0,2.83,30.4,1752245971964
0.0,0.0,2.82,30.4,1752245972037
0.0,0.0,2.82,30.4,1752245972181
0.0,0.0,2.799,30.4,1752245972273
0.0,0.0,2.789,30.4,1752245972403
0.0,0.0,2.778,30.4,1752245972498
0.0,0.0,2.778,30.4,1752245972682
0.0,0.0,2.778,30.4,1752245972781
0.0,0.0,2.778,30.4,1752245972951
31.709836959838867,-97.18810272216797,2.778,30.4,1752245973000
0.0,0.0,2.778,30.4,1752245973205
0.0,0.0,2.778,30.4,1752245973345
0.0,0.0,2.747,30.4,1752245973419
0.0,0.0,2.747,30.4,1752245973551
0.0,0.0,2.737,30.4,1752245973629
0.0,0.0,2.737,30.4,1752245973763
0.0,0.0,2.726,30.4,1752245973837
0.0,0.0,2.726,30.4,1752245973971
0.0,0.0,2.716,30.4,1752245974046
0.0,0.0,2.716,30.4,1752245974180
0.0,0.0,2.695,30.4,1752245974272
0.0,0.0,2.695,30.4,1752245974405
0.0,0.0,2.695,30.4,1752245974507
0.0,0.0,2.685,30.4,1752245974691
0.0,0.0,2.674,30.4,1752245974798
0.0,0.0,2.664,30.4,1752245974967
31.70983123779297,-97.18810272216797,2.664,30.4,1752245975000
0.0,0.0,2.653,30.4,1752245975221
0.0,0.0,2.643,30.4,1752245975359
0.0,0.0,2.643,30.4,1752245975435
0.0,0.0,2.632,30.4,1752245975565
0.0,0.0,2.622,30.4,1752245975639
0.0,0.0,2.612,30.4,1752245975769
0.0,0.0,2.601,30.4,1752245975842
0.0,0.0,2.58,30.4,1752245975975
0.0,0.0,2.57,30.4,1752245976048
0.0,0.0,2.549,30.4,1752245976181
0.0,0.0,2.528,30.4,1752245976270
0.0,0.0,2.539,30.4,1752245976399
0.0,0.0,2.528,30.4,1752245976494
0.0,0.0,2.497,30.4,1752245976672
0.0,0.0,2.487,30.4,1752245976774
0.0,0.0,2.466,30.4,1752245976948
31.709827423095703,-97.18809509277344,2.466,30.4,1752245977000
0.0,0.0,2.435,30.4,1752245977210
0.0,0.0,2.424,30.4,1752245977353
0.0,0.0,2.414,30.4,1752245977426
0.0,0.0,2.404,30.4,1752245977558
0.0,0.0,2.383,30.4,1752245977631
0.0,0.0,2.372,30.4,1752245977764
0.0,0.0,2.341,30.4,1752245977838
0.0,0.0,2.31,30.4,1752245977966
31.709823608398438,-97.18809509277344,2.31,30.4,1752245978000
0.0,0.0,2.268,30.4,1752245978040
0.0,0.0,2.258,30.4,1752245978178
0.0,0.0,2.237,30.4,1752245978268
0.0,0.0,2.206,30.4,1752245978397
0.0,0.0,2.175,30.4,1752245978485
0.0,0.0,2.133,30.4,1752245978667
0.0,0.0,2.133,30.4,1752245978769
0.0,0.0,2.091,30.4,1752245978946
0.0,0.0,2.05,30.4,1752245979198
0.0,0.0,2.07,30.4,1752245979335
0.0,0.0,2.112,30.4,1752245979417
0.0,0.0,2.133,30.4,1752245979575
0.0,0.0,2.154,30.4,1752245979673
0.0,0.0,2.175,30.4,1752245979842
0.0,0.0,2.195,30.4,1752245979944
31.70981788635254,-97.1880874633789,2.195,30.4,1752245980000
0.0,0.0,2.227,30.4,1752245980108
0.0,0.0,2.258,30.4,1752245980379
0.0,0.0,2.289,30.4,1752245980507
0.0,0.0,2.289,30.4,1752245980581
0.0,0.0,2.32,30.4,1752245980714
0.0,0.0,2.341,30.4,1752245980787
0.0,0.0,2.289,30.4,1752245980923
0.0,0.0,2.247,30.4,1752245980996
0.0,0.0,2.227,30.4,1752245981126
0.0,0.0,2.227,30.4,1752245981208
0.0,0.0,2.195,30.4,1752245981345
0.0,0.0,2.185,30.4,1752245981417
0.0,0.0,2.175,30.4,1752245981580
0.0,0.0,2.164,30.4,1752245981682
0.0,0.0,2.154,30.4,1752245981850
0.0,0.0,2.164,30.4,1752245981952
31.709814071655273,-97.1880874633789,2.164,30.4,1752245982000
0.0,0.0,2.164,30.4,1752245982265
0.0,0.0,2.143,30.4,1752245982346
0.0,0.0,2.185,30.4,1752245982476
0.0,0.0,2.237,30.4,1752245982549
0.0,0.0,2.247,30.4,1752245982683
0.0,0.0,2.279,30.4,1752245982757
0.0,0.0,2.31,30.4,1752245982889
0.0,0.0,2.32,30.4,1752245982963
0.0,0.0,2.341,30.4,1752245983093
0.0,0.0,2.362,30.4,1752245983169
0.0,0.0,2.362,30.4,1752245983313
0.0,0.0,2.351,30.4,1752245983386
0.0,0.0,2.372,30.4,1752245983558
0.0,0.0,2.393,30.4,1752245983661
0.0,0.0,2.393,30.4,1752245983836
0.0,0.0,2.393,30.4,1752245983932
31.709810256958008,-97.1880874633789,2.393,30.4,1752245984000
0.0,0.0,2.404,30.4,1752245984258
0.0,0.0,2.404,30.4,1752245984339
0.0,0.0,2.404,30.4,1752245984469
0.0,0.0,2.414,30.4,1752245984546
0.0,0.0,2.414,30.4,1752245984676
0.0,0.0,2.424,30.4,1752245984749
0.0,0.0,2.424,30.4,1752245984880
0.0,0.0,2.445,30.4,1752245984953
0.0,0.0,2.435,30.4,1752245985083
0.0,0.0,2.393,30.4,1752245985158
0.0,0.0,2.393,30.4,1752245985305
0.0,0.0,2.362,30.4,1752245985378
0.0,0.0,2.362,30.4,1752245985530
0.0,0.0,2.372,30.4,1752245985634
0.0,0.0,2.393,30.4,1752245985802
0.0,0.0,2.414,30.4,1752245985899
31.70980453491211,-97.18807983398438,2.414,30.4,1752245986000
0.0,0.0,2.404,30.4,1752245986212
0.0,0.0,2.414,30.4,1752245986296
0.0,0.0,2.414,30.4,1752245986427
0.0,0.0,2.435,30.4,1752245986501
0.0,0.0,2.445,30.4,1752245986631
0.0,0.0,2.456,30.4,1752245986704
0.0,0.0,2.476,30.4,1752245986836
0.0,0.0,2.508,30.4,1752245986909
31.709800720214844,-97.18807983398438,2.518,30.4,1752245987000
0.0,0.0,2.518,30.4,1752245987040
0.0,0.0,2.518,30.4,1752245987116
0.0,0.0,2.497,30.4,1752245987262
0.0,0.0,2.476,30.4,1752245987334
0.0,0.0,2.476,30.4,1752245987484
0.0,0.0,2.445,30.4,1752245987586
0.0,0.0,2.445,30.4,1752245987760
0.0,0.0,2.424,30.4,1752245987859
0.0,0.0,2.414,30.4,1752245988178
0.0,0.0,2.414,30.4,1752245988261
0.0,0.0,2.404,30.4,1752245988397
0.0,0.0,2.383,30.4,1752245988474
0.0,0.0,2.351,30.4,1752245988644
0.0,0.0,2.331,30.4,1752245988744
0.0,0.0,2.341,30.4,1752245988913
31.709793090820312,-97.18807983398438,2.351,30.4,1752245989000
0.0,0.0,2.351,30.4,1752245989011
0.0,0.0,2.362,30.4,1752245989328
0.0,0.0,2.393,30.4,1752245989410
0.0,0.0,2.393,30.4,1752245989539
0.0,0.0,2.393,30.4,1752245989612
0.0,0.0,2.393,30.4,1752245989745
0.0,0.0,2.383,30.4,1752245989818
0.0,0.0,2.372,30.2,1752245989955
0.0,0.0,2.372,30.2,1752245990033
0.0,0.0,2.393,30.2,1752245990178
0.0,0.0,2.393,30.2,1752245990270
0.0,0.0,2.393,30.2,1752245990401
0.0,0.0,2.393,30.2,1752245990476
0.0,0.0,2.372,30.2,1752245990649
0.0,0.0,2.351,30.2,1752245990750
0.0,0.0,2.341,30.2,1752245990922
31.709787368774414,-97.18807983398438,2.341,30.2,1752245991000
0.0,0.0,2.331,30.2,1752245991168
0.0,0.0,2.331,30.2,1752245991306
0.0,0.0,2.32,30.2,1752245991380
0.0,0.0,2.32,30.2,1752245991511
0.0,0.0,2.32,30.2,1752245991586
0.0,0.0,2.32,30.2,1752245991722
0.0,0.0,2.331,30.2,1752245991797
0.0,0.0,2.331,30.2,1752245991926
0.0,0.0,2.331,30.2,1752245992000
0.0,0.0,2.32,30.2,1752245992133
0.0,0.0,2.331,30.2,1752245992225
0.0,0.0,2.331,30.2,1752245992354
0.0,0.0,2.32,30.2,1752245992428
0.0,0.0,2.32,30.2,1752245992598
0.0,0.0,2.331,30.2,1752245992701
0.0,0.0,2.331,30.2,1752245992865
31.709779739379883,-97.1880874633789,2.299,30.2,1752245993000
0.0,0.0,2.299,30.2,1752245993113
0.0,0.0,2.31,30.2,1752245993252
0.0,0.0,2.279,30.2,1752245993326
0.0,0.0,2.279,30.2,1752245993460
0.0,0.0,2.279,30.2,1752245993532
0.0,0.0,2.289,30.2,1752245993663
0.0,0.0,2.289,30.2,1752245993736
0.0,0.0,2.279,30.2,1752245993866
0.0,0.0,2.279,30.2,1752245993939
31.709774017333984,-97.1880874633789,2.279,30.2,1752245994000
0.0,0.0,2.289,30.2,1752245994072
0.0,0.0,2.268,30.2,1752245994144
0.0,0.0,2.258,30.2,1752245994270
0.0,0.0,2.258,30.2,1752245994343
0.0,0.0,2.237,30.2,1752245994473
0.0,0.0,2.247,30.2,1752245994569
0.0,0.0,2.247,30.2,1752245994750
0.0,0.0,2.237,30.2,1752245994851
0.0,0.0,2.206,30.2,1752245995156
0.0,0.0,2.216,30.2,1752245995209
0.0,0.0,2.227,30.2,1752245995349
0.0,0.0,2.206,30.2,1752245995437
0.0,0.0,2.185,30.2,1752245995609
0.0,0.0,2.206,30.2,1752245995706
0.0,0.0,2.216,30.2,1752245995871
0.0,0.0,2.206,30.2,1752245995969
31.709768295288086,-97.1880874633789,2.206,30.2,1752245996000
0.0,0.0,2.237,30.2,1752245996283
0.0,0.0,2.227,30.2,1752245996333
0.0,0.0,2.227,30.2,1752245996463
0.0,0.0,2.237,30.2,1752245996539
0.0,0.0,2.258,30.2,1752245996673
0.0,0.0,2.258,30.2,1752245996748
0.0,0.0,2.258,30.2,1752245996882
0.0,0.0,2.258,30.2,1752245996961
0.0,0.0,2.258,30.2,1752245997087
0.0,0.0,2.268,30.2,1752245997127
0.0,0.0,2.237,30.2,1752245997274
0.0,0.0,2.227,30.2,1752245997346
0.0,0.0,2.206,30.2,1752245997478
0.0,0.0,2.206,30.2,1752245997578
0.0,0.0,2.195,30.2,1752245997746
0.0,0.0,2.185,30.2,1752245997843
31.709762573242188,-97.1880874633789,2.185,30.2,1752245998000
0.0,0.0,2.164,30.2,1752245998172
0.0,0.0,2.154,30.2,1752245998255
0.0,0.0,2.164,30.2,1752245998384
0.0,0.0,2.143,30.2,1752245998457
0.0,0.0,2.133,30.2,1752245998586
0.0,0.0,2.123,30.2,1752245998663
0.0,0.0,2.143,30.2,1752245998793
0.0,0.0,2.143,30.2,1752245998866
0.0,0.0,2.154,30.2,1752245998996
0.0,0.0,2.133,30.2,1752245999069
0.0,0.0,2.123,30.2,1752245999202
0.0,0.0,2.123,30.2,1752245999291
0.0,0.0,2.133,30.2,1752245999420
0.0,0.0,2.143,30.2,1752245999494
0.0,0.0,2.112,30.2,1752245999634
0.0,0.0,2.123,30.2,1752245999737
0.0,0.0,2.112,30.2,1752245999911
31.709758758544922,-97.1880874633789,2.112,30.2,1752246000000
0.0,0.0,2.123,30.2,1752246000165
0.0,0.0,2.091,30.2,1752246000299
0.0,0.0,2.07,30.2,1752246000376
0.0,0.0,2.05,30.2,1752246000503
0.0,0.0,2.05,30.2,1752246000576
0.0,0.0,2.05,30.2,1752246000703
0.0,0.0,2.039,30.2,1752246000775
0.0,0.0,2.039,30.2,1752246000904
0.0,0.0,2.029,30.2,1752246000979
31.709760665893555,-97.1880874633789,2.029,30.2,1752246001000
0.0,0.0,2.018,30.2,1752246001103
0.0,0.0,2.008,30.2,1752246001185
0.0,0.0,1.987,30.2,1752246001321
0.0,0.0,1.977,30.2,1752246001394
0.0,0.0,1.987,30.2,1752246001545
0.0,0.0,1.977,30.2,1752246001647
0.0,0.0,1.987,30.2,1752246001815
0.0,0.0,1.966,30.2,1752246001911
0.0,0.0,1.956,30.2,1752246002225
0.0,0.0,1.935,30.2,1752246002307
0.0,0.0,1.914,30.2,1752246002446
0.0,0.0,1.904,30.2,1752246002542
0.0,0.0,1.883,30.2,1752246002709
0.0,0.0,1.873,30.2,1752246002803
0.0,0.0,1.873,30.2,1752246002972
31.709754943847656,-97.1880874633789,1.873,30.2,1752246003000
0.0,0.0,1.862,30.2,1752246003064
0.0,0.0,1.842,30.2,1752246003381
0.0,0.0,1.831,30.2,1752246003461
0.0,0.0,1.821,30.2,1752246003590
0.0,0.0,1.81,30.2,1752246003663
0.0,0.0,1.79,30.2,1752246003791
0.0,0.0,1.779,30.2,1752246003866
0.0,0.0,1.769,30.2,1752246003994
0.0,0.0,1.758,30.2,1752246004068
0.0,0.0,1.748,30.2,1752246004202
0.0,0.0,1.758,30.2,1752246004294
0.0,0.0,1.748,30.2,1752246004423
0.0,0.0,1.727,30.2,1752246004511
0.0,0.0,1.706,30.2,1752246004694
0.0,0.0,1.696,30.2,1752246004795
0.0,0.0,1.675,30.2,1752246004961
31.709749221801758,-97.1880874633789,1.675,30.2,1752246005000
0.0,0.0,1.665,30.2,1752246005206
0.0,0.0,1.644,30.2,1752246005342
0.0,0.0,1.633,30.2,1752246005416
0.0,0.0,1.623,30.2,1752246005545
0.0,0.0,1.623,30.2,1752246005620
0.0,0.0,1.592,30.2,1752246005754
0.0,0.0,1.561,30.2,1752246005829
0.0,0.0,1.529,30.2,1752246005959
0.0,0.0,1.529,30.2,1752246006034
0.0,0.0,1.509,30.2,1752246006176
0.0,0.0,1.498,30.2,1752246006267
0.0,0.0,1.477,30.2,1752246006394
0.0,0.0,1.456,30.2,1752246006466
0.0,0.0,1.425,30.2,1752246006635
0.0,0.0,1.425,30.2,1752246006731
0.0,0.0,1.415,30.2,1752246006904
31.70974349975586,-97.18807983398438,1.415,30.2,1752246007000
0.0,0.0,1.384,30.2,1752246007157
0.0,0.0,1.363,30.2,1752246007292
0.0,0.0,1.363,30.2,1752246007366
0.0,0.0,1.384,30.2,1752246007495
0.0,0.0,1.332,30.2,1752246007567
0.0,0.0,1.311,30.2,1752246007695
0.0,0.0,1.3,30.2,1752246007767
0.0,0.0,1.29,30.2,1752246007894
0.0,0.0,1.269,30.2,1752246007966
0.0,0.0,1.248,30.2,1752246008095
0.0,0.0,1.217,30.2,1752246008173
0.0,0.0,1.186,30.2,1752246008316
0.0,0.0,1.175,30.2,1752246008390
0.0,0.0,1.175,30.2,1752246008539
0.0,0.0,1.155,30.2,1752246008638
0.0,0.0,1.123,30.2,1752246008812
0.0,0.0,1.134,30.2,1752246008907
31.709735870361328,-97.18807983398438,1.134,30.2,1752246009000
0.0,0.0,1.113,30.2,1752246009220
0.0,0.0,1.092,30.2,1752246009303
0.0,0.0,1.051,30.2,1752246009429
0.0,0.0,1.03,30.2,1752246009501
0.0,0.0,0.999,30.2,1752246009631
0.0,0.0,0.978,30.2,1752246009705
0.0,0.0,0.957,30.2,1752246009831
0.0,0.0,0.905,30.2,1752246009905
31.709732055664062,-97.18807220458984,0.874,30.2,1752246010000
0.0,0.0,0.874,30.2,1752246010036
0.0,0.0,0.842,30.2,1752246010111
0.0,0.0,0.811,30.2,1752246010258
0.0,0.0,0.78,30.2,1752246010333
0.0,0.0,0.749,30.2,1752246010463
0.0,0.0,0.718,30.2,1752246010563
0.0,0.0,0.707,30.2,1752246010738
0.0,0.0,0.697,30.2,1752246011119
0.0,0.0,0.697,30.2,1752246011195
0.0,0.0,0.707,30.2,1752246011332
0.0,0.0,0.697,30.2,1752246011411
0.0,0.0,0.707,30.2,1752246011586
0.0,0.0,0.707,30.2,1752246011689
0.0,0.0,0.697,30.2,1752246011865
0.0,0.0,0.697,30.2,1752246011964
31.709726333618164,-97.18807220458984,0.697,30.2,1752246012000
0.0,0.0,0.697,30.2,1752246012275
0.0,0.0,0.718,30.2,1752246012356
0.0,0.0,0.718,30.2,1752246012486
0.0,0.0,0.728,30.2,1752246012561
0.0,0.0,0.718,30.2,1752246012628
0.0,0.0,0.697,30.2,1752246012692
0.0,0.0,0.676,30.2,1752246012732
0.0,0.0,0.666,30.2,1752246012861
0.0,0.0,0.634,30.2,1752246012938
31.709720611572266,-97.18806457519531,0.645,30.2,1752246013000
0.0,0.0,0.645,30.2,1752246013004
0.0,0.0,0.624,30.2,1752246013067
0.0,0.0,0.634,30.2,1752246013107
0.0,0.0,0.634,30.2,1752246013176
0.0,0.0,0.593,30.2,1752246013282
0.0,0.0,0.614,30.2,1752246013349
0.0,0.0,0.603,30.2,1752246013388
0.0,0.0,0.603,30.2,1752246013452
0.0,0.0,0.593,30.2,1752246013558
0.0,0.0,0.603,30.2,1752246013651
0.0,0.0,0.603,30.2,1752246013701
0.0,0.0,0.603,30.2,1752246013792
0.0,0.0,0.582,30.2,1752246013951
31.709714889526367,-97.18806457519531,0.582,30.2,1752246014000
0.0,0.0,0.582,30.2,1752246014149
0.0,0.0,0.582,30.2,1752246014197
0.0,0.0,0.582,30.2,1752246014267
0.0,0.0,0.603,30.2,1752246014363
0.0,0.0,0.582,30.2,1752246014436
0.0,0.0,0.582,30.2,1752246014546
0.0,0.0,0.593,30.2,1752246014640
0.0,0.0,0.582,30.2,1752246014725
0.0,0.0,0.582,30.2,1752246014813
0.0,0.0,0.582,30.2,1752246014865
0.0,0.0,0.593,30.2,1752246014945
0.0,0.0,0.603,30.2,1752246015075
0.0,0.0,0.624,30.2,1752246015149
0.0,0.0,0.614,30.2,1752246015387
0.0,0.0,0.614,30.2,1752246015434
0.0,0.0,0.614,30.2,1752246015508
0.0,0.0,0.624,30.2,1752246015622
0.0,0.0,0.634,30.2,1752246015708
0.0,0.0,0.634,30.2,1752246015759
0.0,0.0,0.624,30.2,1752246015842
0.0,0.0,0.624,30.2,1752246015961
31.7097110748291,-97.18806457519531,0.624,30.2,1752246016000
0.0,0.0,0.634,30.2,1752246016046
0.0,0.0,0.624,30.2,1752246016132
0.0,0.0,0.634,30.2,1752246016190
0.0,0.0,0.593,30.2,1752246016433
0.0,0.0,0.582,30.2,1752246016529
0.0,0.0,0.582,30.2,1752246016597
0.0,0.0,0.582,30.2,1752246016637
0.0,0.0,0.582,30.2,1752246016702
0.0,0.0,0.582,30.2,1752246016795
0.0,0.0,0.593,30.2,1752246016860
0.0,0.0,0.603,30.2,1752246016899
0.0,0.0,0.603,30.2,1752246016964
31.70970916748047,-97.18805694580078,0.603,30.2,1752246017000
0.0,0.0,0.593,30.2,1752246017056
0.0,0.0,0.593,30.2,1752246017122
0.0,0.0,0.603,30.2,1752246017163
0.0,0.0,0.614,30.2,1752246017237
0.0,0.0,0.624,30.2,1752246017336
0.0,0.0,0.614,30.2,1752246017404
0.0,0.0,0.614,30.2,1752246017444
0.0,0.0,0.614,30.2,1752246017507
0.0,0.0,0.614,30.2,1752246017634
0.0,0.0,0.614,30.2,1752246017727
0.0,0.0,0.593,30.2,1752246017815
0.0,0.0,0.582,30.2,1752246017864
0.0,0.0,0.582,30.2,1752246017949
31.709705352783203,-97.18805694580078,0.582,30.2,1752246018000
0.0,0.0,0.582,30.2,1752246018218
0.0,0.0,0.582,30.2,1752246018290
0.0,0.0,0.582,30.2,1752246018331
0.0,0.0,0.582,30.2,1752246018397
0.0,0.0,0.582,30.2,1752246018498
0.0,0.0,0.582,30.2,1752246018580
0.0,0.0,0.593,30.2,1752246018672
0.0,0.0,0.593,30.2,1752246018722
0.0,0.0,0.603,30.2,1752246018808
0.0,0.0,0.77,30.4,1752246035021
0.0,0.0,0.749,30.4,1752246038769
0.0,0.0,0.728,30.4,1752246039623
0.0,0.0,0.718,30.4,1752246040197
0.0,0.0,0.749,30.4,1752246041008
0.0,0.0,0.79,30.4,1752246041408
0.0,0.0,0.77,30.4,1752246041833
0.0,0.0,0.811,30.4,1752246042261
0.0,0.0,0.842,30.4,1752246042653
0.0,0.0,0.842,30.4,1752246043802
0.0,0.0,0.822,30.4,1752246044169
0.0,0.0,0.863,30.4,1752246044560
0.0,0.0,0.895,30.4,1752246045149
0.0,0.0,0.957,30.4,1752246045543
0.0,0.0,0.967,30.4,1752246045966
0.0,0.0,1.071,30.4,1752246046391
0.0,0.0,1.082,30.4,1752246046811
0.0,0.0,1.03,30.4,1752246047240
0.0,0.0,1.03,30.4,1752246047661
0.0,0.0,0.978,30.4,1752246048087
0.0,0.0,0.915,30.4,1752246048914
0.0,0.0,0.957,30.4,1752246049731
0.0,0.0,0.967,30.4,1752246050145
0.0,0.0,0.895,30.4,1752246050571
0.0,0.0,0.926,30.4,1752246050996
0.0,0.0,0.863,30.4,1752246051426
0.0,0.0,0.853,30.4,1752246051505
0.0,0.0,0.718,30.4,1752246051641
0.0,0.0,0.676,30.4,1752246051720
0.0,0.0,0.697,30.4,1752246051864
0.0,0.0,0.676,30.4,1752246051941
31.70968246459961,-97.18804931640625,0.676,30.4,1752246052000
0.0,0.0,0.707,30.4,1752246052085
0.0,0.0,0.728,30.4,1752246052166
0.0,0.0,0.676,30.4,1752246052311
0.0,0.0,0.676,30.4,1752246052396
0.0,0.0,0.707,30.4,1752246052540
0.0,0.0,0.655,30.4,1752246052622
0.0,0.0,0.676,30.4,1752246052759
0.0,0.0,0.676,30.4,1752246052843
0.0,0.0,0.718,30.4,1752246052979
31.70968246459961,-97.18804931640625,0.718,30.4,1752246053000
0.0,0.0,0.738,30.4,1752246053063
0.0,0.0,0.738,30.4,1752246053207
0.0,0.0,0.738,30.4,1752246053306
0.0,0.0,0.718,30.4,1752246053445
0.0,0.0,0.697,30.4,1752246053523
0.0,0.0,0.697,30.4,1752246053672
0.0,0.0,0.697,30.4,1752246053750
0.0,0.0,0.655,30.4,1752246053935
0.0,0.0,0.645,30.4,1752246054145
0.0,0.0,0.634,30.4,1752246054311
0.0,0.0,0.645,30.4,1752246054407
0.0,0.0,0.645,30.4,1752246054604
0.0,0.0,0.645,30.4,1752246054715
0.0,0.0,0.614,30.4,1752246054910
0.0,0.0,0.614,30.4,1752246055015
0.0,0.0,0.614,30.4,1752246055205
0.0,0.0,0.561,30.4,1752246055462
0.0,0.0,0.572,30.4,1752246055603
0.0,0.0,0.572,30.4,1752246055682
0.0,0.0,0.572,30.4,1752246055823
0.0,0.0,0.603,30.4,1752246055904
31.70968246459961,-97.18804931640625,0.603,30.4,1752246056000
0.0,0.0,0.603,30.4,1752246056047
0.0,0.0,0.593,30.4,1752246056128
0.0,0.0,0.614,30.4,1752246056295
0.0,0.0,0.614,30.4,1752246056378
0.0,0.0,0.614,30.4,1752246056519
0.0,0.0,0.614,30.4,1752246056601
0.0,0.0,0.614,30.4,1752246056741
0.0,0.0,0.603,30.4,1752246056820
0.0,0.0,0.593,30.4,1752246056961
31.70968246459961,-97.18804931640625,0.593,30.4,1752246057000
0.0,0.0,0.614,30.4,1752246057041
0.0,0.0,0.614,30.4,1752246057187
0.0,0.0,0.614,30.4,1752246057286
0.0,0.0,0.603,30.4,1752246057435
0.0,0.0,0.614,30.4,1752246057555
0.0,0.0,0.593,30.4,1752246057757
0.0,0.0,0.593,30.4,1752246057866
0.0,0.0,0.593,30.4,1752246058044
0.0,0.0,0.582,30.4,1752246058298
0.0,0.0,0.582,30.4,1752246058455
0.0,0.0,0.572,30.4,1752246058560
0.0,0.0,0.572,30.4,1752246058753
0.0,0.0,0.572,30.4,1752246058860
0.0,0.0,0.572,30.4,1752246059045
0.0,0.0,0.572,30.4,1752246059164
0.0,0.0,0.582,30.4,1752246059484
0.0,0.0,0.593,30.4,1752246059596
0.0,0.0,0.593,30.4,1752246059680
0.0,0.0,0.603,30.4,1752246059818
0.0,0.0,0.603,30.4,1752246059900
31.709686279296875,-97.18804931640625,0.603,30.4,1752246060000
0.0,0.0,0.603,30.4,1752246060039
0.0,0.0,0.603,30.4,1752246060080
0.0,0.0,0.603,30.4,1752246060169
0.0,0.0,0.603,30.4,1752246060252
0.0,0.0,0.614,30.4,1752246060327
0.0,0.0,0.593,30.4,1752246060368
0.0,0.0,0.593,30.4,1752246060443
0.0,0.0,0.593,30.4,1752246060547
0.0,0.0,0.582,30.4,1752246060619
0.0,0.0,0.582,30.4,1752246060659
0.0,0.0,0.582,30.4,1752246060734
0.0,0.0,0.582,30.4,1752246060835
0.0,0.0,0.582,30.4,1752246060906
0.0,0.0,0.582,30.4,1752246060946
31.709686279296875,-97.18804931640625,0.582,30.4,1752246061000
0.0,0.0,0.582,30.4,1752246061121
0.0,0.0,0.582,30.4,1752246061210
0.0,0.0,0.582,30.4,1752246061367
0.0,0.0,0.582,30.4,1752246061447
0.0,0.0,0.582,30.4,1752246061655
0.0,0.0,0.582,30.4,1752246061715
0.0,0.0,0.593,30.4,1752246061766
0.0,0.0,0.593,30.4,1752246061862
31.709688186645508,-97.18804931640625,0.593,30.4,1752246062000
0.0,0.0,0.593,30.4,1752246062006
0.0,0.0,0.593,30.4,1752246062089
0.0,0.0,0.593,30.4,1752246062340
0.0,0.0,0.603,30.4,1752246062396
0.0,0.0,0.593,30.4,1752246062475
0.0,0.0,0.593,30.4,1752246062615
0.0,0.0,0.593,30.4,1752246062714
0.0,0.0,0.593,30.4,1752246062765
0.0,0.0,0.593,30.4,1752246062863
0.0,0.0,0.593,30.4,1752246063001
0.0,0.0,0.593,30.4,1752246063099
0.0,0.0,0.603,30.4,1752246063197
0.0,0.0,0.614,30.4,1752246063300
0.0,0.0,0.614,30.4,1752246063519
0.0,0.0,0.614,30.4,1752246063669
0.0,0.0,0.624,30.4,1752246063769
0.0,0.0,0.634,30.4,1752246063825
0.0,0.0,0.634,30.4,1752246063917
31.709688186645508,-97.18804168701172,0.655,30.4,1752246064000
0.0,0.0,0.655,30.4,1752246064058
0.0,0.0,0.655,30.4,1752246064137
0.0,0.0,0.655,30.4,1752246064378
0.0,0.0,0.655,30.4,1752246064426
0.0,0.0,0.655,30.4,1752246064504
0.0,0.0,0.655,30.4,1752246064606
0.0,0.0,0.655,30.4,1752246064678
0.0,0.0,0.655,30.4,1752246064721
0.0,0.0,0.655,30.4,1752246064796
0.0,0.0,0.655,30.4,1752246064899
0.0,0.0,0.655,30.4,1752246064969
31.70969009399414,-97.18804168701172,0.666,30.4,1752246065000
0.0,0.0,0.666,30.4,1752246065009
0.0,0.0,0.666,30.4,1752246065085
0.0,0.0,0.666,30.4,1752246065189
0.0,0.0,0.666,30.4,1752246065330
0.0,0.0,0.655,30.4,1752246065524
0.0,0.0,0.655,30.4,1752246065584
0.0,0.0,0.655,30.4,1752246065636
0.0,0.0,0.645,30.4,1752246065884
0.0,0.0,0.645,30.4,1752246065941
0.0,0.0,0.634,30.4,1752246065991
0.0,0.0,0.634,30.4,1752246066077
0.0,0.0,0.634,30.4,1752246066342
0.0,0.0,0.634,30.4,1752246066421
0.0,0.0,0.634,30.4,1752246066505
0.0,0.0,0.614,30.4,1752246066560
0.0,0.0,0.624,30.4,1752246066659
0.0,0.0,0.624,30.4,1752246066796
0.0,0.0,0.634,30.4,1752246066899
31.709688186645508,-97.18804931640625,0.645,30.4,1752246067000
0.0,0.0,0.645,30.4,1752246067007
0.0,0.0,0.655,30.4,1752246067060
0.0,0.0,0.666,30.4,1752246067161
0.0,0.0,0.655,30.4,1752246067317
0.0,0.0,0.666,30.4,1752246067571
0.0,0.0,0.676,30.4,1752246067643
0.0,0.0,0.676,30.4,1752246067685
0.0,0.0,0.666,30.4,1752246067860
0.0,0.0,0.666,30.4,1752246067938
31.709688186645508,-97.18804931640625,0.655,30.4,1752246068000
0.0,0.0,0.655,30.4,1752246068013
0.0,0.0,0.645,30.4,1752246068080
0.0,0.0,0.634,30.4,1752246068151
0.0,0.0,0.603,30.4,1752246068208
0.0,0.0,0.603,30.4,1752246068310
0.0,0.0,0.593,30.4,1752246068448
0.0,0.0,0.582,30.4,1752246068542
0.0,0.0,0.593,30.4,1752246068599
0.0,0.0,0.603,30.4,1752246068711
0.0,0.0,0.603,30.4,1752246068849
0.0,0.0,0.614,30.4,1752246068951
0.0,0.0,0.614,30.4,1752246069007
0.0,0.0,0.624,30.4,1752246069249
0.0,0.0,0.624,30.4,1752246069358
0.0,0.0,0.634,30.4,1752246069440
0.0,0.0,0.666,30.4,1752246069540
0.0,0.0,0.666,30.4,1752246069596
0.0,0.0,0.666,30.4,1752246069685
0.0,0.0,0.655,30.4,1752246069824
0.0,0.0,0.655,30.4,1752246069928
31.70969009399414,-97.18804931640625,0.655,30.4,1752246070000
0.0,0.0,0.655,30.4,1752246070024
0.0,0.0,0.655,30.4,1752246070080
0.0,0.0,0.655,30.4,1752246070183
0.0,0.0,0.634,30.4,1752246070300
0.0,0.0,0.645,30.4,1752246070549
0.0,0.0,0.634,30.4,1752246070622
0.0,0.0,0.634,30.4,1752246070664
0.0,0.0,0.645,30.4,1752246070743
0.0,0.0,0.634,30.4,1752246070846
0.0,0.0,0.634,30.4,1752246070917
0.0,0.0,0.624,30.4,1752246070957
31.709692001342773,-97.18805694580078,0.655,30.4,1752246071000
0.0,0.0,0.655,30.4,1752246071031
0.0,0.0,0.634,30.4,1752246071132
0.0,0.0,0.645,30.4,1752246071205
0.0,0.0,0.634,30.4,1752246071263
0.0,0.0,0.634,30.4,1752246071348
0.0,0.0,0.624,30.4,1752246071485
0.0,0.0,0.624,30.4,1752246071584
0.0,0.0,0.614,30.4,1752246071640
0.0,0.0,0.614,30.4,1752246071736
0.0,0.0,0.603,30.4,1752246071878
0.0,0.0,0.603,30.4,1752246071985
0.0,0.0,0.593,30.4,1752246072079
0.0,0.0,0.593,30.4,1752246072164
0.0,0.0,0.603,30.4,1752246072349
0.0,0.0,0.603,30.4,1752246072470
0.0,0.0,0.614,30.4,1752246072561
0.0,0.0,0.603,30.4,1752246072618
0.0,0.0,0.603,30.4,1752246072711
0.0,0.0,0.624,30.4,1752246072847
0.0,0.0,0.624,30.4,1752246072948
31.70969581604004,-97.18805694580078,0.624,30.4,1752246073000
0.0,0.0,0.624,30.4,1752246073046
0.0,0.0,0.614,30.4,1752246073101
0.0,0.0,0.614,30.4,1752246073209
0.0,0.0,0.614,30.4,1752246073336
0.0,0.0,0.603,30.4,1752246073582
0.0,0.0,0.593,30.4,1752246073653
0.0,0.0,0.593,30.4,1752246073693
0.0,0.0,0.593,30.4,1752246073765
0.0,0.0,0.572,30.4,1752246073863
0.0,0.0,0.572,30.4,1752246073933
0.0,0.0,0.561,30.4,1752246073973
31.70969581604004,-97.18805694580078,0.561,30.4,1752246074000
0.0,0.0,0.561,30.4,1752246074052
0.0,0.0,0.561,30.4,1752246074152
0.0,0.0,0.572,30.4,1752246074229
0.0,0.0,0.593,30.4,1752246074281
0.0,0.0,0.603,30.4,1752246074363
0.0,0.0,0.614,30.4,1752246074508
0.0,0.0,0.614,30.4,1752246074603
0.0,0.0,0.614,30.4,1752246074660
0.0,0.0,0.614,30.4,1752246074762
0.0,0.0,0.614,30.4,1752246074904
31.709697723388672,-97.18805694580078,0.614,30.4,1752246075000
0.0,0.0,0.614,30.4,1752246075003
0.0,0.0,0.624,30.4,1752246075053
0.0,0.0,0.624,30.4,1752246075174
0.0,0.0,0.614,30.4,1752246075369
0.0,0.0,0.603,30.4,1752246075481
0.0,0.0,0.572,30.4,1752246075581
0.0,0.0,0.572,30.4,1752246075639
0.0,0.0,0.572,30.4,1752246075733
0.0,0.0,0.572,30.4,1752246075873
0.0,0.0,0.582,30.4,1752246075969
0.0,0.0,0.572,30.4,1752246076068
0.0,0.0,0.582,30.4,1752246076122
0.0,0.0,0.593,30.4,1752246076218
0.0,0.0,0.603,30.4,1752246076487
0.0,0.0,0.614,30.4,1752246076593
0.0,0.0,0.614,30.4,1752246076686
0.0,0.0,0.614,30.4,1752246076742
0.0,0.0,0.634,30.4,1752246076834
0.0,0.0,0.634,30.4,1752246076967
31.709701538085938,-97.18805694580078,0.634,30.4,1752246077000
0.0,0.0,0.634,30.4,1752246077068
0.0,0.0,0.634,30.4,1752246077168
0.0,0.0,0.624,30.4,1752246077232
0.0,0.0,0.624,30.4,1752246077322
0.0,0.0,0.624,30.4,1752246077586
0.0,0.0,0.603,30.4,1752246077663
0.0,0.0,0.582,30.4,1752246077744
0.0,0.0,0.572,30.4,1752246077784
0.0,0.0,0.572,30.4,1752246077857
0.0,0.0,0.572,30.4,1752246077957
31.709707260131836,-97.18805694580078,0.572,30.4,1752246078000
0.0,0.0,0.572,30.4,1752246078026
0.0,0.0,0.572,30.4,1752246078065
0.0,0.0,0.572,30.4,1752246078137
0.0,0.0,0.561,30.4,1752246078259
0.0,0.0,0.572,30.4,1752246078354
0.0,0.0,0.572,30.4,1752246078405
0.0,0.0,0.582,30.4,1752246078497
0.0,0.0,0.614,30.4,1752246078636
0.0,0.0,0.624,30.4,1752246078733
0.0,0.0,0.624,30.4,1752246078835
0.0,0.0,0.634,30.4,1752246078892
0.0,0.0,0.634,30.4,1752246078981
0.0,0.0,0.634,30.4,1752246079114
0.0,0.0,0.634,30.4,1752246079356
0.0,0.0,0.634,30.4,1752246079401
0.0,0.0,0.645,30.4,1752246079485
0.0,0.0,0.634,30.4,1752246079632
0.0,0.0,0.624,30.4,1752246079732
0.0,0.0,0.614,30.4,1752246079782
0.0,0.0,0.582,30.4,1752246079880
31.70970916748047,-97.18805694580078,0.582,30.4,1752246080000
0.0,0.0,0.582,30.4,1752246080020
0.0,0.0,0.593,30.4,1752246080119
0.0,0.0,0.582,30.4,1752246080219
0.0,0.0,0.582,30.4,1752246080279
0.0,0.0,0.582,30.4,1752246080529
0.0,0.0,0.582,30.4,1752246080630
0.0,0.0,0.582,30.4,1752246080704
0.0,0.0,0.582,30.4,1752246080778
0.0,0.0,0.582,30.4,1752246080819
0.0,0.0,0.582,30.4,1752246080954
31.709712982177734,-97.18805694580078,0.593,30.4,1752246081000
0.0,0.0,0.593,30.4,1752246081005
0.0,0.0,0.603,30.4,1752246081074
0.0,0.0,0.603,30.4,1752246081115
0.0,0.0,0.603,30.4,1752246081202
0.0,0.0,0.603,30.4,1752246081377
0.0,0.0,0.603,30.4,1752246081435
0.0,0.0,0.603,30.4,1752246081490
0.0,0.0,0.593,30.4,1752246081725
0.0,0.0,0.593,30.4,1752246081839
0.0,0.0,0.572,30.4,1752246082021
0.0,0.0,0.572,30.4,1752246082237
0.0,0.0,0.582,30.4,1752246082402
0.0,0.0,0.582,30.4,1752246082446
0.0,0.0,0.582,30.4,1752246082488
0.0,0.0,0.582,30.4,1752246082721
0.0,0.0,0.593,30.4,1752246082785
0.0,0.0,0.593,30.4,1752246082937
31.709714889526367,-97.18806457519531,0.593,30.4,1752246083000
0.0,0.0,0.593,30.4,1752246083126
0.0,0.0,0.593,30.4,1752246083409
0.0,0.0,0.593,30.4,1752246083551
0.0,0.0,0.593,30.4,1752246083630
0.0,0.0,0.593,30.4,1752246083779
0.0,0.0,0.593,30.4,1752246083858
0.0,0.0,0.593,30.4,1752246083996
0.0,0.0,0.603,30.4,1752246084077
0.0,0.0,0.603,30.4,1752246084228
0.0,0.0,0.593,30.4,1752246084326
0.0,0.0,0.593,30.4,1752246084518
0.0,0.0,0.593,30.4,1752246084628
0.0,0.0,0.603,30.4,1752246084822
0.0,0.0,0.603,30.4,1752246084930
31.709720611572266,-97.18806457519531,0.603,30.4,1752246085000
0.0,0.0,0.614,30.4,1752246085108
0.0,0.0,0.614,30.4,1752246085360
0.0,0.0,0.624,30.4,1752246085500
0.0,0.0,0.634,30.4,1752246085580
0.0,0.0,0.634,30.4,1752246085724
0.0,0.0,0.624,30.4,1752246085806
0.0,0.0,0.624,30.4,1752246085943
0.0,0.0,0.624,30.4,1752246086030
0.0,0.0,0.624,30.4,1752246086170
0.0,0.0,0.624,30.4,1752246086274
0.0,0.0,0.614,30.4,1752246086466
0.0,0.0,0.614,30.4,1752246086578
0.0,0.0,0.624,30.4,1752246086767
0.0,0.0,0.634,30.4,1752246086878
31.7097225189209,-97.18806457519531,0.624,30.4,1752246087000
0.0,0.0,0.624,30.4,1752246087056
0.0,0.0,0.634,30.4,1752246087313
0.0,0.0,0.634,30.4,1752246087459
0.0,0.0,0.655,30.4,1752246087541
0.0,0.0,0.707,30.4,1752246087682
0.0,0.0,0.738,30.4,1752246087763
0.0,0.0,0.759,30.4,1752246087902
0.0,0.0,0.78,30.4,1752246087984
0.0,0.0,0.79,30.4,1752246088123
0.0,0.0,0.811,30.4,1752246088219
0.0,0.0,0.822,30.4,1752246088392
0.0,0.0,0.832,30.4,1752246088501
0.0,0.0,0.842,30.4,1752246088694
0.0,0.0,0.853,30.4,1752246088802
0.0,0.0,0.863,30.4,1752246088987
31.709726333618164,-97.18806457519531,0.863,30.4,1752246089000
0.0,0.0,0.874,30.4,1752246089097
0.0,0.0,0.842,30.4,1752246089425
0.0,0.0,0.842,30.4,1752246089504
0.0,0.0,0.853,30.4,1752246089649
0.0,0.0,0.863,30.4,1752246089773
0.0,0.0,0.863,30.4,1752246089858
0.0,0.0,0.874,30.4,1752246090001
0.0,0.0,0.884,30.4,1752246090084
0.0,0.0,0.895,30.4,1752246090269
0.0,0.0,0.915,30.4,1752246090376
0.0,0.0,0.936,30.4,1752246090573
0.0,0.0,0.978,30.4,1752246090682
0.0,0.0,0.988,30.4,1752246090874
0.0,0.0,1.019,30.4,1752246090985
31.70973014831543,-97.18807220458984,1.019,30.4,1752246091000
0.0,0.0,1.051,30.4,1752246091306
0.0,0.0,1.071,30.4,1752246091385
0.0,0.0,1.103,30.4,1752246091527
0.0,0.0,1.123,30.4,1752246091606
0.0,0.0,1.144,30.4,1752246091745
0.0,0.0,1.165,30.4,1752246091827
0.0,0.0,1.186,30.4,1752246091967
0.0,0.0,1.186,30.4,1752246092047
0.0,0.0,1.196,30.4,1752246092194
0.0,0.0,1.165,30.4,1752246092303
0.0,0.0,1.217,30.4,1752246092488
0.0,0.0,1.248,30.4,1752246092600
0.0,0.0,1.259,30.4,1752246092788
0.0,0.0,1.29,30.4,1752246092933
31.709735870361328,-97.18807220458984,1.3,30.4,1752246093000
0.0,0.0,1.3,30.4,1752246093042
0.0,0.0,1.332,30.4,1752246093374
0.0,0.0,1.342,30.4,1752246093453
0.0,0.0,1.363,30.4,1752246093597
0.0,0.0,1.394,30.4,1752246093679
0.0,0.0,1.415,30.4,1752246093819
0.0,0.0,1.446,30.4,1752246093898
0.0,0.0,1.488,30.4,1752246094035
0.0,0.0,1.498,30.4,1752246094117
0.0,0.0,1.488,30.4,1752246094288
0.0,0.0,1.498,30.4,1752246094399
0.0,0.0,1.509,30.4,1752246094587
0.0,0.0,1.519,30.4,1752246094702
0.0,0.0,1.519,30.4,1752246094895
31.70973777770996,-97.18807220458984,1.55,30.4,1752246095000
0.0,0.0,1.55,30.4,1752246095004
0.0,0.0,1.54,30.4,1752246095307
0.0,0.0,1.54,30.4,1752246095387
0.0,0.0,1.55,30.4,1752246095525
0.0,0.0,1.55,30.4,1752246095603
0.0,0.0,1.55,30.4,1752246095743
0.0,0.0,1.55,30.4,1752246095824
0.0,0.0,1.581,30.4,1752246095961
0.0,0.0,1.613,30.4,1752246096042
0.0,0.0,1.644,30.4,1752246096182
0.0,0.0,1.665,30.4,1752246096294
0.0,0.0,1.696,30.4,1752246096486
0.0,0.0,1.696,30.4,1752246096597
0.0,0.0,1.717,30.4,1752246096786
0.0,0.0,1.748,30.4,1752246096896
31.709741592407227,-97.18807220458984,1.758,30.4,1752246097000
0.0,0.0,1.758,30.4,1752246097074
0.0,0.0,1.779,30.4,1752246097340
0.0,0.0,1.769,30.4,1752246097482
0.0,0.0,1.79,30.4,1752246097564
0.0,0.0,1.79,30.4,1752246097707
0.0,0.0,1.8,30.4,1752246097789
0.0,0.0,1.8,30.4,1752246097924
0.0,0.0,1.79,30.4,1752246098005
0.0,0.0,1.8,30.4,1752246098140
0.0,0.0,1.81,30.4,1752246098252
0.0,0.0,1.81,30.4,1752246098451
0.0,0.0,1.8,30.4,1752246098560
0.0,0.0,1.831,30.4,1752246098745
0.0,0.0,1.831,30.4,1752246098856
31.709745407104492,-97.18807983398438,1.852,30.4,1752246099000
0.0,0.0,1.852,30.4,1752246099028
0.0,0.0,1.862,30.4,1752246099293
0.0,0.0,1.873,30.4,1752246099431
0.0,0.0,1.883,30.4,1752246099511
0.0,0.0,1.904,30.4,1752246099651
0.0,0.0,1.914,30.4,1752246099735
0.0,0.0,1.925,30.4,1752246099875
0.0,0.0,1.956,30.4,1752246099955
0.0,0.0,1.956,30.4,1752246100095
0.0,0.0,1.956,30.4,1752246100183
0.0,0.0,1.966,30.4,1752246100353
0.0,0.0,1.977,30.4,1752246100463
0.0,0.0,1.977,30.4,1752246100654
0.0,0.0,1.987,30.4,1752246100764
0.0,0.0,1.987,30.4,1752246100953
31.709749221801758,-97.18807983398438,1.987,30.4,1752246101000
0.0,0.0,1.987,30.4,1752246101063
0.0,0.0,1.998,30.4,1752246101385
0.0,0.0,1.987,30.4,1752246101463
0.0,0.0,1.998,30.4,1752246101605
0.0,0.0,1.998,30.4,1752246101687
0.0,0.0,2.008,30.4,1752246101825
0.0,0.0,2.018,30.4,1752246101906
0.0,0.0,2.018,30.4,1752246102044
0.0,0.0,2.029,30.4,1752246102125
0.0,0.0,2.039,30.4,1752246102313
0.0,0.0,2.039,30.4,1752246102424
0.0,0.0,2.05,30.4,1752246102619
0.0,0.0,2.07,30.4,1752246102731
0.0,0.0,2.07,30.4,1752246102917
31.709754943847656,-97.18807983398438,2.091,30.4,1752246103000
0.0,0.0,2.091,30.4,1752246103025
0.0,0.0,2.102,30.4,1752246103345
0.0,0.0,2.102,30.4,1752246103424
0.0,0.0,2.112,30.4,1752246103563
0.0,0.0,2.123,30.4,1752246103646
0.0,0.0,2.133,30.4,1752246103785
0.0,0.0,2.143,30.4,1752246103870
0.0,0.0,2.154,30.4,1752246104007
0.0,0.0,2.154,30.4,1752246104091
0.0,0.0,2.154,30.4,1752246104269
0.0,0.0,2.154,30.4,1752246104380
0.0,0.0,2.154,30.4,1752246104565
0.0,0.0,2.164,30.4,1752246104680
0.0,0.0,2.164,30.4,1752246104865
0.0,0.0,2.175,30.4,1752246104974
31.709760665893555,-97.18807983398438,2.175,30.4,1752246105000
0.0,0.0,2.185,30.4,1752246105300
0.0,0.0,2.175,30.4,1752246105381
0.0,0.0,2.175,30.4,1752246105520
0.0,0.0,2.175,30.4,1752246105633
0.0,0.0,2.195,30.4,1752246105742
0.0,0.0,2.195,30.4,1752246105824
0.0,0.0,2.195,30.4,1752246105957
31.70976448059082,-97.18807983398438,2.206,30.4,1752246106000
0.0,0.0,2.206,30.4,1752246106039
0.0,0.0,2.195,30.4,1752246106183
0.0,0.0,2.206,30.4,1752246106289
0.0,0.0,2.206,30.4,1752246106476
0.0,0.0,2.195,30.4,1752246106587
0.0,0.0,2.185,30.4,1752246106781
0.0,0.0,2.206,30.4,1752246106888
31.709768295288086,-97.18807983398438,2.227,30.4,1752246107000
0.0,0.0,2.227,30.4,1752246107073
0.0,0.0,2.237,30.4,1752246107326
0.0,0.0,2.237,30.4,1752246107497
0.0,0.0,2.258,30.4,1752246107608
0.0,0.0,2.258,30.4,1752246107799
0.0,0.0,2.268,30.4,1752246107909
0.0,0.0,2.299,30.4,1752246108102
0.0,0.0,2.31,30.4,1752246108259
0.0,0.0,2.331,30.4,1752246108509
0.0,0.0,2.341,30.4,1752246108699
0.0,0.0,2.351,30.4,1752246108810
0.0,0.0,2.383,30.4,1752246108999
31.70977020263672,-97.18807983398438,2.383,30.4,1752246109000
0.0,0.0,2.383,30.4,1752246109106
0.0,0.0,2.393,30.4,1752246109303
0.0,0.0,2.404,30.4,1752246109580
0.0,0.0,2.383,30.4,1752246109662
0.0,0.0,2.393,30.4,1752246109802
0.0,0.0,2.383,30.4,1752246109884
0.0,0.0,2.351,30.4,1752246110022
0.0,0.0,2.362,30.4,1752246110104
0.0,0.0,2.383,30.4,1752246110277
0.0,0.0,2.383,30.4,1752246110392
0.0,0.0,2.372,30.4,1752246110586
0.0,0.0,2.362,30.4,1752246110697
0.0,0.0,2.404,30.4,1752246110884
0.0,0.0,2.393,30.4,1752246110989
31.709774017333984,-97.18807983398438,2.393,30.4,1752246111000
0.0,0.0,2.414,30.4,1752246111305
0.0,0.0,2.424,30.4,1752246111385
0.0,0.0,2.435,30.4,1752246111523
0.0,0.0,2.456,30.4,1752246111606
0.0,0.0,2.466,30.4,1752246111746
0.0,0.0,2.476,30.4,1752246111831
0.0,0.0,2.476,30.4,1752246111966
0.0,0.0,2.497,30.4,1752246112052
0.0,0.0,2.497,30.4,1752246112193
0.0,0.0,2.518,30.4,1752246112300
0.0,0.0,2.487,30.4,1752246112493
0.0,0.0,2.508,30.4,1752246112606
0.0,0.0,2.497,30.4,1752246112799
0.0,0.0,2.497,30.4,1752246112905
31.709775924682617,-97.18807983398438,2.508,30.4,1752246113000
0.0,0.0,2.508,30.4,1752246113092
0.0,0.0,2.497,30.4,1752246113353
0.0,0.0,2.508,30.4,1752246113494
0.0,0.0,2.518,30.4,1752246113573
0.0,0.0,2.528,30.4,1752246113711
0.0,0.0,2.508,30.4,1752246113790
0.0,0.0,2.518,30.4,1752246113933
0.0,0.0,2.528,30.4,1752246114016
0.0,0.0,2.56,30.4,1752246114154
0.0,0.0,2.56,30.4,1752246114257
0.0,0.0,2.58,30.4,1752246114460
0.0,0.0,2.601,30.4,1752246114571
0.0,0.0,2.622,30.4,1752246114758
0.0,0.0,2.622,30.4,1752246114868
31.709781646728516,-97.18807983398438,2.653,30.4,1752246115000
0.0,0.0,2.653,30.4,1752246115051
0.0,0.0,2.653,30.4,1752246115313
0.0,0.0,2.664,30.4,1752246115453
0.0,0.0,2.664,30.4,1752246115532
0.0,0.0,2.664,30.4,1752246115674
0.0,0.0,2.685,30.4,1752246115758
0.0,0.0,2.674,30.4,1752246115897
0.0,0.0,2.674,30.4,1752246115984
0.0,0.0,2.685,30.4,1752246116122
0.0,0.0,2.674,30.4,1752246116214
0.0,0.0,2.643,30.4,1752246116384
0.0,0.0,2.664,30.4,1752246116495
0.0,0.0,2.632,30.4,1752246116691
0.0,0.0,2.622,30.4,1752246116797
0.0,0.0,2.612,30.4,1752246116993
31.70978355407715,-97.1880874633789,2.612,30.4,1752246117000
0.0,0.0,2.612,30.4,1752246117104
0.0,0.0,2.612,30.4,1752246117424
0.0,0.0,2.591,30.4,1752246117506
0.0,0.0,2.612,30.4,1752246117648
0.0,0.0,2.601,30.4,1752246117730
0.0,0.0,2.612,30.4,1752246117869
0.0,0.0,2.612,30.4,1752246117980
0.0,0.0,2.622,30.4,1752246118102
0.0,0.0,2.612,30.4,1752246118190
0.0,0.0,2.622,30.4,1752246118365
0.0,0.0,2.622,30.4,1752246118474
0.0,0.0,2.632,30.4,1752246118672
0.0,0.0,2.632,30.4,1752246118778
0.0,0.0,2.643,30.4,1752246118967
31.709787368774414,-97.1880874633789,2.643,30.4,1752246119000
0.0,0.0,2.643,30.4,1752246119075
0.0,0.0,2.601,30.4,1752246119400
0.0,0.0,2.591,30.4,1752246119481
0.0,0.0,2.591,30.4,1752246119628
0.0,0.0,2.632,30.4,1752246119709
0.0,0.0,2.632,30.4,1752246119850
0.0,0.0,2.643,30.4,1752246119933
0.0,0.0,2.622,30.4,1752246120072
0.0,0.0,2.622,30.4,1752246120157
0.0,0.0,2.601,30.4,1752246120328
0.0,0.0,2.58,30.4,1752246120442
0.0,0.0,2.58,30.4,1752246120643
0.0,0.0,2.57,30.4,1752246120749
0.0,0.0,2.622,30.4,1752246120938
31.709789276123047,-97.1880874633789,2.612,30.4,1752246121000
0.0,0.0,2.612,30.4,1752246121046
0.0,0.0,2.601,30.4,1752246121367
0.0,0.0,2.56,30.4,1752246121449
0.0,0.0,2.56,30.4,1752246121589
0.0,0.0,2.549,30.4,1752246121669
0.0,0.0,2.539,30.4,1752246121811
0.0,0.0,2.539,30.4,1752246121893
0.0,0.0,2.528,30.4,1752246122042
0.0,0.0,2.57,30.4,1752246122124
0.0,0.0,2.549,30.4,1752246122294
0.0,0.0,2.56,30.4,1752246122417
0.0,0.0,2.518,30.4,1752246122627
0.0,0.0,2.539,30.4,1752246122735
0.0,0.0,2.528,30.4,1752246122919
31.709789276123047,-97.1880874633789,2.518,30.4,1752246123000
0.0,0.0,2.518,30.4,1752246123022
0.0,0.0,2.518,30.4,1752246123333
0.0,0.0,2.508,30.4,1752246123415
0.0,0.0,2.497,30.4,1752246123546
0.0,0.0,2.487,30.4,1752246123628
0.0,0.0,2.508,30.4,1752246123754
0.0,0.0,2.456,30.4,1752246123810
0.0,0.0,2.466,30.4,1752246123863
0.0,0.0,2.424,30.4,1752246124022
0.0,0.0,2.435,30.4,1752246124124
0.0,0.0,2.393,30.4,1752246124245
0.0,0.0,2.393,30.4,1752246124371
0.0,0.0,2.393,30.4,1752246124484
0.0,0.0,2.383,30.4,1752246124563
31.709793090820312,-97.18809509277344,2.393,30.4,1752246125000
0.0,0.0,2.393,30.4,1752246125007
0.0,0.0,2.424,30.4,1752246125078
0.0,0.0,2.393,30.4,1752246125428
0.0,0.0,2.341,30.4,1752246125509
0.0,0.0,2.372,30.4,1752246125607
0.0,0.0,2.341,30.4,1752246125657
0.0,0.0,2.393,30.4,1752246125766
0.0,0.0,2.404,30.4,1752246125829
0.0,0.0,2.424,30.4,1752246125937
0.0,0.0,2.414,30.4,1752246126032
0.0,0.0,2.414,30.4,1752246126196
0.0,0.0,2.414,30.4,1752246126306
0.0,0.0,2.414,30.4,1752246126501
0.0,0.0,2.383,30.4,1752246126565
0.0,0.0,2.393,30.4,1752246126704
0.0,0.0,2.424,30.4,1752246126791
0.0,0.0,2.435,30.4,1752246126934
31.70979881286621,-97.18809509277344,2.445,30.4,1752246127000
0.0,0.0,2.445,30.4,1752246127005
0.0,0.0,2.393,30.4,1752246127347
0.0,0.0,2.383,30.4,1752246127430
0.0,0.0,2.372,30.4,1752246127563
0.0,0.0,2.362,30.4,1752246127645
0.0,0.0,2.383,30.4,1752246127779
0.0,0.0,2.383,30.4,1752246127863
0.0,0.0,2.383,30.4,1752246127994
0.0,0.0,2.404,30.4,1752246128075
0.0,0.0,2.393,30.4,1752246128209
0.0,0.0,2.424,30.4,1752246128303
0.0,0.0,2.414,30.4,1752246128453
0.0,0.0,2.414,30.4,1752246128564
0.0,0.0,2.435,30.4,1752246128750
0.0,0.0,2.476,30.4,1752246128862
31.709802627563477,-97.18809509277344,2.518,30.4,1752246129000
0.0,0.0,2.518,30.4,1752246129035
0.0,0.0,2.518,30.4,1752246129296
0.0,0.0,2.518,30.4,1752246129430
0.0,0.0,2.508,30.4,1752246129518
0.0,0.0,2.497,30.4,1752246129616
0.0,0.0,2.518,30.4,1752246129700
0.0,0.0,2.508,30.4,1752246129835
0.0,0.0,2.487,30.4,1752246129917
0.0,0.0,2.487,30.4,1752246130050
0.0,0.0,2.487,30.4,1752246130239
0.0,0.0,2.528,30.4,1752246130319
0.0,0.0,2.508,30.4,1752246130450
0.0,0.0,2.476,30.4,1752246130606
0.0,0.0,2.487,30.4,1752246130716
0.0,0.0,2.518,30.4,1752246130900
31.709808349609375,-97.18809509277344,2.539,30.4,1752246131000
0.0,0.0,2.539,30.4,1752246131010
0.0,0.0,2.539,30.4,1752246131304
0.0,0.0,2.549,30.4,1752246131417
0.0,0.0,2.57,30.4,1752246131604
0.0,0.0,2.601,30.4,1752246131699
0.0,0.0,2.622,30.4,1752246131840
0.0,0.0,2.643,30.4,1752246131927
0.0,0.0,2.612,30.4,1752246132055
0.0,0.0,2.612,30.4,1752246132136
0.0,0.0,2.643,30.4,1752246132302
0.0,0.0,2.632,30.4,1752246132409
0.0,0.0,2.653,30.4,1752246132591
0.0,0.0,2.632,30.4,1752246132704
0.0,0.0,2.653,30.4,1752246132886
0.0,0.0,2.653,30.4,1752246132992
31.70981216430664,-97.18809509277344,2.653,30.4,1752246133000
0.0,0.0,2.643,30.4,1752246133305
0.0,0.0,2.643,30.4,1752246133461
0.0,0.0,2.632,30.4,1752246133599
0.0,0.0,2.653,30.4,1752246133685
0.0,0.0,2.674,30.4,1752246133819
0.0,0.0,2.674,30.4,1752246133903
0.0,0.0,2.674,30.4,1752246134033
0.0,0.0,2.695,30.4,1752246134115
0.0,0.0,2.674,30.4,1752246134259
0.0,0.0,2.664,30.4,1752246134341
0.0,0.0,2.664,30.4,1752246134510
0.0,0.0,2.664,30.4,1752246134622
0.0,0.0,2.685,30.4,1752246134812
0.0,0.0,2.685,30.4,1752246134874
31.709814071655273,-97.18809509277344,2.685,30.4,1752246135000
0.0,0.0,2.695,30.4,1752246135245
0.0,0.0,2.674,30.4,1752246135323
0.0,0.0,2.674,30.4,1752246135456
0.0,0.0,2.664,30.4,1752246135538
0.0,0.0,2.685,30.4,1752246135676
0.0,0.0,2.695,30.4,1752246135758
0.0,0.0,2.695,30.4,1752246135898
0.0,0.0,2.695,30.4,1752246135980
0.0,0.0,2.695,30.4,1752246136109
0.0,0.0,2.695,30.4,1752246136201
0.0,0.0,2.705,30.4,1752246136333
0.0,0.0,2.716,30.4,1752246136419
0.0,0.0,2.705,30.4,1752246136601
0.0,0.0,2.726,30.4,1752246136714
0.0,0.0,2.716,30.4,1752246136896
31.709815979003906,-97.18809509277344,2.716,30.4,1752246137000
0.0,0.0,2.716,30.4,1752246137003
0.0,0.0,2.705,30.4,1752246137318
0.0,0.0,2.716,30.4,1752246137419
0.0,0.0,2.716,30.4,1752246137556
0.0,0.0,2.726,30.4,1752246137640
0.0,0.0,2.726,30.4,1752246137774
0.0,0.0,2.757,30.4,1752246137856
0.0,0.0,2.768,30.4,1752246137987
0.0,0.0,2.789,30.4,1752246138070
0.0,0.0,2.82,30.4,1752246138209
0.0,0.0,2.809,30.4,1752246138298
0.0,0.0,2.809,30.4,1752246138457
0.0,0.0,2.82,30.4,1752246138571
0.0,0.0,2.83,30.4,1752246138757
0.0,0.0,2.83,30.4,1752246138870
31.709819793701172,-97.18810272216797,2.83,30.4,1752246139000
0.0,0.0,2.83,30.4,1752246139040
0.0,0.0,2.82,30.4,1752246139304
0.0,0.0,2.83,30.4,1752246139437
0.0,0.0,2.82,30.4,1752246139520
0.0,0.0,2.799,30.4,1752246139663
0.0,0.0,2.768,30.4,1752246139711
0.0,0.0,2.747,30.4,1752246139842
0.0,0.0,2.768,30.4,1752246139925
31.709823608398438,-97.18810272216797,2.768,30.4,1752246140000
0.0,0.0,2.768,30.4,1752246140057
0.0,0.0,2.778,30.4,1752246140139
0.0,0.0,2.768,30.4,1752246140302
0.0,0.0,2.768,30.4,1752246140415
0.0,0.0,2.768,30.4,1752246140593
0.0,0.0,2.768,30.4,1752246140663
0.0,0.0,2.768,30.4,1752246140809
0.0,0.0,2.768,30.4,1752246140920
0.0,0.0,2.778,30.4,1752246141264
0.0,0.0,2.799,30.4,1752246141351
0.0,0.0,2.789,30.4,1752246141492
0.0,0.0,2.778,30.4,1752246141604
0.0,0.0,2.809,30.4,1752246141792
0.0,0.0,2.789,30.4,1752246141942
0.0,0.0,2.789,30.4,1752246142052
0.0,0.0,2.768,30.4,1752246142259
0.0,0.0,2.757,30.4,1752246142551
0.0,0.0,2.737,30.4,1752246142631
0.0,0.0,2.747,30.4,1752246142763
0.0,0.0,2.737,30.4,1752246142846
0.0,0.0,2.726,30.4,1752246142978
31.709827423095703,-97.1881103515625,2.726,30.4,1752246143000
0.0,0.0,2.716,30.4,1752246143061
0.0,0.0,2.726,30.4,1752246143198
0.0,0.0,2.737,30.4,1752246143288
0.0,0.0,2.705,30.4,1752246143427
0.0,0.0,2.737,30.4,1752246143509
0.0,0.0,2.737,30.4,1752246143643
0.0,0.0,2.726,30.4,1752246143724
0.0,0.0,2.726,30.4,1752246143859
0.0,0.0,2.716,30.4,1752246143941
31.709827423095703,-97.1881103515625,2.716,30.4,1752246144000
0.0,0.0,2.716,30.4,1752246144072
0.0,0.0,2.705,30.4,1752246144156
0.0,0.0,2.705,30.4,1752246144306
0.0,0.0,2.705,30.4,1752246144385
0.0,0.0,2.695,30.4,1752246144548
0.0,0.0,2.685,30.4,1752246144659
0.0,0.0,2.716,30.4,1752246144853
0.0,0.0,2.695,30.4,1752246144964
0.0,0.0,2.695,30.4,1752246145282
0.0,0.0,2.664,30.4,1752246145361
0.0,0.0,2.674,30.4,1752246145509
0.0,0.0,2.674,30.4,1752246145620
0.0,0.0,2.685,30.4,1752246145807
0.0,0.0,2.695,30.4,1752246145913
31.709829330444336,-97.1881103515625,2.695,30.4,1752246146000
0.0,0.0,2.695,30.4,1752246146100
0.0,0.0,2.695,30.4,1752246146222
0.0,0.0,2.716,30.4,1752246146530
0.0,0.0,2.716,30.4,1752246146609
0.0,0.0,2.705,30.4,1752246146743
0.0,0.0,2.716,30.4,1752246146824
0.0,0.0,2.716,30.4,1752246146960
0.0,0.0,2.747,30.4,1752246147080
0.0,0.0,2.757,30.4,1752246147192
0.0,0.0,2.747,30.4,1752246147282
0.0,0.0,2.737,30.4,1752246147458
0.0,0.0,2.747,30.4,1752246147569
0.0,0.0,2.747,30.4,1752246147754
0.0,0.0,2.737,30.4,1752246147862
31.70983123779297,-97.1881103515625,2.737,30.4,1752246148000
0.0,0.0,2.737,30.4,1752246148037
0.0,0.0,2.757,30.4,1752246148300
0.0,0.0,2.757,30.4,1752246148436
0.0,0.0,2.778,30.4,1752246148522
0.0,0.0,2.778,30.4,1752246148659
0.0,0.0,2.768,30.4,1752246148738
0.0,0.0,2.757,30.4,1752246148873
0.0,0.0,2.778,30.4,1752246148957
31.709854125976562,-97.18811798095703,2.778,30.4,1752246149000
0.0,0.0,2.789,30.4,1752246149098
0.0,0.0,2.757,30.4,1752246149187
0.0,0.0,2.757,30.4,1752246149328
0.0,0.0,2.737,30.4,1752246149410
0.0,0.0,2.757,30.4,1752246149613
0.0,0.0,2.768,30.4,1752246149737
0.0,0.0,2.768,30.4,1752246149926
0.0,0.0,2.768,30.4,1752246150029
0.0,0.0,2.789,30.4,1752246150345
0.0,0.0,2.789,30.4,1752246150424
0.0,0.0,2.841,30.4,1752246150608
0.0,0.0,2.882,30.4,1752246150716
31.709856033325195,-97.18811798095703,2.893,30.4,1752246151000
0.0,0.0,2.893,30.4,1752246151023
0.0,0.0,2.965,30.4,1752246151120
0.0,0.0,3.007,30.4,1752246151535
0.0,0.0,3.122,30.4,1752246151640
0.0,0.0,3.163,30.4,1752246151719
0.0,0.0,3.215,30.4,1752246151864
0.0,0.0,3.34,30.4,1752246151944
0.0,0.0,3.392,30.4,1752246152082
0.0,0.0,3.486,30.4,1752246152166
0.0,0.0,3.527,30.4,1752246152319
0.0,0.0,3.569,30.4,1752246152404
0.0,0.0,3.642,30.4,1752246152596
0.0,0.0,3.673,30.4,1752246152705
0.0,0.0,3.715,30.4,1752246152895
31.70985984802246,-97.18811798095703,3.715,30.4,1752246153000
0.0,0.0,3.819,30.4,1752246153375
0.0,0.0,3.829,30.4,1752246153480
0.0,0.0,3.881,30.4,1752246153565
0.0,0.0,3.985,30.4,1752246153702
0.0,0.0,3.965,30.4,1752246153785
0.0,0.0,4.048,30.4,1752246153919
0.0,0.0,4.058,30.4,1752246154001
0.0,0.0,4.069,30.4,1752246154133
0.0,0.0,4.141,30.4,1752246154228
0.0,0.0,4.152,30.4,1752246154386
0.0,0.0,4.246,30.4,1752246154501
0.0,0.0,4.277,30.4,1752246154692
0.0,0.0,4.308,30.4,1752246154812
0.0,0.0,4.318,30.4,1752246154950
31.709863662719727,-97.18811798095703,4.318,30.4,1752246155000
0.0,0.0,4.381,30.4,1752246155217
0.0,0.0,4.391,30.4,1752246155360
0.0,0.0,4.475,30.4,1752246155445
0.0,0.0,4.495,30.4,1752246155585
0.0,0.0,4.547,30.4,1752246155674
0.0,0.0,4.631,30.4,1752246155811
0.0,0.0,4.641,30.4,1752246155822
0.0,0.0,4.703,30.4,1752246155922
0.0,0.0,4.724,30.4,1752246155931
0.0,0.0,4.787,30.4,1752246156091
0.0,0.0,4.766,30.4,1752246156200
0.0,0.0,4.808,30.4,1752246156295
0.0,0.0,4.808,30.4,1752246156415
0.0,0.0,4.849,30.4,1752246156522
0.0,0.0,4.86,30.4,1752246156641
31.709867477416992,-97.18811798095703,4.87,30.4,1752246157000
0.0,0.0,4.87,30.4,1752246157074
0.0,0.0,4.901,30.4,1752246157114
0.0,0.0,4.901,30.4,1752246157267
0.0,0.0,4.912,30.4,1752246157471
0.0,0.0,4.912,30.4,1752246157556
0.0,0.0,4.912,30.4,1752246157703
0.0,0.0,4.901,30.4,1752246157922
0.0,0.0,4.943,30.4,1752246158016
0.0,0.0,4.953,30.4,1752246158255
0.0,0.0,4.984,30.4,1752246158309
0.0,0.0,5.026,30.4,1752246158542
0.0,0.0,5.026,30.4,1752246158658
0.0,0.0,5.047,30.4,1752246158857
0.0,0.0,5.057,30.4,1752246158970
31.709871292114258,-97.18812561035156,5.057,30.4,1752246159000
0.0,0.0,5.057,30.4,1752246159319
0.0,0.0,5.057,30.4,1752246159442
0.0,0.0,5.078,30.4,1752246159529
0.0,0.0,5.078,30.4,1752246159674
0.0,0.0,5.078,30.4,1752246159762
0.0,0.0,5.068,30.4,1752246159909
0.0,0.0,5.068,30.4,1752246159996
0.0,0.0,5.047,30.4,1752246160137
0.0,0.0,5.068,30.4,1752246160235
0.0,0.0,5.068,30.4,1752246160380
0.0,0.0,5.068,30.4,1752246160466
0.0,0.0,5.068,30.4,1752246160670
0.0,0.0,5.068,30.4,1752246160789
0.0,0.0,5.078,30.4,1752246160989
31.70987319946289,-97.18812561035156,5.078,30.4,1752246161000
0.0,0.0,5.109,30.4,1752246161139
0.0,0.0,5.109,30.4,1752246161428
0.0,0.0,5.109,30.4,1752246161440
0.0,0.0,5.109,30.4,1752246161592
0.0,0.0,5.099,30.4,1752246161648
0.0,0.0,5.12,30.4,1752246161725
0.0,0.0,5.12,30.4,1752246161822
0.0,0.0,5.13,30.4,1752246161933
0.0,0.0,5.141,30.4,1752246162042
0.0,0.0,5.13,30.4,1752246162170
0.0,0.0,5.13,30.4,1752246162272
0.0,0.0,5.13,30.4,1752246162718
0.0,0.0,5.12,30.4,1752246162832
31.709877014160156,-97.18812561035156,5.13,30.4,1752246163000
0.0,0.0,5.13,30.4,1752246163008
0.0,0.0,5.141,30.4,1752246163273
0.0,0.0,5.141,30.4,1752246163422
0.0,0.0,5.141,30.4,1752246163512
0.0,0.0,5.151,30.4,1752246163656
0.0,0.0,5.13,30.4,1752246163757
0.0,0.0,5.13,30.4,1752246163906
0.0,0.0,5.12,30.4,1752246163995
0.0,0.0,5.12,30.4,1752246164137
0.0,0.0,5.12,30.4,1752246164236
0.0,0.0,5.12,30.4,1752246164400
0.0,0.0,5.141,30.4,1752246164519
0.0,0.0,5.13,30.4,1752246164721
0.0,0.0,5.13,30.4,1752246164840
31.709880828857422,-97.1881332397461,5.13,30.4,1752246165000
0.0,0.0,5.13,30.4,1752246165043
0.0,0.0,5.13,30.4,1752246165164
0.0,0.0,5.141,30.4,1752246165512
0.0,0.0,5.141,30.4,1752246165599
0.0,0.0,5.141,30.4,1752246165746
0.0,0.0,5.141,30.4,1752246165871
0.0,0.0,5.141,30.4,1752246165953
0.0,0.0,5.141,30.4,1752246166106
0.0,0.0,5.151,30.4,1752246166202
0.0,0.0,5.141,30.4,1752246166351
0.0,0.0,5.141,30.4,1752246166469
0.0,0.0,5.141,30.4,1752246166676
0.0,0.0,5.13,30.4,1752246166794
0.0,0.0,5.141,30.4,1752246166997
31.709880828857422,-97.1881332397461,5.141,30.4,1752246167000
0.0,0.0,5.13,30.4,1752246167114
0.0,0.0,5.13,30.4,1752246167469
0.0,0.0,5.13,30.4,1752246167553
0.0,0.0,5.13,30.4,1752246167697
0.0,0.0,5.141,30.4,1752246167783
0.0,0.0,5.141,30.4,1752246167929
0.0,0.0,5.141,30.4,1752246168017
0.0,0.0,5.151,30.4,1752246168158
0.0,0.0,5.151,30.4,1752246168263
0.0,0.0,5.151,30.4,1752246168467
0.0,0.0,5.151,30.4,1752246168582
0.0,0.0,5.151,30.4,1752246168782
0.0,0.0,5.151,30.4,1752246168900
31.709882736206055,-97.18812561035156,5.151,30.4,1752246169000
0.0,0.0,5.141,30.4,1752246169246
0.0,0.0,5.141,30.4,1752246169338
0.0,0.0,5.151,30.4,1752246169485
0.0,0.0,5.161,30.4,1752246169574
0.0,0.0,5.13,30.4,1752246169712
0.0,0.0,5.13,30.4,1752246169799
0.0,0.0,5.13,30.4,1752246169948
0.0,0.0,5.13,30.4,1752246170041
0.0,0.0,5.13,30.4,1752246170187
0.0,0.0,5.141,30.4,1752246170285
0.0,0.0,5.141,30.4,1752246170447
0.0,0.0,5.141,30.4,1752246170562
0.0,0.0,5.161,30.4,1752246170760
0.0,0.0,5.161,30.4,1752246170876
31.70988655090332,-97.1881332397461,5.151,30.4,1752246171000
0.0,0.0,5.151,30.4,1752246171107
0.0,0.0,5.151,30.4,1752246171333
0.0,0.0,5.182,30.4,1752246171486
0.0,0.0,5.182,30.4,1752246171573
0.0,0.0,5.182,30.4,1752246171718
0.0,0.0,5.182,30.4,1752246171805
0.0,0.0,5.172,30.4,1752246171949
0.0,0.0,5.161,30.4,1752246172042
0.0,0.0,5.161,30.4,1752246172192
0.0,0.0,5.172,30.4,1752246172290
0.0,0.0,5.151,30.4,1752246172441
0.0,0.0,5.151,30.4,1752246172558
0.0,0.0,5.151,30.4,1752246172757
0.0,0.0,5.151,30.4,1752246172873
31.709888458251953,-97.1881332397461,5.141,30.4,1752246173000
0.0,0.0,5.141,30.4,1752246173088
0.0,0.0,5.151,30.4,1752246173314
0.0,0.0,5.141,30.4,1752246173463
0.0,0.0,5.141,30.4,1752246173553
0.0,0.0,5.141,30.4,1752246173703
0.0,0.0,5.151,30.4,1752246173796
0.0,0.0,5.151,30.4,1752246173940
0.0,0.0,5.13,30.4,1752246174032
0.0,0.0,5.151,30.4,1752246174180
0.0,0.0,5.151,30.4,1752246174278
0.0,0.0,5.161,30.4,1752246174448
0.0,0.0,5.161,30.4,1752246174558
0.0,0.0,5.161,30.4,1752246174774
0.0,0.0,5.161,30.4,1752246174890
31.70989227294922,-97.1881332397461,5.161,30.4,1752246175000
0.0,0.0,5.161,30.4,1752246175233
0.0,0.0,5.172,30.4,1752246175329
0.0,0.0,5.172,30.4,1752246175476
0.0,0.0,5.151,30.4,1752246175564
0.0,0.0,5.141,30.4,1752246175707
0.0,0.0,5.151,30.4,1752246175795
0.0,0.0,5.141,30.4,1752246175937
0.0,0.0,5.141,30.4,1752246176029
0.0,0.0,5.141,30.4,1752246176175
0.0,0.0,5.13,30.4,1752246176272
0.0,0.0,5.13,30.4,1752246176435
0.0,0.0,5.13,30.4,1752246176554
0.0,0.0,0.489,30.4,1752246283790
0.0,0.0,0.489,30.4,1752246284079
0.0,0.0,0.509,30.4,1752246284896
31.709638595581055,-97.18798828125,0.509,30.4,1752246285000
0.0,0.0,0.541,30.4,1752246285182
0.0,0.0,0.603,30.4,1752246285461
0.0,0.0,0.645,30.4,1752246285738
0.0,0.0,0.686,30.4,1752246286020
0.0,0.0,0.728,30.4,1752246286314
0.0,0.0,0.728,30.4,1752246286790
31.70966148376465,-97.18801879882812,0.738,30.4,1752246287000
0.0,0.0,0.738,30.4,1752246287080
0.0,0.0,0.759,30.4,1752246287373
0.0,0.0,0.78,30.4,1752246287429
0.0,0.0,0.78,30.4,1752246287499
0.0,0.0,0.78,30.4,1752246287621
0.0,0.0,0.749,30.4,1752246287679
0.0,0.0,0.728,30.4,1752246287749
0.0,0.0,0.686,30.4,1752246287807
0.0,0.0,0.645,30.4,1752246287877
0.0,0.0,0.614,30.4,1752246287935
31.70966911315918,-97.18802642822266,0.561,30.4,1752246288000
0.0,0.0,0.561,30.4,1752246288005
0.0,0.0,0.561,30.4,1752246288064
0.0,0.0,0.582,30.4,1752246288136
0.0,0.0,0.551,30.4,1752246288198
0.0,0.0,0.53,30.4,1752246288270
0.0,0.0,0.53,30.4,1752246288329
0.0,0.0,0.53,30.4,1752246288410
0.0,0.0,0.572,30.4,1752246288482
0.0,0.0,0.593,30.4,1752246288568
0.0,0.0,0.624,30.4,1752246288791
0.0,0.0,0.634,30.4,1752246288863
0.0,0.0,0.655,30.4,1752246288920
0.0,0.0,0.676,30.4,1752246288991
31.709674835205078,-97.18803405761719,0.676,30.4,1752246289000
0.0,0.0,0.697,30.4,1752246289050
0.0,0.0,0.666,30.4,1752246289120
0.0,0.0,0.676,30.4,1752246289185
0.0,0.0,0.676,30.4,1752246289302
0.0,0.0,0.666,30.4,1752246289374
0.0,0.0,0.634,30.4,1752246289470
0.0,0.0,0.603,30.4,1752246289543
0.0,0.0,0.561,30.4,1752246289640
0.0,0.0,0.582,30.4,1752246289712
0.0,0.0,0.593,30.4,1752246289963
31.709678649902344,-97.18804168701172,0.582,30.4,1752246290000
0.0,0.0,0.582,30.4,1752246290035
0.0,0.0,0.561,30.4,1752246290178
0.0,0.0,0.561,30.4,1752246290337
0.0,0.0,0.593,30.4,1752246290403
0.0,0.0,0.593,30.4,1752246290498
0.0,0.0,0.603,30.4,1752246290571
0.0,0.0,0.603,30.4,1752246290666
0.0,0.0,0.593,30.4,1752246290737
0.0,0.0,0.614,30.4,1752246290984
0.0,0.0,0.624,30.4,1752246291042
0.0,0.0,0.614,30.4,1752246291085
0.0,0.0,0.603,30.4,1752246291129
0.0,0.0,0.624,30.4,1752246291171
0.0,0.0,0.614,30.4,1752246291213
0.0,0.0,0.614,30.4,1752246291284
0.0,0.0,0.614,30.4,1752246291334
0.0,0.0,0.593,30.4,1752246291372
0.0,0.0,0.572,30.4,1752246291421
0.0,0.0,0.572,30.4,1752246291485
0.0,0.0,0.572,30.4,1752246291539
0.0,0.0,0.572,30.4,1752246291590
0.0,0.0,0.572,30.4,1752246291628
0.0,0.0,0.561,30.4,1752246291678
0.0,0.0,0.572,30.4,1752246291742
0.0,0.0,0.561,30.4,1752246291944
0.0,0.0,0.561,30.4,1752246291986
31.70968246459961,-97.18804168701172,0.561,30.4,1752246292000
31.70968246459961,-97.18804168701172,0.561,30.4,1752246292000
0.0,0.0,0.561,30.4,1752246292018
0.0,0.0,0.561,30.4,1752246292061
0.0,0.0,0.572,30.4,1752246292117
0.0,0.0,0.582,30.4,1752246292196
0.0,0.0,0.572,30.4,1752246292240
0.0,0.0,0.572,30.4,1752246292282
0.0,0.0,0.572,30.4,1752246292313
0.0,0.0,0.572,30.4,1752246292358
0.0,0.0,0.572,30.4,1752246292413
0.0,0.0,0.593,30.4,1752246292456
0.0,0.0,0.582,30.4,1752246292487
0.0,0.0,0.582,30.4,1752246292534
0.0,0.0,0.582,30.4,1752246292588
0.0,0.0,0.582,30.4,1752246292631
0.0,0.0,0.582,30.4,1752246292663
0.0,0.0,0.572,30.4,1752246292708
0.0,0.0,0.572,30.4,1752246292763
0.0,0.0,0.582,30.4,1752246292808
0.0,0.0,0.572,30.4,1752246292840
0.0,0.0,0.582,30.4,1752246292887
0.0,0.0,0.572,30.4,1752246292945
0.0,0.0,0.572,30.4,1752246292988
31.709684371948242,-97.18804168701172,0.572,30.4,1752246293000
0.0,0.0,0.572,30.4,1752246293020
0.0,0.0,0.572,30.4,1752246293065
0.0,0.0,0.572,30.4,1752246293121
0.0,0.0,0.572,30.4,1752246293179
0.0,0.0,0.582,30.4,1752246293213
0.0,0.0,0.603,30.4,1752246293256
0.0,0.0,0.603,30.4,1752246293310
0.0,0.0,0.603,30.4,1752246293356
0.0,0.0,0.593,30.4,1752246293399
0.0,0.0,0.593,30.4,1752246293431
0.0,0.0,0.593,30.4,1752246293476
0.0,0.0,0.582,30.4,1752246293596
0.0,0.0,0.582,30.4,1752246293637
0.0,0.0,0.593,30.4,1752246293671
0.0,0.0,0.603,30.4,1752246293949
0.0,0.0,0.603,30.4,1752246293987
31.709688186645508,-97.18804168701172,0.603,30.4,1752246294000
0.0,0.0,0.603,30.4,1752246294022
0.0,0.0,0.572,30.4,1752246294073
0.0,0.0,0.593,30.4,1752246294109
0.0,0.0,0.624,30.4,1752246294173
0.0,0.0,0.624,30.4,1752246294266
0.0,0.0,0.634,30.4,1752246294484
0.0,0.0,0.634,30.4,1752246294487
0.0,0.0,0.645,30.4,1752246294542
0.0,0.0,0.666,30.4,1752246294609
0.0,0.0,0.655,30.4,1752246294631
0.0,0.0,0.645,30.4,1752246294687
0.0,0.0,0.645,30.4,1752246294725
0.0,0.0,0.645,30.4,1752246294777
0.0,0.0,0.655,30.4,1752246294897
0.0,0.0,0.645,30.4,1752246294918
31.709688186645508,-97.18804168701172,0.603,30.4,1752246295000
0.0,0.0,0.603,30.4,1752246295075
0.0,0.0,0.603,30.4,1752246295130
0.0,0.0,0.603,30.4,1752246295218
0.0,0.0,0.593,30.4,1752246295328
0.0,0.0,0.572,30.4,1752246295383
0.0,0.0,0.572,30.4,1752246295434
0.0,0.0,0.572,30.4,1752246295471
0.0,0.0,0.572,30.4,1752246295527
0.0,0.0,0.572,30.4,1752246295599
0.0,0.0,0.572,30.4,1752246295694
0.0,0.0,0.572,30.4,1752246295745
0.0,0.0,0.582,30.4,1752246295800
0.0,0.0,0.593,30.4,1752246295853
31.709686279296875,-97.18804168701172,0.593,30.4,1752246296000
0.0,0.0,0.593,30.4,1752246296099
0.0,0.0,0.593,30.4,1752246296148
0.0,0.0,0.593,30.4,1752246296194
0.0,0.0,0.603,30.4,1752246296231
0.0,0.0,0.593,30.4,1752246296276
0.0,0.0,0.593,30.4,1752246296343
0.0,0.0,0.593,30.4,1752246296398
0.0,0.0,0.572,30.4,1752246296436
0.0,0.0,0.561,30.4,1752246296491
0.0,0.0,0.561,30.4,1752246296600
0.0,0.0,0.561,30.4,1752246296657
0.0,0.0,0.551,30.4,1752246296708
0.0,0.0,0.551,30.4,1752246296746
31.709684371948242,-97.18804168701172,0.561,30.4,1752246297000
0.0,0.0,0.561,30.4,1752246297022
0.0,0.0,0.561,30.4,1752246297056
0.0,0.0,0.561,30.4,1752246297084
0.0,0.0,0.561,30.4,1752246297128
0.0,0.0,0.572,30.4,1752246297214
0.0,0.0,0.572,30.4,1752246297271
0.0,0.0,0.572,30.4,1752246297310
0.0,0.0,0.572,30.4,1752246297364
0.0,0.0,0.582,30.4,1752246297439
0.0,0.0,0.593,30.4,1752246297495
0.0,0.0,0.593,30.4,1752246297534
0.0,0.0,0.603,30.4,1752246297641
0.0,0.0,0.593,30.4,1752246297698
0.0,0.0,0.593,30.4,1752246297904
0.0,0.0,0.593,30.4,1752246297981
31.70968246459961,-97.18804168701172,0.593,30.4,1752246298000
0.0,0.0,0.593,30.4,1752246298027
0.0,0.0,0.603,30.4,1752246298073
0.0,0.0,0.603,30.4,1752246298117
0.0,0.0,0.603,30.4,1752246298151
0.0,0.0,0.603,30.4,1752246298209
0.0,0.0,0.603,30.4,1752246298340
0.0,0.0,0.593,30.4,1752246298379
0.0,0.0,0.593,30.4,1752246298469
0.0,0.0,0.593,30.4,1752246298534
0.0,0.0,0.593,30.4,1752246298587
0.0,0.0,0.603,30.4,1752246298743
31.70968246459961,-97.18804168701172,0.614,30.4,1752246299000
0.0,0.0,0.614,30.4,1752246299004
0.0,0.0,0.603,30.4,1752246299032
0.0,0.0,0.603,30.4,1752246299060
0.0,0.0,0.614,30.4,1752246299106
0.0,0.0,0.614,30.4,1752246299189
0.0,0.0,0.614,30.4,1752246299250
0.0,0.0,0.603,30.4,1752246299342
0.0,0.0,0.614,30.4,1752246299400
0.0,0.0,0.614,30.4,1752246299456
0.0,0.0,0.614,30.4,1752246299515
0.0,0.0,0.614,30.4,1752246299611
0.0,0.0,0.603,30.4,1752246299671
0.0,0.0,0.593,30.4,1752246299882
0.0,0.0,0.593,30.4,1752246299913
0.0,0.0,0.593,30.4,1752246299960
31.709680557250977,-97.18804168701172,0.582,30.4,1752246300000
0.0,0.0,0.582,30.4,1752246300022
0.0,0.0,0.582,30.4,1752246300069
0.0,0.0,0.582,30.4,1752246300101
0.0,0.0,0.582,30.4,1752246300150
0.0,0.0,0.582,30.4,1752246300233
0.0,0.0,0.582,30.4,1752246300325
0.0,0.0,0.572,30.4,1752246300384
0.0,0.0,0.572,30.4,1752246300440
0.0,0.0,0.582,30.4,1752246300496
0.0,0.0,0.593,30.4,1752246300595
0.0,0.0,0.593,30.4,1752246300655
0.0,0.0,0.593,30.4,1752246300707
0.0,0.0,0.603,30.4,1752246300744
31.709678649902344,-97.18804168701172,0.603,30.4,1752246301000
0.0,0.0,0.603,30.4,1752246301044
0.0,0.0,0.603,30.4,1752246301076
0.0,0.0,0.603,30.4,1752246301104
0.0,0.0,0.603,30.4,1752246301160
0.0,0.0,0.603,30.4,1752246301240
0.0,0.0,0.603,30.4,1752246301297
0.0,0.0,0.603,30.4,1752246301336
0.0,0.0,0.624,30.4,1752246301390
0.0,0.0,0.614,30.4,1752246301466
0.0,0.0,0.614,30.4,1752246301526
0.0,0.0,0.614,30.4,1752246301587
0.0,0.0,0.614,30.4,1752246301626
0.0,0.0,0.614,30.4,1752246301683
0.0,0.0,0.614,30.4,1752246301761
31.709674835205078,-97.18804168701172,0.614,30.4,1752246302000
0.0,0.0,0.614,30.4,1752246302006
0.0,0.0,0.603,30.4,1752246302052
0.0,0.0,0.603,30.4,1752246302099
0.0,0.0,0.603,30.4,1752246302167
0.0,0.0,0.614,30.4,1752246302205
0.0,0.0,0.593,30.4,1752246302268
0.0,0.0,0.593,30.4,1752246302343
0.0,0.0,0.593,30.4,1752246302403
0.0,0.0,0.603,30.4,1752246302461
0.0,0.0,0.603,30.4,1752246302500
0.0,0.0,0.603,30.4,1752246302555
0.0,0.0,0.603,30.4,1752246302638
0.0,0.0,0.603,30.4,1752246302698
0.0,0.0,0.603,30.4,1752246302756
0.0,0.0,0.603,30.4,1752246302961
31.709672927856445,-97.18804168701172,0.603,30.4,1752246303000
0.0,0.0,0.603,30.4,1752246303058
0.0,0.0,0.603,30.4,1752246303107
0.0,0.0,0.614,30.4,1752246303157
0.0,0.0,0.614,30.4,1752246303219
0.0,0.0,0.603,30.4,1752246303254
0.0,0.0,0.603,30.4,1752246303312
0.0,0.0,0.603,30.4,1752246303389
0.0,0.0,0.603,30.4,1752246303449
0.0,0.0,0.593,30.4,1752246303508
0.0,0.0,0.593,30.4,1752246303546
0.0,0.0,0.582,30.4,1752246303604
0.0,0.0,0.582,30.4,1752246303683
0.0,0.0,0.582,30.4,1752246303746
0.0,0.0,0.582,30.4,1752246303806
31.709671020507812,-97.18804168701172,0.582,30.4,1752246304000
0.0,0.0,0.582,30.4,1752246304011
0.0,0.0,0.572,30.4,1752246304110
0.0,0.0,0.582,30.4,1752246304168
0.0,0.0,0.582,30.4,1752246304237
0.0,0.0,0.582,30.4,1752246304297
0.0,0.0,0.582,30.4,1752246304339
0.0,0.0,0.582,30.4,1752246304363
0.0,0.0,0.582,30.4,1752246304444
0.0,0.0,0.582,30.4,1752246304508
0.0,0.0,0.582,30.4,1752246304567
0.0,0.0,0.582,30.4,1752246304605
0.0,0.0,0.582,30.4,1752246304665
0.0,0.0,0.572,30.4,1752246304748
0.0,0.0,0.572,30.4,1752246304859
31.709671020507812,-97.18804168701172,0.572,30.4,1752246305000
0.0,0.0,0.572,30.4,1752246305032
0.0,0.0,0.572,30.4,1752246305064
0.0,0.0,0.572,30.4,1752246305115
0.0,0.0,0.603,30.4,1752246305200
0.0,0.0,0.603,30.4,1752246305262
0.0,0.0,0.603,30.4,1752246305303
0.0,0.0,0.603,30.4,1752246305364
0.0,0.0,0.603,30.4,1752246305411
0.0,0.0,0.624,30.4,1752246305476
0.0,0.0,0.624,30.4,1752246305537
0.0,0.0,0.624,30.4,1752246305575
0.0,0.0,0.624,30.4,1752246305637
0.0,0.0,0.624,30.4,1752246305722
0.0,0.0,0.624,30.4,1752246305785
0.0,0.0,0.624,30.4,1752246305998
31.709672927856445,-97.18804168701172,0.624,30.4,1752246306000
0.0,0.0,0.593,30.4,1752246306061
0.0,0.0,0.593,30.4,1752246306145
0.0,0.0,0.593,30.6,1752246306208
0.0,0.0,0.582,30.6,1752246306250
0.0,0.0,0.582,30.6,1752246306324
0.0,0.0,0.582,30.6,1752246306410
0.0,0.0,0.561,30.6,1752246306473
0.0,0.0,0.561,30.6,1752246306477
0.0,0.0,0.572,30.6,1752246306536
0.0,0.0,0.572,30.6,1752246306621
0.0,0.0,0.572,30.6,1752246306688
0.0,0.0,0.572,30.6,1752246306751
0.0,0.0,0.593,30.6,1752246306791
0.0,0.0,0.582,30.6,1752246306851
31.709672927856445,-97.18804168701172,0.582,30.6,1752246307000
0.0,0.0,0.582,30.6,1752246307106
0.0,0.0,0.593,30.6,1752246307174
0.0,0.0,0.593,30.6,1752246307244
0.0,0.0,0.603,30.6,1752246307284
0.0,0.0,0.603,30.6,1752246307347
0.0,0.0,0.603,30.6,1752246307431
0.0,0.0,0.593,30.6,1752246307491
0.0,0.0,0.593,30.6,1752246307531
0.0,0.0,0.582,30.6,1752246307589
0.0,0.0,0.582,30.6,1752246307672
0.0,0.0,0.572,30.6,1752246307740
0.0,0.0,0.582,30.6,1752246307800
0.0,0.0,0.582,30.6,1752246307839
0.0,0.0,0.582,30.6,1752246307897
31.709674835205078,-97.18804931640625,0.582,30.6,1752246308000
0.0,0.0,0.582,30.6,1752246308140
0.0,0.0,0.572,30.6,1752246308212
0.0,0.0,0.572,30.6,1752246308272
0.0,0.0,0.572,30.6,1752246308310
0.0,0.0,0.572,30.6,1752246308369
0.0,0.0,0.593,30.6,1752246308453
0.0,0.0,0.582,30.6,1752246308515
0.0,0.0,0.593,30.6,1752246308556
0.0,0.0,0.603,30.6,1752246308614
0.0,0.0,0.603,30.6,1752246308700
0.0,0.0,0.603,30.6,1752246308769
0.0,0.0,0.603,30.6,1752246308832
0.0,0.0,0.603,30.6,1752246308874
31.70967674255371,-97.18804931640625,0.603,30.6,1752246309000
0.0,0.0,0.603,30.6,1752246309102
0.0,0.0,0.603,30.4,1752246309195
0.0,0.0,0.603,30.4,1752246309268
0.0,0.0,0.603,30.4,1752246309310
0.0,0.0,0.582,30.4,1752246309459
0.0,0.0,0.582,30.4,1752246309498
0.0,0.0,0.582,30.4,1752246309531
0.0,0.0,0.582,30.4,1752246309589
0.0,0.0,0.582,30.4,1752246309675
0.0,0.0,0.582,30.4,1752246309741
0.0,0.0,0.572,30.4,1752246309842
0.0,0.0,0.572,30.4,1752246309901
31.70967674255371,-97.18804931640625,0.572,30.4,1752246310000
0.0,0.0,0.572,30.4,1752246310130
0.0,0.0,0.572,30.4,1752246310201
0.0,0.0,0.572,30.4,1752246310243
0.0,0.0,0.572,30.4,1752246310317
0.0,0.0,0.582,30.4,1752246310405
0.0,0.0,0.582,30.4,1752246310467
0.0,0.0,0.582,30.4,1752246310506
0.0,0.0,0.582,30.4,1752246310564
0.0,0.0,0.582,30.4,1752246310652
0.0,0.0,0.582,30.4,1752246310717
0.0,0.0,0.582,30.4,1752246310780
0.0,0.0,0.593,30.4,1752246310819
0.0,0.0,0.582,30.4,1752246310882
31.70967674255371,-97.18804931640625,0.582,30.4,1752246311000
0.0,0.0,0.572,30.4,1752246311140
0.0,0.0,0.582,30.4,1752246311214
0.0,0.0,0.572,30.4,1752246311283
0.0,0.0,0.572,30.4,1752246311321
0.0,0.0,0.572,30.4,1752246311397
0.0,0.0,0.582,30.4,1752246311484
0.0,0.0,0.572,30.4,1752246311549
0.0,0.0,0.572,30.4,1752246311588
0.0,0.0,0.572,30.4,1752246311651
0.0,0.0,0.572,30.4,1752246311736
0.0,0.0,0.582,30.4,1752246311802
0.0,0.0,0.582,30.4,1752246311865
0.0,0.0,0.582,30.4,1752246311904
0.0,0.0,0.582,30.4,1752246312130
0.0,0.0,0.582,30.4,1752246312236
0.0,0.0,0.582,30.4,1752246312306
0.0,0.0,0.582,30.4,1752246312380
0.0,0.0,0.582,30.4,1752246312418
0.0,0.0,0.582,30.4,1752246312483
0.0,0.0,0.582,30.4,1752246312571
0.0,0.0,0.603,30.4,1752246312637
0.0,0.0,0.593,30.4,1752246312700
0.0,0.0,0.593,30.4,1752246312738
0.0,0.0,0.572,30.4,1752246312799
0.0,0.0,0.582,30.4,1752246312889
0.0,0.0,0.572,30.4,1752246312955
31.709678649902344,-97.18804931640625,0.572,30.4,1752246313000
0.0,0.0,0.572,30.4,1752246313192
0.0,0.0,0.572,30.4,1752246313238
0.0,0.0,0.572,30.4,1752246313305
0.0,0.0,0.572,30.4,1752246313397
0.0,0.0,0.572,30.4,1752246313461
0.0,0.0,0.572,30.4,1752246313499
0.0,0.0,0.561,30.4,1752246313564
0.0,0.0,0.561,30.4,1752246313654
0.0,0.0,0.561,30.4,1752246313719
0.0,0.0,0.561,30.4,1752246313757
0.0,0.0,0.561,30.4,1752246313814
0.0,0.0,0.561,30.4,1752246313888
0.0,0.0,0.561,30.4,1752246313942
0.0,0.0,0.572,30.4,1752246313973
31.709678649902344,-97.18804931640625,0.572,30.4,1752246314000
0.0,0.0,0.572,30.4,1752246314026
0.0,0.0,0.572,30.4,1752246314100
0.0,0.0,0.561,30.4,1752246314173
0.0,0.0,0.561,30.4,1752246314218
0.0,0.0,0.572,30.4,1752246314285
0.0,0.0,0.572,30.4,1752246314371
0.0,0.0,0.582,30.4,1752246314437
0.0,0.0,0.593,30.4,1752246314500
0.0,0.0,0.593,30.4,1752246314539
0.0,0.0,0.593,30.4,1752246314598
0.0,0.0,0.593,30.4,1752246314688
0.0,0.0,0.593,30.4,1752246314750
0.0,0.0,0.593,30.4,1752246314835
31.709680557250977,-97.18804931640625,0.593,30.4,1752246315000
0.0,0.0,0.593,30.4,1752246315009
0.0,0.0,0.603,30.4,1752246315102
0.0,0.0,0.593,30.4,1752246315169
0.0,0.0,0.593,30.4,1752246315223
0.0,0.0,0.593,30.4,1752246315289
0.0,0.0,0.593,30.4,1752246315377
0.0,0.0,0.572,30.4,1752246315440
0.0,0.0,0.572,30.4,1752246315478
0.0,0.0,0.561,30.4,1752246315537
0.0,0.0,0.561,30.4,1752246315625
0.0,0.0,0.561,30.4,1752246315690
0.0,0.0,0.561,30.4,1752246315752
0.0,0.0,0.561,30.4,1752246315791
31.70968246459961,-97.18804931640625,0.561,30.4,1752246316000
0.0,0.0,0.561,30.4,1752246316016
0.0,0.0,0.561,30.4,1752246316104
0.0,0.0,0.561,30.4,1752246316173
0.0,0.0,0.561,30.4,1752246316252
0.0,0.0,0.561,30.4,1752246316291
0.0,0.0,0.572,30.4,1752246316357
0.0,0.0,0.572,30.4,1752246316445
0.0,0.0,0.572,30.4,1752246316507
0.0,0.0,0.572,30.4,1752246316545
0.0,0.0,0.572,30.4,1752246316608
0.0,0.0,0.572,30.4,1752246316727
0.0,0.0,0.582,30.4,1752246316812
0.0,0.0,0.582,30.4,1752246316889
0.0,0.0,0.572,30.4,1752246316977
31.70968246459961,-97.18804931640625,0.572,30.4,1752246317000
0.0,0.0,0.572,30.4,1752246317158
0.0,0.0,0.572,30.4,1752246317253
0.0,0.0,0.572,30.4,1752246317317
0.0,0.0,0.572,30.4,1752246317364
0.0,0.0,0.572,30.4,1752246317425
0.0,0.0,0.572,30.4,1752246317518
0.0,0.0,0.572,30.4,1752246317581
0.0,0.0,0.572,30.4,1752246317619
0.0,0.0,0.572,30.4,1752246317695
0.0,0.0,0.561,30.4,1752246317802
0.0,0.0,0.561,30.4,1752246317884
0.0,0.0,0.572,30.4,1752246317961
31.709684371948242,-97.18804931640625,0.572,30.4,1752246318000
0.0,0.0,0.572,30.4,1752246318012
0.0,0.0,0.572,30.4,1752246318251
0.0,0.0,0.572,30.4,1752246318346
0.0,0.0,0.561,30.4,1752246318420
0.0,0.0,0.561,30.4,1752246318486
0.0,0.0,0.561,30.4,1752246318524
0.0,0.0,0.572,30.4,1752246318584
0.0,0.0,0.572,30.4,1752246318675
0.0,0.0,0.572,30.4,1752246318755
0.0,0.0,0.572,30.4,1752246318832
0.0,0.0,0.572,30.4,1752246318881
0.0,0.0,0.572,30.4,1752246318958
31.709686279296875,-97.18804931640625,0.572,30.4,1752246319000
0.0,0.0,0.582,30.4,1752246319065
0.0,0.0,0.582,30.4,1752246319176
0.0,0.0,0.582,30.4,1752246319352
0.0,0.0,0.582,30.4,1752246319406
0.0,0.0,0.582,30.4,1752246319469
0.0,0.0,0.582,30.4,1752246319557
0.0,0.0,0.582,30.4,1752246319626
0.0,0.0,0.582,30.4,1752246319676
0.0,0.0,0.582,30.4,1752246319748
0.0,0.0,0.582,30.4,1752246319859
0.0,0.0,0.593,30.4,1752246319951
0.0,0.0,0.593,30.4,1752246320035
0.0,0.0,0.582,30.4,1752246320090
0.0,0.0,0.582,30.4,1752246320200
0.0,0.0,0.582,30.4,1752246320407
0.0,0.0,0.582,30.4,1752246320487
0.0,0.0,0.593,30.4,1752246320572
0.0,0.0,0.582,30.4,1752246320626
0.0,0.0,0.593,30.4,1752246320704
0.0,0.0,0.582,30.4,1752246320818
0.0,0.0,0.582,30.4,1752246320907
0.0,0.0,0.582,30.4,1752246320990
31.709688186645508,-97.18804931640625,0.582,30.4,1752246321000
0.0,0.0,0.582,30.4,1752246321039
0.0,0.0,0.582,30.4,1752246321123
0.0,0.0,0.593,30.4,1752246321235
0.0,0.0,0.593,30.4,1752246321473
0.0,0.0,0.582,30.4,1752246321536
0.0,0.0,0.582,30.4,1752246321575
0.0,0.0,0.582,30.4,1752246321639
0.0,0.0,0.582,30.4,1752246321726
0.0,0.0,0.582,30.4,1752246321788
0.0,0.0,0.582,30.4,1752246321827
0.0,0.0,0.582,30.4,1752246321890
0.0,0.0,0.582,30.4,1752246321979
31.709688186645508,-97.18804931640625,0.582,30.4,1752246322000
0.0,0.0,0.582,30.4,1752246322044
0.0,0.0,0.582,30.4,1752246322082
0.0,0.0,0.572,30.4,1752246322148
0.0,0.0,0.582,30.4,1752246322253
0.0,0.0,0.593,30.4,1752246322317
0.0,0.0,0.593,30.4,1752246322356
0.0,0.0,0.593,30.4,1752246322415
0.0,0.0,0.603,30.4,1752246322520
0.0,0.0,0.603,30.4,1752246322613
0.0,0.0,0.603,30.4,1752246322695
0.0,0.0,0.603,30.4,1752246322749
0.0,0.0,0.603,30.4,1752246322829
0.0,0.0,0.603,30.4,1752246322966
31.709688186645508,-97.18804931640625,0.603,30.4,1752246323000
0.0,0.0,0.603,30.4,1752246323076
0.0,0.0,0.603,30.4,1752246323253
0.0,0.0,0.614,30.4,1752246323299
0.0,0.0,0.603,30.4,1752246323371
0.0,0.0,0.603,30.4,1752246323467
0.0,0.0,0.603,30.4,1752246323550
0.0,0.0,0.603,30.4,1752246323601
0.0,0.0,0.603,30.4,1752246323683
0.0,0.0,0.603,30.4,1752246323793
0.0,0.0,0.603,30.4,1752246323881
0.0,0.0,0.603,30.4,1752246323964
31.709692001342773,-97.18804931640625,0.603,30.4,1752246324000
0.0,0.0,0.603,30.4,1752246324018
0.0,0.0,0.603,30.4,1752246324096
0.0,0.0,0.593,30.4,1752246324196
0.0,0.0,0.593,30.4,1752246324449
0.0,0.0,0.593,30.4,1752246324512
0.0,0.0,0.614,30.4,1752246324558
0.0,0.0,0.614,30.4,1752246324637
0.0,0.0,0.614,30.4,1752246324752
0.0,0.0,0.614,30.4,1752246324842
0.0,0.0,0.614,30.4,1752246324930
0.0,0.0,0.614,30.4,1752246324978
0.0,0.0,0.603,30.4,1752246325061
0.0,0.0,0.603,30.4,1752246325182
0.0,0.0,0.614,30.4,1752246325272
0.0,0.0,0.614,30.4,1752246325513
0.0,0.0,0.624,30.4,1752246325559
0.0,0.0,0.624,30.4,1752246325647
0.0,0.0,0.614,30.4,1752246325759
0.0,0.0,0.603,30.4,1752246325851
0.0,0.0,0.624,30.4,1752246325934
0.0,0.0,0.624,30.4,1752246325990
31.709693908691406,-97.18804931640625,0.624,30.4,1752246326000
0.0,0.0,0.624,30.4,1752246326078
0.0,0.0,0.624,30.4,1752246326199
0.0,0.0,0.634,30.4,1752246326296
0.0,0.0,0.634,30.4,1752246326532
0.0,0.0,0.634,30.4,1752246326571
0.0,0.0,0.624,30.4,1752246326634
0.0,0.0,0.624,30.4,1752246326722
0.0,0.0,0.645,30.4,1752246326784
0.0,0.0,0.645,30.4,1752246326823
0.0,0.0,0.655,30.4,1752246326887
0.0,0.0,0.655,30.4,1752246326976
31.70969581604004,-97.18804931640625,0.655,30.4,1752246327000
0.0,0.0,0.645,30.4,1752246327040
0.0,0.0,0.655,30.4,1752246327078
0.0,0.0,0.655,30.4,1752246327143
0.0,0.0,0.655,30.4,1752246327249
0.0,0.0,0.666,30.4,1752246327312
0.0,0.0,0.676,30.4,1752246327362
0.0,0.0,0.676,30.4,1752246327445
0.0,0.0,0.676,30.4,1752246327568
0.0,0.0,0.686,30.4,1752246327654
0.0,0.0,0.676,30.4,1752246327796
0.0,0.0,0.676,30.4,1752246327964
31.70969581604004,-97.18804931640625,0.676,30.4,1752246328000
0.0,0.0,0.676,30.4,1752246328221
0.0,0.0,0.686,30.4,1752246328352
0.0,0.0,0.686,30.4,1752246328435
0.0,0.0,0.686,30.4,1752246328599
0.0,0.0,0.686,30.4,1752246328699
0.0,0.0,0.686,30.4,1752246328863
0.0,0.0,0.676,30.4,1752246328967
0.0,0.0,0.686,30.4,1752246329131
0.0,0.0,0.686,30.4,1752246329404
0.0,0.0,0.676,30.4,1752246329535
0.0,0.0,0.676,30.4,1752246329635
0.0,0.0,0.666,30.4,1752246329804
0.0,0.0,0.655,30.4,1752246329905
31.709699630737305,-97.18804931640625,0.666,30.4,1752246330000
0.0,0.0,0.666,30.4,1752246330069
0.0,0.0,0.666,30.4,1752246330173
0.0,0.0,0.666,30.4,1752246330506
0.0,0.0,0.666,30.4,1752246330579
0.0,0.0,0.655,30.4,1752246330700
0.0,0.0,0.655,30.4,1752246330772
0.0,0.0,0.655,30.4,1752246330893
0.0,0.0,0.655,30.4,1752246330931
0.0,0.0,0.655,30.4,1752246330968
0.0,0.0,0.676,30.4,1752246331055
0.0,0.0,0.686,30.4,1752246331118
0.0,0.0,0.686,30.4,1752246331159
0.0,0.0,0.666,30.4,1752246331243
0.0,0.0,0.666,30.4,1752246331343
0.0,0.0,0.676,30.4,1752246331432
0.0,0.0,0.676,30.4,1752246331486
0.0,0.0,0.666,30.4,1752246331565
0.0,0.0,0.676,30.4,1752246331681
0.0,0.0,0.666,30.4,1752246331772
0.0,0.0,0.666,30.4,1752246331862
0.0,0.0,0.676,30.4,1752246331913
0.0,0.0,0.676,30.4,1752246331997
31.709701538085938,-97.18805694580078,0.676,30.4,1752246332000
0.0,0.0,0.676,30.4,1752246332133
0.0,0.0,0.666,30.4,1752246332335
0.0,0.0,0.666,30.4,1752246332403
0.0,0.0,0.666,30.4,1752246332442
0.0,0.0,0.655,30.4,1752246332504
0.0,0.0,0.655,30.4,1752246332594
0.0,0.0,0.666,30.4,1752246332659
0.0,0.0,0.655,30.4,1752246332697
0.0,0.0,0.666,30.4,1752246332760
0.0,0.0,0.666,30.4,1752246332849
0.0,0.0,0.666,30.4,1752246332912
0.0,0.0,0.645,30.4,1752246332951
31.709701538085938,-97.18805694580078,0.645,30.4,1752246333000
0.0,0.0,0.645,30.4,1752246333016
0.0,0.0,0.645,30.4,1752246333104
0.0,0.0,0.645,30.4,1752246333168
0.0,0.0,0.634,30.4,1752246333221
0.0,0.0,0.634,30.4,1752246333290
0.0,0.0,0.634,30.4,1752246333407
0.0,0.0,0.624,30.4,1752246333489
0.0,0.0,0.624,30.4,1752246333543
0.0,0.0,0.614,30.4,1752246333626
0.0,0.0,0.614,30.4,1752246333700
0.0,0.0,0.603,30.4,1752246333793
0.0,0.0,0.603,30.4,1752246333876
0.0,0.0,0.603,30.4,1752246333931
31.70970344543457,-97.18805694580078,0.624,30.4,1752246334000
0.0,0.0,0.624,30.4,1752246334011
0.0,0.0,0.624,30.4,1752246334275
0.0,0.0,0.624,30.4,1752246334346
0.0,0.0,0.645,30.4,1752246334394
0.0,0.0,0.645,30.4,1752246334466
0.0,0.0,0.655,30.4,1752246334587
0.0,0.0,0.645,30.4,1752246334675
0.0,0.0,0.634,30.4,1752246334728
0.0,0.0,0.634,30.4,1752246334812
0.0,0.0,0.655,30.4,1752246334928
31.709705352783203,-97.18805694580078,0.655,30.4,1752246335000
0.0,0.0,0.655,30.4,1752246335020
0.0,0.0,0.634,30.4,1752246335102
0.0,0.0,0.624,30.4,1752246335160
0.0,0.0,0.624,30.4,1752246335237
0.0,0.0,0.624,30.4,1752246335550
0.0,0.0,0.603,30.4,1752246335639
0.0,0.0,0.603,30.4,1752246335722
0.0,0.0,0.582,30.4,1752246335775
0.0,0.0,0.582,30.4,1752246335859
0.0,0.0,0.593,30.4,1752246335975
0.0,0.0,0.593,30.4,1752246336067
0.0,0.0,0.582,30.4,1752246336117
0.0,0.0,0.582,30.4,1752246336358
0.0,0.0,0.593,30.4,1752246336452
0.0,0.0,0.593,30.4,1752246336532
0.0,0.0,0.593,30.4,1752246336620
0.0,0.0,0.593,30.4,1752246336674
0.0,0.0,0.603,30.4,1752246336758
0.0,0.0,0.603,30.4,1752246336873
0.0,0.0,0.634,30.4,1752246336960
31.709705352783203,-97.18806457519531,0.634,30.4,1752246337000
0.0,0.0,0.624,30.4,1752246337048
0.0,0.0,0.624,30.4,1752246337101
0.0,0.0,0.624,30.4,1752246337183
0.0,0.0,0.624,30.4,1752246337306
0.0,0.0,0.624,30.4,1752246337540
0.0,0.0,0.603,30.4,1752246337579
0.0,0.0,0.603,30.4,1752246337639
0.0,0.0,0.614,30.4,1752246337731
0.0,0.0,0.603,30.4,1752246337795
0.0,0.0,0.603,30.4,1752246337834
0.0,0.0,0.603,30.4,1752246337897
0.0,0.0,0.603,30.4,1752246337986
31.70970916748047,-97.18806457519531,0.603,30.4,1752246338000
0.0,0.0,0.603,30.4,1752246338049
0.0,0.0,0.614,30.4,1752246338087
0.0,0.0,0.614,30.4,1752246338154
0.0,0.0,0.614,30.4,1752246338258
0.0,0.0,0.614,30.4,1752246338323
0.0,0.0,0.614,30.4,1752246338365
0.0,0.0,0.614,30.4,1752246338453
0.0,0.0,0.624,30.4,1752246338576
0.0,0.0,0.614,30.4,1752246338664
0.0,0.0,0.614,30.4,1752246338752
0.0,0.0,0.624,30.4,1752246338807
0.0,0.0,0.624,30.4,1752246338885
31.70970916748047,-97.18805694580078,0.614,30.4,1752246339000
0.0,0.0,0.614,30.4,1752246339007
0.0,0.0,0.614,30.4,1752246339079
0.0,0.0,0.614,30.4,1752246339316
0.0,0.0,0.603,30.4,1752246339369
0.0,0.0,0.614,30.4,1752246339441
0.0,0.0,0.614,30.4,1752246339557
0.0,0.0,0.614,30.4,1752246339644
0.0,0.0,0.603,30.4,1752246339698
0.0,0.0,0.603,30.4,1752246339781
0.0,0.0,0.603,30.4,1752246339901
0.0,0.0,0.603,30.4,1752246339989
31.7097110748291,-97.18805694580078,0.603,30.4,1752246340000
0.0,0.0,0.614,30.4,1752246340042
0.0,0.0,0.624,30.4,1752246340126
0.0,0.0,0.624,30.4,1752246340236
0.0,0.0,0.624,30.4,1752246340477
0.0,0.0,0.624,30.4,1752246340557
0.0,0.0,0.624,30.4,1752246340611
0.0,0.0,0.624,30.4,1752246340688
0.0,0.0,0.624,30.4,1752246340814
0.0,0.0,0.624,30.4,1752246340901
0.0,0.0,0.614,30.4,1752246340984
0.0,0.0,0.614,30.4,1752246341041
0.0,0.0,0.603,30.4,1752246341124
0.0,0.0,0.603,30.4,1752246341257
0.0,0.0,0.603,30.4,1752246341506
0.0,0.0,0.603,30.4,1752246341586
0.0,0.0,0.603,30.4,1752246341640
0.0,0.0,0.603,30.4,1752246341719
0.0,0.0,0.603,30.4,1752246341837
0.0,0.0,0.593,30.4,1752246341927
31.709712982177734,-97.18805694580078,0.603,30.4,1752246342000
0.0,0.0,0.603,30.4,1752246342010
0.0,0.0,0.603,30.4,1752246342064
0.0,0.0,0.603,30.4,1752246342154
0.0,0.0,0.603,30.4,1752246342278
0.0,0.0,0.603,30.4,1752246342390
0.0,0.0,0.614,30.4,1752246342571
0.0,0.0,0.614,30.4,1752246342609
0.0,0.0,0.614,30.4,1752246342675
0.0,0.0,0.614,30.4,1752246342765
0.0,0.0,0.634,30.4,1752246342829
0.0,0.0,0.614,30.4,1752246342868
0.0,0.0,0.614,30.4,1752246342931
31.709714889526367,-97.18805694580078,0.614,30.4,1752246343000
0.0,0.0,0.614,30.4,1752246343018
0.0,0.0,0.614,30.4,1752246343081
0.0,0.0,0.614,30.4,1752246343120
0.0,0.0,0.614,30.4,1752246343201
0.0,0.0,0.603,30.4,1752246343303
0.0,0.0,0.603,30.4,1752246343382
0.0,0.0,0.603,30.4,1752246343436
0.0,0.0,0.603,30.4,1752246343514
0.0,0.0,0.582,30.4,1752246343640
0.0,0.0,0.593,30.4,1752246343732
0.0,0.0,0.603,30.4,1752246343820
0.0,0.0,0.603,30.4,1752246343874
0.0,0.0,0.603,30.4,1752246343909
31.709716796875,-97.18805694580078,0.603,30.4,1752246344000
0.0,0.0,0.603,30.4,1752246344033
0.0,0.0,0.624,30.4,1752246344112
0.0,0.0,0.624,30.4,1752246344305
0.0,0.0,0.624,30.4,1752246344311
0.0,0.0,0.624,30.4,1752246344399
0.0,0.0,0.634,30.4,1752246344517
0.0,0.0,0.634,30.4,1752246344621
0.0,0.0,0.624,30.4,1752246344697
0.0,0.0,0.614,30.4,1752246344795
0.0,0.0,0.634,30.4,1752246344918
0.0,0.0,0.624,30.4,1752246345012
0.0,0.0,0.614,30.4,1752246345101
0.0,0.0,0.614,30.4,1752246345107
0.0,0.0,0.593,30.4,1752246345194
0.0,0.0,0.603,30.4,1752246345549
0.0,0.0,0.614,30.4,1752246345595
0.0,0.0,0.614,30.4,1752246345692
0.0,0.0,0.603,30.4,1752246345703
0.0,0.0,0.603,30.4,1752246345816
0.0,0.0,0.614,30.4,1752246345877
0.0,0.0,0.624,30.4,1752246345963
31.709718704223633,-97.18805694580078,0.624,30.4,1752246346000
0.0,0.0,0.614,30.4,1752246346045
0.0,0.0,0.614,30.4,1752246346099
0.0,0.0,0.624,30.4,1752246346410
0.0,0.0,0.624,30.4,1752246346528
0.0,0.0,0.624,30.4,1752246346591
0.0,0.0,0.624,30.4,1752246346654
0.0,0.0,0.614,30.4,1752246346657
0.0,0.0,0.614,30.4,1752246346681
0.0,0.0,0.624,30.4,1752246346771
0.0,0.0,0.624,30.4,1752246346803
0.0,0.0,0.614,30.4,1752246346831
0.0,0.0,0.614,30.4,1752246346870
0.0,0.0,0.624,30.4,1752246346929
31.709718704223633,-97.18805694580078,0.624,30.4,1752246347000
0.0,0.0,0.624,30.4,1752246347008
0.0,0.0,0.645,30.4,1752246347067
0.0,0.0,0.645,30.4,1752246347106
0.0,0.0,0.634,30.4,1752246347175
0.0,0.0,0.624,30.4,1752246347299
0.0,0.0,0.624,30.4,1752246347382
0.0,0.0,0.645,30.4,1752246347436
0.0,0.0,0.624,30.4,1752246347513
0.0,0.0,0.624,30.4,1752246347622
0.0,0.0,0.624,30.4,1752246347708
0.0,0.0,0.603,30.4,1752246347790
0.0,0.0,0.603,30.4,1752246347844
0.0,0.0,0.593,30.4,1752246347921
31.709718704223633,-97.18805694580078,0.572,30.4,1752246348000
0.0,0.0,0.572,30.4,1752246348033
0.0,0.0,0.572,30.4,1752246348319
0.0,0.0,0.582,30.4,1752246348386
0.0,0.0,0.582,30.4,1752246348427
0.0,0.0,0.603,30.4,1752246348494
0.0,0.0,0.603,30.4,1752246348606
0.0,0.0,0.603,30.4,1752246348691
0.0,0.0,0.603,30.4,1752246348746
0.0,0.0,0.603,30.4,1752246348821
0.0,0.0,0.603,30.4,1752246348933
31.709718704223633,-97.18806457519531,0.624,30.4,1752246349000
0.0,0.0,0.624,30.4,1752246349020
0.0,0.0,0.624,30.4,1752246349104
0.0,0.0,0.624,30.4,1752246349163
0.0,0.0,0.624,30.4,1752246349244
0.0,0.0,0.624,30.4,1752246349577
0.0,0.0,0.624,30.4,1752246349666
0.0,0.0,0.593,30.4,1752246349751
0.0,0.0,0.582,30.4,1752246349806
0.0,0.0,0.593,30.4,1752246349890
0.0,0.0,0.603,30.4,1752246350003
0.0,0.0,0.603,30.4,1752246350091
0.0,0.0,0.614,30.4,1752246350207
0.0,0.0,0.614,30.4,1752246350373
0.0,0.0,0.624,30.4,1752246350458
0.0,0.0,0.624,30.4,1752246350564
0.0,0.0,0.634,30.4,1752246350647
0.0,0.0,0.634,30.4,1752246350702
0.0,0.0,0.666,30.4,1752246350781
0.0,0.0,0.686,30.4,1752246350991
31.709720611572266,-97.18806457519531,0.686,30.4,1752246351000
0.0,0.0,0.707,30.4,1752246351048
0.0,0.0,0.686,30.4,1752246351175
0.0,0.0,0.676,30.4,1752246351417
0.0,0.0,0.666,30.4,1752246351476
0.0,0.0,0.666,30.4,1752246351533
0.0,0.0,0.666,30.4,1752246351572
0.0,0.0,0.676,30.4,1752246351634
0.0,0.0,0.666,30.4,1752246351712
0.0,0.0,0.645,30.4,1752246351771
0.0,0.0,0.655,30.4,1752246351810
0.0,0.0,0.614,30.4,1752246351865
0.0,0.0,0.614,30.4,1752246351944
31.709718704223633,-97.18806457519531,0.603,30.4,1752246352000
0.0,0.0,0.603,30.4,1752246352007
0.0,0.0,0.624,30.4,1752246352065
0.0,0.0,0.634,30.4,1752246352105
0.0,0.0,0.634,30.4,1752246352169
0.0,0.0,0.634,30.4,1752246352285
0.0,0.0,0.634,30.4,1752246352375
0.0,0.0,0.614,30.4,1752246352458
0.0,0.0,0.614,30.4,1752246352512
0.0,0.0,0.624,30.4,1752246352594
0.0,0.0,0.624,30.4,1752246352700
0.0,0.0,0.634,30.4,1752246352787
0.0,0.0,0.624,30.4,1752246352870
0.0,0.0,0.634,30.4,1752246352925
31.709720611572266,-97.18806457519531,0.614,30.4,1752246353000
0.0,0.0,0.614,30.4,1752246353005
0.0,0.0,0.603,30.4,1752246353259
0.0,0.0,0.614,30.4,1752246353328
0.0,0.0,0.603,30.4,1752246353388
0.0,0.0,0.603,30.4,1752246353431
0.0,0.0,0.593,30.4,1752246353464
0.0,0.0,0.603,30.4,1752246353570
0.0,0.0,0.593,30.4,1752246353656
0.0,0.0,0.593,30.4,1752246353742
0.0,0.0,0.593,30.4,1752246353797
0.0,0.0,0.593,30.4,1752246353877
0.0,0.0,0.582,30.4,1752246353989
0.0,0.0,0.582,30.4,1752246354072
0.0,0.0,0.582,30.4,1752246354153
0.0,0.0,0.572,30.4,1752246354214
0.0,0.0,0.572,30.4,1752246354449
0.0,0.0,0.582,30.4,1752246354538
0.0,0.0,0.582,30.4,1752246354621
0.0,0.0,0.582,30.4,1752246354702
0.0,0.0,0.582,30.4,1752246354756
0.0,0.0,0.582,30.4,1752246354829
0.0,0.0,0.572,30.4,1752246354938
31.7097225189209,-97.18806457519531,0.582,30.4,1752246355000
0.0,0.0,0.582,30.4,1752246355021
0.0,0.0,0.582,30.4,1752246355103
0.0,0.0,0.582,30.4,1752246355161
0.0,0.0,0.582,30.4,1752246355245
0.0,0.0,0.582,30.4,1752246355493
0.0,0.0,0.582,30.4,1752246355555
0.0,0.0,0.582,30.4,1752246355613
0.0,0.0,0.582,30.4,1752246355653
0.0,0.0,0.582,30.4,1752246355711
0.0,0.0,0.582,30.4,1752246355790
0.0,0.0,0.582,30.4,1752246355849
0.0,0.0,0.582,30.4,1752246355888
0.0,0.0,0.582,30.4,1752246355946
31.70972442626953,-97.18806457519531,0.582,30.4,1752246356000
0.0,0.0,0.582,30.4,1752246356025
0.0,0.0,0.572,30.4,1752246356085
0.0,0.0,0.572,30.4,1752246356124
0.0,0.0,0.572,30.4,1752246356193
0.0,0.0,0.582,30.4,1752246356298
0.0,0.0,0.582,30.4,1752246356377
0.0,0.0,0.593,30.4,1752246356433
0.0,0.0,0.593,30.4,1752246356513
0.0,0.0,0.603,30.4,1752246356620
0.0,0.0,0.603,30.4,1752246356706
0.0,0.0,0.603,30.4,1752246356783
0.0,0.0,0.603,30.4,1752246356838
0.0,0.0,0.614,30.4,1752246356913
31.70972442626953,-97.18806457519531,0.614,30.4,1752246357000
0.0,0.0,0.624,30.4,1752246357168
0.0,0.0,0.634,30.4,1752246357237
0.0,0.0,0.624,30.4,1752246357296
0.0,0.0,0.624,30.4,1752246357335
0.0,0.0,0.603,30.4,1752246357429
0.0,0.0,0.614,30.4,1752246357512
0.0,0.0,0.614,30.4,1752246357565
0.0,0.0,0.614,30.4,1752246357638
0.0,0.0,0.624,30.4,1752246357744
0.0,0.0,0.634,30.4,1752246357831
0.0,0.0,0.634,30.4,1752246357908
0.0,0.0,0.634,30.4,1752246357962
31.709726333618164,-97.18806457519531,0.614,30.4,1752246358000
0.0,0.0,0.614,30.4,1752246358035
0.0,0.0,0.603,30.4,1752246358140
0.0,0.0,0.593,30.4,1752246358374
0.0,0.0,0.603,30.4,1752246358420
0.0,0.0,0.624,30.4,1752246358485
0.0,0.0,0.614,30.4,1752246358597
0.0,0.0,0.624,30.4,1752246358681
0.0,0.0,0.624,30.4,1752246358732
0.0,0.0,0.603,30.4,1752246358812
0.0,0.0,0.614,30.4,1752246358919
0.0,0.0,0.624,30.4,1752246359001
0.0,0.0,0.645,30.4,1752246359143
0.0,0.0,0.645,30.4,1752246359224
0.0,0.0,0.634,30.4,1752246359596
0.0,0.0,0.645,30.4,1752246359650
0.0,0.0,0.634,30.4,1752246359698
0.0,0.0,0.624,30.4,1752246359882
0.0,0.0,0.624,30.4,1752246359983
31.709726333618164,-97.18806457519531,0.624,30.4,1752246360000
0.0,0.0,0.603,30.4,1752246360276
0.0,0.0,0.603,30.4,1752246360358
0.0,0.0,0.603,30.4,1752246360470
0.0,0.0,0.593,30.4,1752246360541
0.0,0.0,0.582,30.4,1752246360655
0.0,0.0,0.561,30.4,1752246360726
0.0,0.0,0.561,30.4,1752246360838
0.0,0.0,0.572,30.4,1752246360909
31.709728240966797,-97.18806457519531,0.572,30.4,1752246361000
0.0,0.0,0.572,30.4,1752246361021
0.0,0.0,0.561,30.4,1752246361194
0.0,0.0,0.572,30.4,1752246361280
0.0,0.0,0.572,30.4,1752246361433
0.0,0.0,0.582,30.4,1752246361536
0.0,0.0,0.593,30.4,1752246361691
0.0,0.0,0.582,30.4,1752246361794
0.0,0.0,0.593,30.4,1752246361945
0.0,0.0,0.614,30.4,1752246362178
0.0,0.0,0.624,30.4,1752246362294
0.0,0.0,0.624,30.4,1752246362368
0.0,0.0,0.624,30.4,1752246362521
0.0,0.0,0.614,30.4,1752246362615
0.0,0.0,0.624,30.4,1752246362773
0.0,0.0,0.614,30.4,1752246362868
31.70973014831543,-97.18806457519531,0.603,30.4,1752246363000
0.0,0.0,0.603,30.4,1752246363023
0.0,0.0,0.603,30.4,1752246363122
0.0,0.0,0.603,30.4,1752246363413
0.0,0.0,0.603,30.4,1752246363452
0.0,0.0,0.603,30.4,1752246363565
0.0,0.0,0.593,30.4,1752246363642
0.0,0.0,0.593,30.4,1752246363754
0.0,0.0,0.603,30.4,1752246363827
0.0,0.0,0.603,30.4,1752246363940
0.0,0.0,0.624,30.4,1752246364013
0.0,0.0,0.624,30.4,1752246364125
0.0,0.0,0.655,30.4,1752246364207
0.0,0.0,0.655,30.4,1752246364351
0.0,0.0,0.666,30.4,1752246364452
0.0,0.0,0.676,30.4,1752246364610
0.0,0.0,0.697,30.4,1752246364705
0.0,0.0,0.707,30.4,1752246364865
0.0,0.0,0.728,30.4,1752246364958
31.709732055664062,-97.18806457519531,0.728,30.4,1752246365000
0.0,0.0,0.749,30.4,1752246365258
0.0,0.0,0.759,30.4,1752246365331
0.0,0.0,0.77,30.4,1752246365447
0.0,0.0,0.78,30.4,1752246365520
0.0,0.0,0.77,30.4,1752246365632
0.0,0.0,0.78,30.4,1752246365703
0.0,0.0,0.78,30.4,1752246365815
0.0,0.0,0.78,30.4,1752246365887
0.0,0.0,0.78,30.4,1752246365999
31.709733963012695,-97.18806457519531,0.78,30.4,1752246366000
0.0,0.0,0.77,30.4,1752246366071
0.0,0.0,0.77,30.4,1752246366187
0.0,0.0,0.759,30.4,1752246366267
0.0,0.0,0.759,30.4,1752246366406
0.0,0.0,0.759,30.4,1752246366506
0.0,0.0,0.759,30.4,1752246366666
0.0,0.0,0.77,30.4,1752246366765
0.0,0.0,0.78,30.4,1752246366924
0.0,0.0,0.78,30.4,1752246367021
0.0,0.0,0.79,30.4,1752246367321
0.0,0.0,0.801,30.4,1752246367394
0.0,0.0,0.822,30.4,1752246367549
0.0,0.0,0.822,30.4,1752246367650
0.0,0.0,0.842,30.4,1752246367805
0.0,0.0,0.842,30.4,1752246367902
31.709733963012695,-97.18806457519531,0.863,30.4,1752246368000
0.0,0.0,0.863,30.4,1752246368057
0.0,0.0,0.863,30.4,1752246368161
0.0,0.0,0.874,30.4,1752246368459
0.0,0.0,0.874,30.4,1752246368531
0.0,0.0,0.874,30.4,1752246368645
0.0,0.0,0.884,30.4,1752246368715
0.0,0.0,0.874,30.4,1752246368831
0.0,0.0,0.874,30.4,1752246368903
0.0,0.0,0.884,30.4,1752246369016
0.0,0.0,0.895,30.4,1752246369088
0.0,0.0,0.884,30.4,1752246369213
0.0,0.0,0.905,30.4,1752246369313
0.0,0.0,0.895,30.4,1752246369466
0.0,0.0,0.884,30.4,1752246369566
0.0,0.0,0.884,30.4,1752246369718
0.0,0.0,0.895,30.4,1752246369818
0.0,0.0,0.915,30.4,1752246369962
31.709733963012695,-97.18806457519531,0.915,30.4,1752246370000
0.0,0.0,0.936,30.4,1752246370218
0.0,0.0,0.957,30.4,1752246370330
0.0,0.0,0.957,30.4,1752246370401
0.0,0.0,0.947,30.4,1752246370515
0.0,0.0,0.936,30.4,1752246370590
0.0,0.0,0.936,30.4,1752246370703
0.0,0.0,0.936,30.4,1752246370774
0.0,0.0,0.947,30.4,1752246370886
0.0,0.0,0.967,30.4,1752246370957
0.0,0.0,0.978,30.4,1752246371069
0.0,0.0,0.967,30.4,1752246371143
0.0,0.0,0.967,30.4,1752246371264
0.0,0.0,0.967,30.4,1752246371363
0.0,0.0,0.957,30.4,1752246371522
0.0,0.0,0.967,30.4,1752246371616
0.0,0.0,0.978,30.4,1752246371769
0.0,0.0,0.988,30.4,1752246371869
31.709735870361328,-97.18806457519531,0.988,30.4,1752246372000
0.0,0.0,0.988,30.4,1752246372013
0.0,0.0,0.978,30.4,1752246372268
0.0,0.0,0.978,30.4,1752246372381
0.0,0.0,0.957,30.4,1752246372453
0.0,0.0,0.957,30.4,1752246372565
0.0,0.0,0.957,30.4,1752246372637
0.0,0.0,0.957,30.4,1752246372749
0.0,0.0,0.947,30.4,1752246372821
0.0,0.0,0.947,30.4,1752246372933
31.709733963012695,-97.18806457519531,0.936,30.4,1752246373000
0.0,0.0,0.936,30.4,1752246373004
0.0,0.0,0.926,30.4,1752246373117
0.0,0.0,0.936,30.4,1752246373199
0.0,0.0,0.936,30.4,1752246373344
0.0,0.0,0.926,30.4,1752246373444
0.0,0.0,0.926,30.4,1752246373597
0.0,0.0,0.947,30.4,1752246373702
0.0,0.0,0.936,30.4,1752246373855
0.0,0.0,0.936,30.4,1752246373948
0.0,0.0,0.936,30.4,1752246374246
0.0,0.0,0.967,30.4,1752246374319
0.0,0.0,0.978,30.4,1752246374432
0.0,0.0,0.978,30.4,1752246374531
0.0,0.0,0.978,30.4,1752246374689
0.0,0.0,0.978,30.4,1752246374784
0.0,0.0,0.988,30.4,1752246374937
31.709735870361328,-97.18807220458984,0.988,30.4,1752246375000
0.0,0.0,0.988,30.4,1752246375037
0.0,0.0,1.009,30.4,1752246375191
0.0,0.0,0.988,30.4,1752246375442
0.0,0.0,0.988,30.4,1752246375555
0.0,0.0,0.999,30.4,1752246375631
0.0,0.0,0.988,30.4,1752246375744
0.0,0.0,0.999,30.4,1752246375817
0.0,0.0,1.009,30.4,1752246375931
0.0,0.0,1.019,30.4,1752246376002
0.0,0.0,1.019,30.4,1752246376115
0.0,0.0,1.009,30.4,1752246376197
0.0,0.0,1.019,30.4,1752246376335
0.0,0.0,1.019,30.4,1752246376433
0.0,0.0,1.019,30.4,1752246376592
0.0,0.0,1.03,30.4,1752246376687
0.0,0.0,1.03,30.4,1752246376840
0.0,0.0,1.04,30.4,1752246376935
31.709735870361328,-97.18807220458984,1.04,30.4,1752246377000
0.0,0.0,1.051,30.4,1752246377233
0.0,0.0,1.04,30.4,1752246377305
0.0,0.0,1.03,30.4,1752246377422
0.0,0.0,1.03,30.4,1752246377494
0.0,0.0,1.03,30.4,1752246377607
0.0,0.0,1.061,30.4,1752246377678
0.0,0.0,1.071,30.4,1752246377790
0.0,0.0,1.061,30.4,1752246377863
0.0,0.0,1.061,30.4,1752246377976
31.709735870361328,-97.18807220458984,1.061,30.4,1752246378000
0.0,0.0,1.061,30.4,1752246378048
0.0,0.0,1.051,30.4,1752246378164
0.0,0.0,1.04,30.4,1752246378245
0.0,0.0,1.019,30.4,1752246378384
0.0,0.0,1.009,30.4,1752246378484
0.0,0.0,1.019,30.4,1752246378641
0.0,0.0,1.03,30.4,1752246378737
0.0,0.0,1.019,30.4,1752246378896
0.0,0.0,0.999,30.4,1752246378996
0.0,0.0,0.988,30.4,1752246379313
0.0,0.0,0.988,30.4,1752246379387
0.0,0.0,0.988,30.4,1752246379514
0.0,0.0,0.988,30.4,1752246379614
0.0,0.0,0.988,30.4,1752246379770
0.0,0.0,0.988,30.4,1752246379870
31.709735870361328,-97.18807220458984,1.019,30.4,1752246380000
0.0,0.0,1.019,30.4,1752246380024
0.0,0.0,1.019,30.4,1752246380119
0.0,0.0,1.019,30.4,1752246380284
0.0,0.0,1.009,30.4,1752246380535
0.0,0.0,1.019,30.4,1752246380655
0.0,0.0,1.019,30.4,1752246380726
0.0,0.0,1.03,30.4,1752246380843
0.0,0.0,1.03,30.4,1752246380915
0.0,0.0,1.009,30.4,1752246381028
0.0,0.0,1.009,30.4,1752246381101
0.0,0.0,1.009,30.4,1752246381187
0.0,0.0,0.999,30.4,1752246381242
0.0,0.0,0.988,30.4,1752246381376
0.0,0.0,0.978,30.4,1752246381495
0.0,0.0,0.947,30.4,1752246381656
0.0,0.0,0.957,30.4,1752246381756
0.0,0.0,0.936,30.4,1752246381913
31.709735870361328,-97.18807220458984,0.936,30.4,1752246382000
0.0,0.0,0.936,30.4,1752246382004
0.0,0.0,0.936,30.4,1752246382300
0.0,0.0,0.926,30.4,1752246382372
0.0,0.0,0.936,30.4,1752246382485
0.0,0.0,0.947,30.4,1752246382560
0.0,0.0,0.926,30.4,1752246382674
0.0,0.0,0.936,30.4,1752246382746
0.0,0.0,0.936,30.4,1752246382826
0.0,0.0,0.915,30.4,1752246382864
0.0,0.0,0.926,30.4,1752246382957
31.709735870361328,-97.18807220458984,0.915,30.4,1752246383000
0.0,0.0,0.915,30.4,1752246383012
0.0,0.0,0.926,30.4,1752246383128
0.0,0.0,0.905,30.4,1752246383221
0.0,0.0,0.884,30.4,1752246383381
0.0,0.0,0.884,30.4,1752246383476
0.0,0.0,0.863,30.4,1752246383634
0.0,0.0,0.853,30.4,1752246383689
0.0,0.0,0.853,30.4,1752246383747
0.0,0.0,0.842,30.4,1752246383819
0.0,0.0,0.832,30.4,1752246383951
0.0,0.0,0.832,30.4,1752246384022
0.0,0.0,0.811,30.4,1752246384309
0.0,0.0,0.801,30.4,1752246384391
0.0,0.0,0.79,30.4,1752246384522
0.0,0.0,0.79,30.4,1752246384624
0.0,0.0,0.801,30.4,1752246384781
0.0,0.0,0.78,30.4,1752246384879
31.709735870361328,-97.18807220458984,0.759,30.4,1752246385000
0.0,0.0,0.759,30.4,1752246385037
0.0,0.0,0.77,30.4,1752246385134
0.0,0.0,0.749,30.4,1752246385441
0.0,0.0,0.738,30.4,1752246385513
0.0,0.0,0.718,30.4,1752246385626
0.0,0.0,0.697,30.4,1752246385742
0.0,0.0,0.676,30.4,1752246385816
0.0,0.0,0.686,30.4,1752246385932
0.0,0.0,0.676,30.4,1752246386004
0.0,0.0,0.666,30.4,1752246386118
0.0,0.0,0.666,30.4,1752246386200
0.0,0.0,0.666,30.4,1752246386343
0.0,0.0,0.666,30.4,1752246386444
0.0,0.0,0.655,30.4,1752246386598
0.0,0.0,0.655,30.4,1752246386699
0.0,0.0,0.655,30.4,1752246386853
0.0,0.0,0.655,30.4,1752246386945
31.709732055664062,-97.18807220458984,0.655,30.4,1752246387000
0.0,0.0,0.666,30.4,1752246387249
0.0,0.0,0.666,30.4,1752246387294
0.0,0.0,0.655,30.4,1752246387411
0.0,0.0,0.655,30.4,1752246387494
0.0,0.0,0.624,30.4,1752246387616
0.0,0.0,0.614,30.4,1752246387687
0.0,0.0,0.614,30.4,1752246387813
0.0,0.0,0.624,30.4,1752246387886
31.709728240966797,-97.18807220458984,0.634,30.4,1752246388000
0.0,0.0,0.634,30.4,1752246388009
0.0,0.0,0.645,30.4,1752246388080
0.0,0.0,0.645,30.4,1752246388232
0.0,0.0,0.634,30.4,1752246388285
0.0,0.0,0.634,30.4,1752246388417
0.0,0.0,0.614,30.4,1752246388590
0.0,0.0,0.614,30.4,1752246388690
0.0,0.0,0.624,30.4,1752246388856
0.0,0.0,0.624,30.4,1752246388956
0.0,0.0,0.634,30.4,1752246389268
0.0,0.0,0.624,30.4,1752246389340
0.0,0.0,0.603,30.4,1752246389476
0.0,0.0,0.593,30.4,1752246389528
0.0,0.0,0.582,30.4,1752246389576
0.0,0.0,0.582,30.4,1752246389659
0.0,0.0,0.572,30.4,1752246389783
0.0,0.0,0.561,30.4,1752246389870
31.70972442626953,-97.18807220458984,0.561,30.4,1752246390000
0.0,0.0,0.561,30.4,1752246390009
0.0,0.0,0.561,30.4,1752246390093
0.0,0.0,0.561,30.4,1752246390306
0.0,0.0,0.582,30.4,1752246390461
0.0,0.0,0.582,30.4,1752246390495
0.0,0.0,0.582,30.4,1752246390557
0.0,0.0,0.603,30.4,1752246390645
0.0,0.0,0.603,30.4,1752246390711
0.0,0.0,0.614,30.4,1752246390751
0.0,0.0,0.614,30.4,1752246390815
0.0,0.0,0.614,30.4,1752246390905
0.0,0.0,0.624,30.4,1752246390968
31.7097225189209,-97.18807220458984,0.614,30.4,1752246391000
0.0,0.0,0.614,30.4,1752246391007
0.0,0.0,0.614,30.4,1752246391071
0.0,0.0,0.603,30.4,1752246391167
0.0,0.0,0.593,30.4,1752246391252
0.0,0.0,0.593,30.4,1752246391298
0.0,0.0,0.593,30.4,1752246391387
0.0,0.0,0.582,30.4,1752246391500
0.0,0.0,0.582,30.4,1752246391594
0.0,0.0,0.582,30.4,1752246391678
0.0,0.0,0.572,30.4,1752246391733
0.0,0.0,0.572,30.4,1752246391822
0.0,0.0,0.582,30.4,1752246391938
0.0,0.0,0.582,30.4,1752246392023
0.0,0.0,0.582,30.4,1752246392264
0.0,0.0,0.582,30.4,1752246392310
0.0,0.0,0.582,30.4,1752246392373
0.0,0.0,0.582,30.4,1752246392492
0.0,0.0,0.582,30.4,1752246392581
0.0,0.0,0.582,30.4,1752246392631
0.0,0.0,0.582,30.4,1752246392673
0.0,0.0,0.582,30.4,1752246392812
0.0,0.0,0.582,30.4,1752246392900
0.0,0.0,0.582,30.4,1752246392979
31.709716796875,-97.18807220458984,0.582,30.4,1752246393000
0.0,0.0,0.582,30.4,1752246393033
0.0,0.0,0.582,30.4,1752246393110
0.0,0.0,0.561,30.4,1752246393225
0.0,0.0,0.572,30.4,1752246393460
0.0,0.0,0.572,30.4,1752246393520
0.0,0.0,0.582,30.4,1752246393560
0.0,0.0,0.572,30.4,1752246393619
0.0,0.0,0.572,30.4,1752246393699
0.0,0.0,0.593,30.4,1752246393759
0.0,0.0,0.593,30.4,1752246393797
0.0,0.0,0.593,30.4,1752246393856
0.0,0.0,0.593,30.4,1752246393937
0.0,0.0,0.624,30.4,1752246393996
31.7097110748291,-97.18807220458984,0.624,30.4,1752246394000
0.0,0.0,0.614,30.4,1752246394034
0.0,0.0,0.634,30.4,1752246394094
0.0,0.0,0.634,30.4,1752246394180
0.0,0.0,0.634,30.4,1752246394246
0.0,0.0,0.624,30.4,1752246394284
0.0,0.0,0.624,30.4,1752246394360
0.0,0.0,0.624,30.4,1752246394475
0.0,0.0,0.624,30.4,1752246394557
0.0,0.0,0.614,30.4,1752246394641
0.0,0.0,0.624,30.4,1752246394695
0.0,0.0,0.624,30.4,1752246394769
0.0,0.0,0.614,30.4,1752246394882
0.0,0.0,0.614,30.4,1752246394956
31.70970916748047,-97.18807220458984,0.614,30.4,1752246395000
0.0,0.0,0.582,30.4,1752246395192
0.0,0.0,0.582,30.4,1752246395238
0.0,0.0,0.582,30.4,1752246395297
0.0,0.0,0.593,30.4,1752246395381
0.0,0.0,0.582,30.4,1752246395443
0.0,0.0,0.582,30.4,1752246395497
0.0,0.0,0.582,30.4,1752246395572
0.0,0.0,0.593,30.4,1752246395685
0.0,0.0,0.593,30.4,1752246395768
0.0,0.0,0.582,30.4,1752246395853
0.0,0.0,0.593,30.4,1752246395902
0.0,0.0,0.593,30.4,1752246395981
31.709705352783203,-97.18807220458984,0.593,30.4,1752246396000
0.0,0.0,0.603,30.4,1752246396089
0.0,0.0,0.624,30.4,1752246396174
0.0,0.0,0.614,30.4,1752246396413
0.0,0.0,0.614,30.4,1752246396452
0.0,0.0,0.624,30.4,1752246396512
0.0,0.0,0.624,30.4,1752246396628
0.0,0.0,0.624,30.4,1752246396705
0.0,0.0,0.614,30.4,1752246396760
0.0,0.0,0.603,30.4,1752246396834
0.0,0.0,0.603,30.4,1752246396947
31.709701538085938,-97.18807220458984,0.603,30.4,1752246397000
0.0,0.0,0.603,30.4,1752246397029
0.0,0.0,0.603,30.4,1752246397081
0.0,0.0,0.603,30.4,1752246397160
0.0,0.0,0.603,30.4,1752246397275
0.0,0.0,0.603,30.4,1752246397563
0.0,0.0,0.593,30.4,1752246397642
0.0,0.0,0.593,30.4,1752246397695
0.0,0.0,0.582,30.4,1752246397770
0.0,0.0,0.582,30.4,1752246397878
0.0,0.0,0.582,30.4,1752246397970
0.0,0.0,0.593,30.4,1752246398048
0.0,0.0,0.593,30.4,1752246398131
0.0,0.0,0.593,30.4,1752246398324
0.0,0.0,0.593,30.4,1752246398411
0.0,0.0,0.593,30.4,1752246398475
0.0,0.0,0.603,30.4,1752246398530
0.0,0.0,0.614,30.4,1752246398608
0.0,0.0,0.614,30.4,1752246398719
0.0,0.0,0.624,30.4,1752246398801
0.0,0.0,0.624,30.4,1752246398884
0.0,0.0,0.603,30.4,1752246398935
31.70969581604004,-97.18807220458984,0.603,30.4,1752246399000
0.0,0.0,0.603,30.4,1752246399045
0.0,0.0,0.603,30.4,1752246399194
0.0,0.0,0.593,30.4,1752246399306
0.0,0.0,0.603,30.4,1752246399465
0.0,0.0,0.593,30.4,1752246399528
0.0,0.0,0.593,30.4,1752246399608
0.0,0.0,0.593,30.4,1752246399667
0.0,0.0,0.593,30.4,1752246399705
0.0,0.0,0.582,30.4,1752246399764
0.0,0.0,0.593,30.4,1752246399844
0.0,0.0,0.593,30.4,1752246399902
0.0,0.0,0.593,30.4,1752246399942
31.70969581604004,-97.18807220458984,0.603,30.4,1752246400000
0.0,0.0,0.603,30.4,1752246400001
0.0,0.0,0.614,30.4,1752246400081
0.0,0.0,0.634,30.4,1752246400139
0.0,0.0,0.634,30.4,1752246400187
0.0,0.0,0.634,30.4,1752246400249
0.0,0.0,0.645,30.4,1752246400349
0.0,0.0,0.645,30.4,1752246400433
0.0,0.0,0.645,30.4,1752246400487
0.0,0.0,0.645,30.4,1752246400560
0.0,0.0,0.645,30.4,1752246400673
0.0,0.0,0.655,30.4,1752246400762
0.0,0.0,0.655,30.4,1752246400796
0.0,0.0,0.666,30.4,1752246400850
0.0,0.0,0.655,30.4,1752246400922
0.0,0.0,0.645,30.4,1752246400992
31.70969581604004,-97.18807220458984,0.645,30.4,1752246401000
0.0,0.0,0.645,30.4,1752246401241
0.0,0.0,0.645,30.4,1752246401311
0.0,0.0,0.655,30.4,1752246401373
0.0,0.0,0.655,30.4,1752246401412
0.0,0.0,0.666,30.4,1752246401472
0.0,0.0,0.666,30.4,1752246401589
0.0,0.0,0.655,30.4,1752246401724
0.0,0.0,0.655,30.4,1752246401998
0.0,0.0,0.666,30.4,1752246402099
0.0,0.0,0.666,30.4,1752246402179
0.0,0.0,0.666,30.4,1752246402474
0.0,0.0,0.666,30.4,1752246402516
0.0,0.0,0.655,30.4,1752246402561
0.0,0.0,0.655,30.4,1752246402635
0.0,0.0,0.666,30.4,1752246402744
0.0,0.0,0.655,30.4,1752246402825
0.0,0.0,0.666,30.4,1752246402909
0.0,0.0,0.666,30.4,1752246402962
31.709693908691406,-97.18807220458984,0.666,30.4,1752246403000
0.0,0.0,0.666,30.4,1752246403036
0.0,0.0,0.655,30.4,1752246403148
0.0,0.0,0.645,30.4,1752246403245
0.0,0.0,0.645,30.4,1752246403356
0.0,0.0,0.655,30.4,1752246403513
0.0,0.0,0.655,30.4,1752246403572
0.0,0.0,0.655,30.4,1752246403652
0.0,0.0,0.645,30.4,1752246403712
0.0,0.0,0.624,30.4,1752246403750
0.0,0.0,0.624,30.4,1752246403810
0.0,0.0,0.624,30.4,1752246403890
0.0,0.0,0.624,30.4,1752246403949
0.0,0.0,0.603,30.4,1752246403987
31.709692001342773,-97.18807220458984,0.603,30.4,1752246404000
0.0,0.0,0.603,30.4,1752246404047
0.0,0.0,0.603,30.4,1752246404126
0.0,0.0,0.603,30.4,1752246404192
0.0,0.0,0.614,30.4,1752246404238
0.0,0.0,0.603,30.4,1752246404297
0.0,0.0,0.593,30.4,1752246404396
0.0,0.0,0.593,30.4,1752246404482
0.0,0.0,0.593,30.4,1752246404565
0.0,0.0,0.603,30.4,1752246404614
0.0,0.0,0.582,30.4,1752246404693
0.0,0.0,0.593,30.4,1752246404800
0.0,0.0,0.593,30.4,1752246404887
0.0,0.0,0.593,30.4,1752246404960
31.70969009399414,-97.18807220458984,0.593,30.4,1752246405000
0.0,0.0,0.593,30.4,1752246405176
0.0,0.0,0.582,30.4,1752246405239
0.0,0.0,0.572,30.4,1752246405322
0.0,0.0,0.572,30.4,1752246405385
0.0,0.0,0.572,30.4,1752246405424
0.0,0.0,0.572,30.4,1752246405504
0.0,0.0,0.582,30.4,1752246405607
0.0,0.0,0.593,30.4,1752246405692
0.0,0.0,0.593,30.4,1752246405773
0.0,0.0,0.593,30.4,1752246405822
0.0,0.0,0.593,30.4,1752246405900
31.709688186645508,-97.18806457519531,0.582,30.4,1752246406000
0.0,0.0,0.582,30.4,1752246406008
0.0,0.0,0.593,30.4,1752246406090
0.0,0.0,0.603,30.4,1752246406166
0.0,0.0,0.603,30.4,1752246406387
0.0,0.0,0.603,30.4,1752246406445
0.0,0.0,0.603,30.4,1752246406513
31.70968246459961,-97.18805694580078,0.593,30.4,1752246423000
0.0,0.0,0.593,30.4,1752246423329
0.0,0.0,0.572,30.4,1752246423396
0.0,0.0,0.572,30.4,1752246423471
0.0,0.0,0.572,30.4,1752246423656
0.0,0.0,0.572,30.4,1752246423708
0.0,0.0,0.593,30.4,1752246423792
0.0,0.0,0.572,30.4,1752246423799
0.0,0.0,0.593,30.4,1752246423923
0.0,0.0,0.593,30.4,1752246423968
31.70968246459961,-97.18805694580078,0.593,30.4,1752246424000
0.0,0.0,0.593,30.4,1752246424035
0.0,0.0,0.593,30.4,1752246424222
0.0,0.0,0.593,30.4,1752246424306
0.0,0.0,0.603,30.4,1752246424392
0.0,0.0,0.603,30.4,1752246424623
0.0,0.0,0.603,30.4,1752246424627
0.0,0.0,0.603,30.4,1752246424711
0.0,0.0,0.603,30.4,1752246424784
0.0,0.0,0.614,30.4,1752246424847
0.0,0.0,0.614,30.4,1752246424900
0.0,0.0,0.614,30.4,1752246424901
0.0,0.0,0.614,30.4,1752246424956
31.70968246459961,-97.18805694580078,0.603,30.4,1752246425000
0.0,0.0,0.603,30.4,1752246425008
0.0,0.0,0.603,30.4,1752246425056
0.0,0.0,0.603,30.4,1752246425104
0.0,0.0,0.603,30.4,1752246425157
0.0,0.0,0.593,30.4,1752246425220
0.0,0.0,0.593,30.4,1752246425269
0.0,0.0,0.593,30.4,1752246425320
0.0,0.0,0.593,30.4,1752246425369
0.0,0.0,0.593,30.4,1752246425644
0.0,0.0,0.593,30.4,1752246425693
0.0,0.0,0.593,30.4,1752246425743
0.0,0.0,0.603,30.4,1752246425791
0.0,0.0,0.603,30.4,1752246425839
0.0,0.0,0.603,30.4,1752246425845
0.0,0.0,0.603,30.4,1752246425895
0.0,0.0,0.603,30.4,1752246425989
31.70968246459961,-97.18805694580078,0.603,30.4,1752246426000
0.0,0.0,0.603,30.4,1752246426037
0.0,0.0,0.603,30.4,1752246426086
0.0,0.0,0.603,30.4,1752246426138
0.0,0.0,0.603,30.4,1752246426195
0.0,0.0,0.593,30.4,1752246426528
0.0,0.0,0.593,30.4,1752246426576
0.0,0.0,0.593,30.4,1752246426622
0.0,0.0,0.593,30.4,1752246426683
0.0,0.0,0.603,30.4,1752246426758
0.0,0.0,0.603,30.4,1752246426863
0.0,0.0,0.603,30.4,1752246427208
0.0,0.0,0.603,30.4,1752246427343
0.0,0.0,0.614,30.4,1752246427547
0.0,0.0,0.624,30.4,1752246427647
0.0,0.0,0.624,30.4,1752246427713
0.0,0.0,0.645,30.4,1752246427763
0.0,0.0,0.655,30.4,1752246427847
0.0,0.0,0.666,30.4,1752246427968
31.70968246459961,-97.18805694580078,0.666,30.4,1752246428000
0.0,0.0,0.676,30.4,1752246428061
0.0,0.0,0.676,30.4,1752246428147
0.0,0.0,0.676,30.4,1752246428210
0.0,0.0,0.697,30.4,1752246428299
0.0,0.0,0.697,30.4,1752246428416
0.0,0.0,0.697,30.4,1752246428537
0.0,0.0,0.676,30.4,1752246428725
0.0,0.0,0.676,30.4,1752246428766
0.0,0.0,0.666,30.4,1752246428797
0.0,0.0,0.645,30.4,1752246428886
0.0,0.0,0.634,30.4,1752246428952
0.0,0.0,0.624,30.4,1752246428993
31.70968246459961,-97.18805694580078,0.624,30.4,1752246429000
0.0,0.0,0.614,30.4,1752246429059
0.0,0.0,0.603,30.4,1752246429148
0.0,0.0,0.603,30.4,1752246429220
0.0,0.0,0.614,30.4,1752246429271
0.0,0.0,0.614,30.4,1752246429353
0.0,0.0,0.614,30.4,1752246429475
0.0,0.0,0.624,30.4,1752246429561
0.0,0.0,0.624,30.4,1752246429613
0.0,0.0,0.624,30.4,1752246429696
0.0,0.0,0.634,30.4,1752246429824
0.0,0.0,0.634,30.4,1752246429913
0.0,0.0,0.645,30.4,1752246430002
0.0,0.0,0.645,30.4,1752246430056
0.0,0.0,0.655,30.4,1752246430120
0.0,0.0,0.655,30.4,1752246430385
0.0,0.0,0.645,30.4,1752246430484
0.0,0.0,0.624,30.4,1752246430573
0.0,0.0,0.614,30.4,1752246430627
0.0,0.0,0.624,30.4,1752246430711
0.0,0.0,0.614,30.4,1752246430835
0.0,0.0,0.624,30.4,1752246430926
31.70968246459961,-97.18805694580078,0.603,30.4,1752246431000
0.0,0.0,0.603,30.4,1752246431014
0.0,0.0,0.614,30.4,1752246431067
0.0,0.0,0.614,30.4,1752246431161
0.0,0.0,0.614,30.4,1752246431277
0.0,0.0,0.614,30.4,1752246431514
0.0,0.0,0.614,30.4,1752246431578
0.0,0.0,0.624,30.4,1752246431616
0.0,0.0,0.624,30.4,1752246431681
0.0,0.0,0.634,30.4,1752246431769
0.0,0.0,0.614,30.4,1752246431832
0.0,0.0,0.614,30.4,1752246431872
0.0,0.0,0.603,30.4,1752246431936
31.70968246459961,-97.18806457519531,0.603,30.4,1752246432000
0.0,0.0,0.603,30.4,1752246432024
0.0,0.0,0.593,30.4,1752246432088
0.0,0.0,0.593,30.4,1752246432128
0.0,0.0,0.593,30.4,1752246432219
0.0,0.0,0.593,30.4,1752246432334
0.0,0.0,0.593,30.4,1752246432423
0.0,0.0,0.582,30.4,1752246432478
0.0,0.0,0.582,30.4,1752246432564
0.0,0.0,0.582,30.4,1752246432686
0.0,0.0,0.603,30.4,1752246432774
0.0,0.0,0.614,30.4,1752246432829
0.0,0.0,0.614,30.4,1752246432914
31.70968246459961,-97.18805694580078,0.624,30.4,1752246433000
0.0,0.0,0.624,30.4,1752246433032
0.0,0.0,0.624,30.4,1752246433330
0.0,0.0,0.624,30.4,1752246433379
0.0,0.0,0.624,30.4,1752246433421
0.0,0.0,0.624,30.4,1752246433508
0.0,0.0,0.624,30.4,1752246433634
0.0,0.0,0.624,30.4,1752246433722
0.0,0.0,0.624,30.4,1752246433810
0.0,0.0,0.624,30.4,1752246433866
0.0,0.0,0.614,30.4,1752246433944
31.70968246459961,-97.18805694580078,0.614,30.4,1752246434000
0.0,0.0,0.603,30.4,1752246434066
0.0,0.0,0.614,30.4,1752246434166
0.0,0.0,0.582,30.4,1752246434240
0.0,0.0,0.593,30.4,1752246434457
0.0,0.0,0.582,30.4,1752246434528
0.0,0.0,0.593,30.4,1752246434734
0.0,0.0,0.582,30.4,1752246434788
0.0,0.0,0.582,30.4,1752246434835
0.0,0.0,0.572,30.4,1752246434918
0.0,0.0,0.593,30.4,1752246435045
0.0,0.0,0.593,30.4,1752246435133
0.0,0.0,0.603,30.4,1752246435230
0.0,0.0,0.593,30.4,1752246435289
0.0,0.0,0.582,30.4,1752246435586
0.0,0.0,0.593,30.4,1752246435700
0.0,0.0,0.582,30.4,1752246435794
0.0,0.0,0.593,30.4,1752246435883
0.0,0.0,0.582,30.4,1752246435933
31.70968246459961,-97.18805694580078,0.593,30.4,1752246436000
0.0,0.0,0.593,30.4,1752246436016
0.0,0.0,0.593,30.4,1752246436134
0.0,0.0,0.603,30.4,1752246436374
0.0,0.0,0.603,30.4,1752246436445
0.0,0.0,0.582,30.4,1752246436484
0.0,0.0,0.582,30.4,1752246436548
0.0,0.0,0.582,30.4,1752246436641
0.0,0.0,0.582,30.4,1752246436704
0.0,0.0,0.582,30.4,1752246436745
0.0,0.0,0.593,30.4,1752246436808
0.0,0.0,0.582,30.4,1752246436897
0.0,0.0,0.603,30.4,1752246436962
0.0,0.0,0.614,30.4,1752246437000
31.70968246459961,-97.18805694580078,0.614,30.4,1752246437000
0.0,0.0,0.614,30.4,1752246437065
0.0,0.0,0.614,30.4,1752246437166
0.0,0.0,0.614,30.4,1752246437243
0.0,0.0,0.614,30.4,1752246437291
0.0,0.0,0.614,30.4,1752246437382
0.0,0.0,0.645,30.4,1752246437501
0.0,0.0,0.645,30.4,1752246437594
0.0,0.0,0.645,30.4,1752246437682
0.0,0.0,0.645,30.4,1752246437686
0.0,0.0,0.645,30.4,1752246437769
0.0,0.0,0.634,30.4,1752246437847
0.0,0.0,0.614,30.4,1752246437930
31.70968246459961,-97.18805694580078,0.614,30.4,1752246438000
0.0,0.0,0.614,30.4,1752246438054
0.0,0.0,0.603,30.4,1752246438277
0.0,0.0,0.603,30.4,1752246438321
0.0,0.0,0.614,30.4,1752246438392
0.0,0.0,0.624,30.4,1752246438505
0.0,0.0,0.582,30.4,1752246438593
0.0,0.0,0.572,30.4,1752246438647
0.0,0.0,0.593,30.4,1752246438731
0.0,0.0,0.582,30.4,1752246438858
0.0,0.0,0.572,30.4,1752246438945
0.0,0.0,0.582,30.4,1752246439033
0.0,0.0,0.582,30.4,1752246439086
0.0,0.0,0.582,30.4,1752246439174
0.0,0.0,0.593,30.4,1752246439276
0.0,0.0,0.582,30.4,1752246439561
0.0,0.0,0.582,30.4,1752246439650
0.0,0.0,0.582,30.4,1752246439704
0.0,0.0,0.614,30.4,1752246439782
0.0,0.0,0.603,30.4,1752246439906
0.0,0.0,0.593,30.4,1752246439993
31.70968246459961,-97.18805694580078,0.593,30.4,1752246440000
0.0,0.0,0.593,30.4,1752246440082
0.0,0.0,0.593,30.4,1752246440140
0.0,0.0,0.593,30.4,1752246440371
0.0,0.0,0.603,30.4,1752246440465
0.0,0.0,0.593,30.4,1752246440532
0.0,0.0,0.593,30.4,1752246440595
0.0,0.0,0.593,30.4,1752246440634
0.0,0.0,0.582,30.4,1752246440698
0.0,0.0,0.593,30.4,1752246440783
0.0,0.0,0.582,30.4,1752246440849
0.0,0.0,0.582,30.4,1752246440912
0.0,0.0,0.572,30.4,1752246440950
31.70968246459961,-97.18805694580078,0.572,30.4,1752246441000
0.0,0.0,0.572,30.4,1752246441014
0.0,0.0,0.572,30.4,1752246441102
0.0,0.0,0.572,30.4,1752246441167
0.0,0.0,0.561,30.4,1752246441221
0.0,0.0,0.572,30.4,1752246441301
0.0,0.0,0.572,30.4,1752246441428
0.0,0.0,0.572,30.4,1752246441512
0.0,0.0,0.572,30.4,1752246441564
0.0,0.0,0.572,30.4,1752246441647
0.0,0.0,0.572,30.4,1752246441768
0.0,0.0,0.572,30.4,1752246441855
0.0,0.0,0.572,30.4,1752246441942
0.0,0.0,0.572,30.4,1752246441997
31.70968246459961,-97.18805694580078,0.572,30.4,1752246442000
0.0,0.0,0.572,30.4,1752246442064
0.0,0.0,0.582,30.4,1752246442326
0.0,0.0,0.561,30.4,1752246442393
0.0,0.0,0.582,30.4,1752246442439
0.0,0.0,0.582,30.4,1752246442514
0.0,0.0,0.582,30.4,1752246442639
0.0,0.0,0.582,30.4,1752246442730
0.0,0.0,0.582,30.4,1752246442785
0.0,0.0,0.582,30.4,1752246442865
0.0,0.0,0.593,30.4,1752246442987
0.0,0.0,0.593,30.4,1752246443074
0.0,0.0,0.593,30.4,1752246443166
0.0,0.0,0.593,30.4,1752246443230
0.0,0.0,0.593,30.4,1752246443463
0.0,0.0,0.593,30.4,1752246443579
0.0,0.0,0.593,30.4,1752246443672
0.0,0.0,0.593,30.4,1752246443760
0.0,0.0,0.582,30.4,1752246443814
0.0,0.0,0.582,30.4,1752246443894
31.709684371948242,-97.18805694580078,0.582,30.4,1752246444000
0.0,0.0,0.582,30.4,1752246444015
0.0,0.0,0.593,30.4,1752246444107
0.0,0.0,0.593,30.4,1752246444198
0.0,0.0,0.593,30.4,1752246444261
0.0,0.0,0.593,30.4,1752246444386
0.0,0.0,0.582,30.4,1752246444588
0.0,0.0,0.582,30.4,1752246444654
0.0,0.0,0.582,30.4,1752246444718
0.0,0.0,0.582,30.4,1752246444757
0.0,0.0,0.582,30.4,1752246444819
0.0,0.0,0.582,30.4,1752246444907
0.0,0.0,0.582,30.4,1752246444970
31.709684371948242,-97.18805694580078,0.582,30.4,1752246445000
0.0,0.0,0.582,30.4,1752246445008
0.0,0.0,0.582,30.4,1752246445072
0.0,0.0,0.582,30.4,1752246445186
0.0,0.0,0.582,30.4,1752246445266
0.0,0.0,0.582,30.4,1752246445308
0.0,0.0,0.603,30.4,1752246445399
0.0,0.0,0.603,30.4,1752246445512
0.0,0.0,0.603,30.4,1752246445604
0.0,0.0,0.614,30.4,1752246445692
0.0,0.0,0.614,30.4,1752246445745
0.0,0.0,0.614,30.4,1752246445831
0.0,0.0,0.614,30.4,1752246445954
31.709686279296875,-97.18805694580078,0.624,30.4,1752246446000
0.0,0.0,0.624,30.4,1752246446039
0.0,0.0,0.634,30.4,1752246446164
0.0,0.0,0.634,30.4,1752246446331
0.0,0.0,0.634,30.4,1752246446408
0.0,0.0,0.634,30.4,1752246446510
0.0,0.0,0.634,30.4,1752246446592
0.0,0.0,0.634,30.4,1752246446646
0.0,0.0,0.645,30.4,1752246446735
0.0,0.0,0.634,30.4,1752246446858
0.0,0.0,0.634,30.4,1752246446945
0.0,0.0,0.634,30.4,1752246446999
31.70969009399414,-97.18805694580078,0.634,30.4,1752246447000
0.0,0.0,0.645,30.4,1752246447083
0.0,0.0,0.645,30.4,1752246447205
0.0,0.0,0.645,30.4,1752246447343
0.0,0.0,0.655,30.4,1752246447520
0.0,0.0,0.655,30.4,1752246447567
0.0,0.0,0.655,30.4,1752246447655
0.0,0.0,0.645,30.4,1752246447768
0.0,0.0,0.645,30.4,1752246447860
0.0,0.0,0.645,30.4,1752246447945
0.0,0.0,0.655,30.4,1752246447999
0.0,0.0,0.655,30.4,1752246448087
0.0,0.0,0.645,30.4,1752246448208
0.0,0.0,0.645,30.4,1752246448311
0.0,0.0,0.645,30.4,1752246448440
0.0,0.0,0.634,30.4,1752246448638
0.0,0.0,0.624,30.4,1752246448721
0.0,0.0,0.634,30.4,1752246448834
0.0,0.0,0.614,30.4,1752246448929
31.709693908691406,-97.18805694580078,0.614,30.4,1752246449000
0.0,0.0,0.614,30.4,1752246449012
0.0,0.0,0.624,30.4,1752246449066
0.0,0.0,0.624,30.4,1752246449148
0.0,0.0,0.614,30.4,1752246449267
0.0,0.0,0.624,30.4,1752246449507
0.0,0.0,0.624,30.4,1752246449574
0.0,0.0,0.624,30.4,1752246449613
0.0,0.0,0.624,30.4,1752246449677
0.0,0.0,0.624,30.4,1752246449765
0.0,0.0,0.634,30.4,1752246449827
0.0,0.0,0.634,30.4,1752246449866
0.0,0.0,0.645,30.4,1752246449929
31.70969581604004,-97.18805694580078,0.655,30.4,1752246450000
0.0,0.0,0.655,30.4,1752246450017
0.0,0.0,0.655,30.4,1752246450080
0.0,0.0,0.655,30.4,1752246450119
0.0,0.0,0.666,30.4,1752246450203
0.0,0.0,0.655,30.4,1752246450316
0.0,0.0,0.666,30.4,1752246450401
0.0,0.0,0.666,30.4,1752246450454
0.0,0.0,0.655,30.4,1752246450537
0.0,0.0,0.655,30.4,1752246450664
0.0,0.0,0.645,30.4,1752246450755
0.0,0.0,0.634,30.4,1752246450840
0.0,0.0,0.624,30.4,1752246450893
31.70969581604004,-97.18806457519531,0.614,30.4,1752246451000
0.0,0.0,0.614,30.4,1752246451072
0.0,0.0,0.614,30.4,1752246451282
0.0,0.0,0.593,30.4,1752246451348
0.0,0.0,0.582,30.4,1752246451393
0.0,0.0,0.582,30.4,1752246451471
0.0,0.0,0.582,30.4,1752246451597
0.0,0.0,0.582,30.4,1752246451684
0.0,0.0,0.582,30.4,1752246451733
0.0,0.0,0.582,30.4,1752246451816
0.0,0.0,0.593,30.4,1752246451943
0.0,0.0,0.572,30.4,1752246452030
0.0,0.0,0.582,30.4,1752246452120
0.0,0.0,0.582,30.4,1752246452177
0.0,0.0,0.582,30.4,1752246452252
0.0,0.0,0.593,30.4,1752246452566
0.0,0.0,0.593,30.4,1752246452654
0.0,0.0,0.603,30.4,1752246452705
0.0,0.0,0.593,30.4,1752246452787
0.0,0.0,0.593,30.4,1752246452905
0.0,0.0,0.603,30.4,1752246452991
31.709697723388672,-97.18806457519531,0.603,30.4,1752246453000
0.0,0.0,0.603,30.4,1752246453078
0.0,0.0,0.614,30.4,1752246453126
0.0,0.0,0.603,30.4,1752246453363
0.0,0.0,0.603,30.4,1752246453461
0.0,0.0,0.614,30.4,1752246453528
0.0,0.0,0.614,30.4,1752246453593
0.0,0.0,0.614,30.4,1752246453631
0.0,0.0,0.614,30.4,1752246453696
0.0,0.0,0.634,30.4,1752246453786
0.0,0.0,0.634,30.4,1752246453851
0.0,0.0,0.624,30.4,1752246453890
0.0,0.0,0.634,30.4,1752246453952
31.709701538085938,-97.18806457519531,0.624,30.4,1752246454000
0.0,0.0,0.624,30.4,1752246454038
0.0,0.0,0.614,30.4,1752246454106
0.0,0.0,0.614,30.4,1752246454172
0.0,0.0,0.624,30.4,1752246454225
0.0,0.0,0.614,30.4,1752246454285
0.0,0.0,0.614,30.4,1752246454417
0.0,0.0,0.614,30.4,1752246454504
0.0,0.0,0.614,30.4,1752246454558
0.0,0.0,0.603,30.4,1752246454638
0.0,0.0,0.593,30.4,1752246454759
0.0,0.0,0.603,30.4,1752246454846
0.0,0.0,0.582,30.4,1752246454934
0.0,0.0,0.582,30.4,1752246454987
31.709705352783203,-97.18806457519531,0.582,30.4,1752246455000
0.0,0.0,0.593,30.4,1752246455099
0.0,0.0,0.593,30.4,1752246455300
0.0,0.0,0.624,30.4,1752246455371
0.0,0.0,0.634,30.4,1752246455442
0.0,0.0,0.666,30.4,1752246455482
0.0,0.0,0.666,30.4,1752246455569
0.0,0.0,0.655,30.4,1752246455687
0.0,0.0,0.666,30.4,1752246455779
0.0,0.0,0.655,30.4,1752246455867
0.0,0.0,0.655,30.4,1752246455919
0.0,0.0,0.666,30.4,1752246456001
0.0,0.0,0.666,30.4,1752246456119
0.0,0.0,0.666,30.4,1752246456214
0.0,0.0,0.676,30.4,1752246456350
0.0,0.0,0.634,30.4,1752246456548
0.0,0.0,0.634,30.4,1752246456629
0.0,0.0,0.593,30.4,1752246456750
0.0,0.0,0.593,30.4,1752246456841
0.0,0.0,0.582,30.4,1752246456926
0.0,0.0,0.593,30.4,1752246456978
31.70970916748047,-97.18806457519531,0.593,30.4,1752246457000
0.0,0.0,0.593,30.4,1752246457061
0.0,0.0,0.593,30.4,1752246457419
0.0,0.0,0.614,30.4,1752246457458
0.0,0.0,0.614,30.4,1752246457493
0.0,0.0,0.614,30.4,1752246457555
0.0,0.0,0.603,30.4,1752246457642
0.0,0.0,0.624,30.4,1752246457705
0.0,0.0,0.624,30.4,1752246457744
0.0,0.0,0.645,30.4,1752246457808
0.0,0.0,0.645,30.4,1752246457896
0.0,0.0,0.645,30.4,1752246457960
0.0,0.0,0.634,30.4,1752246457998
31.7097110748291,-97.18806457519531,0.634,30.4,1752246458000
0.0,0.0,0.634,30.4,1752246458061
0.0,0.0,0.645,30.4,1752246458148
0.0,0.0,0.603,30.4,1752246458231
0.0,0.0,0.603,30.4,1752246458274
0.0,0.0,0.593,30.4,1752246458357
0.0,0.0,0.593,30.4,1752246458477
0.0,0.0,0.593,30.4,1752246458568
0.0,0.0,0.593,30.4,1752246458657
0.0,0.0,0.593,30.4,1752246458711
0.0,0.0,0.593,30.4,1752246458789
0.0,0.0,0.603,30.4,1752246458910
31.709712982177734,-97.18807220458984,0.603,30.4,1752246459000
0.0,0.0,0.603,30.4,1752246459001
0.0,0.0,0.603,30.4,1752246459068
0.0,0.0,0.603,30.4,1752246459284
0.0,0.0,0.614,30.4,1752246459351
0.0,0.0,0.614,30.4,1752246459456
0.0,0.0,0.614,30.4,1752246459550
0.0,0.0,0.614,30.4,1752246459606
0.0,0.0,0.614,30.4,1752246459694
0.0,0.0,0.603,30.4,1752246459807
0.0,0.0,0.603,30.4,1752246459900
0.0,0.0,0.603,30.4,1752246459981
31.709716796875,-97.18807220458984,0.603,30.4,1752246460000
0.0,0.0,0.593,30.4,1752246460035
0.0,0.0,0.582,30.4,1752246460120
0.0,0.0,0.593,30.4,1752246460236
0.0,0.0,0.582,30.4,1752246460479
0.0,0.0,0.593,30.4,1752246460614
0.0,0.0,0.593,30.4,1752246460693
0.0,0.0,0.572,30.4,1752246460780
0.0,0.0,0.593,30.4,1752246460867
0.0,0.0,0.582,30.4,1752246460918
0.0,0.0,0.582,30.4,1752246461002
0.0,0.0,0.582,30.4,1752246461230
0.0,0.0,0.582,30.4,1752246461289
0.0,0.0,0.582,30.4,1752246461671
0.0,0.0,0.582,30.4,1752246461729
0.0,0.0,0.582,30.4,1752246461807
0.0,0.0,0.582,30.4,1752246461942
31.709716796875,-97.18807220458984,0.582,30.4,1752246462000
0.0,0.0,0.582,30.4,1752246462024
0.0,0.0,0.572,30.4,1752246462337
0.0,0.0,0.572,30.4,1752246462383
0.0,0.0,0.561,30.4,1752246462481
0.0,0.0,0.561,30.4,1752246462603
0.0,0.0,0.572,30.4,1752246462677
0.0,0.0,0.572,30.4,1752246462806
0.0,0.0,0.572,30.4,1752246462880
0.0,0.0,0.603,30.4,1752246463000
0.0,0.0,0.603,30.4,1752246463073
0.0,0.0,0.614,30.4,1752246463231
0.0,0.0,0.614,30.4,1752246463334
0.0,0.0,0.614,30.4,1752246463504
0.0,0.0,0.634,30.4,1752246463599
0.0,0.0,0.634,30.4,1752246463766
0.0,0.0,0.645,30.4,1752246463867
31.709720611572266,-97.18807220458984,0.645,30.4,1752246464000
0.0,0.0,0.645,30.4,1752246464192
0.0,0.0,0.645,30.4,1752246464238
0.0,0.0,0.645,30.4,1752246464335
0.0,0.0,0.645,30.4,1752246464458
0.0,0.0,0.614,30.4,1752246464533
0.0,0.0,0.603,30.4,1752246464656
0.0,0.0,0.614,30.4,1752246464728
0.0,0.0,0.614,30.4,1752246464850
0.0,0.0,0.614,30.4,1752246464921
0.0,0.0,0.603,30.4,1752246465042
0.0,0.0,0.593,30.4,1752246465115
0.0,0.0,0.603,30.4,1752246465270
0.0,0.0,0.603,30.4,1752246465371
0.0,0.0,0.603,30.4,1752246465539
0.0,0.0,0.603,30.4,1752246465641
0.0,0.0,0.603,30.4,1752246465811
0.0,0.0,0.614,30.4,1752246465906
31.7097225189209,-97.18807220458984,0.614,30.4,1752246466000
0.0,0.0,0.645,30.4,1752246466221
0.0,0.0,0.634,30.4,1752246466304
0.0,0.0,0.624,30.4,1752246466426
0.0,0.0,0.624,30.4,1752246466498
0.0,0.0,0.624,30.4,1752246466619
0.0,0.0,0.634,30.4,1752246466691
0.0,0.0,0.634,30.4,1752246466812
0.0,0.0,0.634,30.4,1752246466883
31.7097225189209,-97.18807983398438,0.634,30.4,1752246467000
0.0,0.0,0.634,30.4,1752246467003
0.0,0.0,0.634,30.4,1752246467078
0.0,0.0,0.645,30.4,1752246467234
0.0,0.0,0.666,30.4,1752246467336
0.0,0.0,0.624,30.4,1752246467504
0.0,0.0,0.645,30.4,1752246467604
0.0,0.0,0.655,30.4,1752246467774
0.0,0.0,0.666,30.4,1752246467870
0.0,0.0,0.676,30.4,1752246468191
0.0,0.0,0.686,30.4,1752246468271
0.0,0.0,0.697,30.4,1752246468406
0.0,0.0,0.697,30.4,1752246468506
0.0,0.0,0.697,30.4,1752246468676
0.0,0.0,0.718,30.4,1752246468775
0.0,0.0,0.707,30.4,1752246468940
31.70972442626953,-97.18807983398438,0.728,30.4,1752246469000
0.0,0.0,0.728,30.4,1752246469042
0.0,0.0,0.749,30.4,1752246469374
0.0,0.0,0.738,30.4,1752246469447
0.0,0.0,0.738,30.4,1752246469568
0.0,0.0,0.749,30.4,1752246469644
0.0,0.0,0.77,30.4,1752246469767
0.0,0.0,0.78,30.4,1752246469805
0.0,0.0,0.78,30.4,1752246469932
0.0,0.0,0.811,30.4,1752246470008
0.0,0.0,0.811,30.4,1752246470132
0.0,0.0,0.811,30.4,1752246470199
0.0,0.0,0.822,30.4,1752246470386
0.0,0.0,0.822,30.4,1752246470490
0.0,0.0,0.832,30.4,1752246470656
0.0,0.0,0.853,30.4,1752246470757
0.0,0.0,0.863,30.4,1752246470932
31.709728240966797,-97.18807983398438,0.863,30.4,1752246471000
0.0,0.0,0.874,30.4,1752246471189
0.0,0.0,0.863,30.4,1752246471322
0.0,0.0,0.884,30.4,1752246471364
0.0,0.0,0.874,30.4,1752246471495
0.0,0.0,0.884,30.4,1752246471567
0.0,0.0,0.895,30.4,1752246471657
0.0,0.0,0.905,30.4,1752246471738
0.0,0.0,0.915,30.4,1752246471865
0.0,0.0,0.936,30.4,1752246471939
0.0,0.0,0.947,30.4,1752246472032
0.0,0.0,0.947,30.4,1752246472109
0.0,0.0,0.967,30.4,1752246472285
0.0,0.0,0.978,30.4,1752246472342
0.0,0.0,0.988,30.4,1752246472508
0.0,0.0,0.988,30.4,1752246472612
0.0,0.0,0.999,30.4,1752246472739
0.0,0.0,1.019,30.4,1752246472843
31.70973014831543,-97.18807983398438,0.999,30.4,1752246473000
0.0,0.0,0.999,30.4,1752246473016
0.0,0.0,1.03,30.4,1752246473262
0.0,0.0,1.051,30.4,1752246473392
0.0,0.0,1.051,30.4,1752246473469
0.0,0.0,1.061,30.4,1752246473593
0.0,0.0,1.082,30.4,1752246473664
0.0,0.0,1.082,30.4,1752246473785
0.0,0.0,1.092,30.4,1752246473857
0.0,0.0,1.113,30.4,1752246473978
31.709733963012695,-97.18807983398438,1.113,30.4,1752246474000
0.0,0.0,1.144,30.4,1752246474053
0.0,0.0,1.155,30.4,1752246474181
0.0,0.0,1.155,30.4,1752246474280
0.0,0.0,1.186,30.4,1752246474453
0.0,0.0,1.186,30.4,1752246474556
0.0,0.0,1.207,30.4,1752246474722
0.0,0.0,1.217,30.4,1752246474816
0.0,0.0,1.228,30.4,1752246474987
0.0,0.0,1.217,30.4,1752246475251
0.0,0.0,1.238,30.4,1752246475383
0.0,0.0,1.259,30.4,1752246475464
0.0,0.0,1.259,30.4,1752246475630
0.0,0.0,1.269,30.4,1752246475732
0.0,0.0,1.28,30.4,1752246475897
0.0,0.0,1.3,30.4,1752246475997
31.709735870361328,-97.1880874633789,1.3,30.4,1752246476000
0.0,0.0,1.311,30.4,1752246476179
0.0,0.0,1.342,30.4,1752246476452
0.0,0.0,1.352,30.4,1752246476574
0.0,0.0,1.363,30.4,1752246476645
0.0,0.0,1.373,30.4,1752246476768
0.0,0.0,1.415,30.4,1752246476841
0.0,0.0,1.425,30.4,1752246476964
0.0,0.0,1.446,30.4,1752246477039
0.0,0.0,1.456,30.4,1752246477164
0.0,0.0,1.467,30.4,1752246477225
0.0,0.0,1.467,30.4,1752246477334
0.0,0.0,1.467,30.4,1752246477479
0.0,0.0,1.467,30.4,1752246477574
0.0,0.0,1.456,30.4,1752246477647
31.709735870361328,-97.1880874633789,1.456,30.4,1752246478000
0.0,0.0,1.456,30.4,1752246478037
0.0,0.0,1.456,30.4,1752246478149
0.0,0.0,1.446,30.4,1752246478285
0.0,0.0,1.425,30.4,1752246478579
0.0,0.0,1.436,30.4,1752246478668
0.0,0.0,1.436,30.4,1752246478734
0.0,0.0,1.436,30.4,1752246478803
0.0,0.0,1.446,30.4,1752246478873
0.0,0.0,1.467,30.4,1752246478942
0.0,0.0,1.467,30.4,1752246479008
0.0,0.0,1.477,30.4,1752246479076
0.0,0.0,1.488,30.4,1752246479119
0.0,0.0,1.498,30.4,1752246479268
0.0,0.0,1.519,30.4,1752246479332
0.0,0.0,1.519,30.4,1752246479438
0.0,0.0,1.529,30.4,1752246479498
0.0,0.0,1.529,30.4,1752246479607
0.0,0.0,1.529,30.4,1752246479661
0.0,0.0,1.54,30.4,1752246479770
0.0,0.0,1.54,30.4,1752246479874
31.709735870361328,-97.1880874633789,1.54,30.4,1752246480000
31.70973777770996,-97.1880874633789,1.54,30.4,1752246480000
0.0,0.0,1.54,30.4,1752246480125
0.0,0.0,1.54,30.4,1752246480207
0.0,0.0,1.55,30.4,1752246480274
0.0,0.0,1.55,30.4,1752246480342
0.0,0.0,1.54,30.4,1752246480409
0.0,0.0,1.54,30.4,1752246480476
0.0,0.0,1.54,30.4,1752246480542
0.0,0.0,1.54,30.4,1752246480610
0.0,0.0,1.54,30.4,1752246480676
0.0,0.0,1.561,30.4,1752246480746
0.0,0.0,1.55,30.4,1752246480812
0.0,0.0,1.571,30.0,1752246493683
0.0,0.0,1.613,30.0,1752246494078
0.0,0.0,1.654,29.8,1752246494883
0.0,0.0,1.717,29.8,1752246494982
0.0,0.0,1.779,29.8,1752246495056
0.0,0.0,1.842,29.8,1752246495184
0.0,0.0,1.883,29.8,1752246495288
0.0,0.0,1.966,29.8,1752246495388
0.0,0.0,2.018,29.8,1752246495487
0.0,0.0,2.081,29.8,1752246495587
0.0,0.0,2.143,29.8,1752246495688
0.0,0.0,2.258,29.8,1752246495787
0.0,0.0,2.331,29.8,1752246495890
0.0,0.0,2.372,29.8,1752246495990
0.0,0.0,2.383,29.8,1752246496090
0.0,0.0,2.404,29.8,1752246496197
0.0,0.0,2.414,29.8,1752246496299
0.0,0.0,2.435,29.8,1752246496402
0.0,0.0,2.445,29.8,1752246496503
0.0,0.0,2.424,29.8,1752246496607
0.0,0.0,2.414,29.8,1752246496675
0.0,0.0,2.435,29.8,1752246496780
0.0,0.0,2.456,29.8,1752246496881
0.0,0.0,2.383,29.8,1752246496986
0.0,0.0,2.351,29.8,1752246497089
0.0,0.0,2.383,29.8,1752246497199
0.0,0.0,2.435,29.8,1752246497304
0.0,0.0,2.476,29.8,1752246497408
0.0,0.0,2.466,29.8,1752246497509
0.0,0.0,2.518,29.8,1752246497615
0.0,0.0,2.528,29.8,1752246497718
0.0,0.0,2.57,29.8,1752246497820
0.0,0.0,2.58,29.8,1752246497920
0.0,0.0,2.591,29.8,1752246498022
0.0,0.0,2.591,29.8,1752246498121
0.0,0.0,2.622,29.8,1752246498189
0.0,0.0,2.685,29.8,1752246498295
0.0,0.0,2.674,29.8,1752246498397
0.0,0.0,2.653,29.8,1752246498501
0.0,0.0,2.643,29.8,1752246498600
0.0,0.0,2.643,29.8,1752246498703
0.0,0.0,2.612,29.8,1752246498802
0.0,0.0,2.601,29.8,1752246498901
0.0,0.0,2.58,29.8,1752246499001
0.0,0.0,2.549,29.8,1752246499142
0.0,0.0,2.56,29.8,1752246499278
0.0,0.0,2.56,29.8,1752246499375
0.0,0.0,2.539,29.8,1752246499476
0.0,0.0,2.497,29.8,1752246499578
0.0,0.0,2.466,29.8,1752246499679
0.0,0.0,2.466,29.8,1752246499782
0.0,0.0,2.456,29.8,1752246499884
0.0,0.0,2.466,29.8,1752246499985
31.709796905517578,-97.1880874633789,2.466,29.8,1752246500000
0.0,0.0,2.466,29.8,1752246500088
0.0,0.0,2.466,29.8,1752246500190
0.0,0.0,2.466,29.8,1752246500295
0.0,0.0,2.508,29.8,1752246500398
0.0,0.0,2.497,29.8,1752246500500
0.0,0.0,2.456,29.8,1752246500603
0.0,0.0,2.424,29.8,1752246500677
0.0,0.0,2.445,29.8,1752246500806
0.0,0.0,2.445,29.8,1752246500880
0.0,0.0,2.456,29.8,1752246501007
0.0,0.0,2.466,29.8,1752246501081
0.0,0.0,2.445,29.8,1752246501225
0.0,0.0,2.435,29.8,1752246501298
0.0,0.0,2.424,29.8,1752246501423
0.0,0.0,2.424,29.8,1752246501508
0.0,0.0,2.383,29.8,1752246501685
0.0,0.0,2.383,29.8,1752246501789
31.709800720214844,-97.1880874633789,2.445,29.8,1752246502000
0.0,0.0,2.445,29.8,1752246502159
0.0,0.0,2.487,29.8,1752246502244
0.0,0.0,2.476,29.8,1752246502373
0.0,0.0,2.476,29.8,1752246502447
0.0,0.0,2.528,29.8,1752246502575
0.0,0.0,2.528,29.8,1752246502647
0.0,0.0,2.539,29.8,1752246502775
0.0,0.0,2.549,29.8,1752246502848
0.0,0.0,2.539,29.8,1752246502973
31.709802627563477,-97.1880874633789,2.539,29.8,1752246503000
0.0,0.0,2.528,29.8,1752246503045
0.0,0.0,2.539,29.8,1752246503173
0.0,0.0,2.528,29.8,1752246503267
0.0,0.0,2.487,29.8,1752246503443
0.0,0.0,2.476,29.8,1752246503544
0.0,0.0,2.487,29.8,1752246503720
0.0,0.0,2.476,29.8,1752246503825
0.0,0.0,2.424,29.8,1752246503994
0.0,0.0,2.476,29.8,1752246504254
0.0,0.0,2.456,29.8,1752246504386
0.0,0.0,2.456,29.8,1752246504478
0.0,0.0,2.456,29.8,1752246504658
0.0,0.0,2.456,29.8,1752246504761
0.0,0.0,2.456,29.8,1752246504933
31.70980453491211,-97.1880874633789,2.445,29.8,1752246505000
0.0,0.0,2.445,29.8,1752246505036
0.0,0.0,2.445,29.8,1752246505215
0.0,0.0,2.456,29.8,1752246505480
0.0,0.0,2.456,29.8,1752246505679
0.0,0.0,2.445,29.8,1752246505746
0.0,0.0,2.445,29.8,1752246505875
0.0,0.0,2.393,29.8,1752246505950
0.0,0.0,2.414,29.8,1752246506079
0.0,0.0,2.414,29.8,1752246506154
0.0,0.0,2.383,29.8,1752246506304
0.0,0.0,2.393,29.8,1752246506407
0.0,0.0,2.404,29.8,1752246506582
0.0,0.0,2.445,29.8,1752246506683
0.0,0.0,2.435,29.8,1752246506858
0.0,0.0,2.456,29.8,1752246506959
31.709806442260742,-97.1880874633789,2.456,29.8,1752246507000
0.0,0.0,2.445,29.8,1752246507280
0.0,0.0,2.456,29.8,1752246507360
0.0,0.0,2.466,29.8,1752246507489
0.0,0.0,2.497,29.8,1752246507561
0.0,0.0,2.476,29.8,1752246507694
0.0,0.0,2.466,29.8,1752246507767
0.0,0.0,2.476,29.8,1752246507896
0.0,0.0,2.424,29.8,1752246507968
0.0,0.0,2.424,29.8,1752246508098
0.0,0.0,2.362,29.8,1752246508184
0.0,0.0,2.362,29.8,1752246508341
0.0,0.0,2.331,29.8,1752246508445
0.0,0.0,2.341,29.8,1752246508622
0.0,0.0,2.341,29.8,1752246508723
0.0,0.0,2.331,29.8,1752246508892
0.0,0.0,2.331,29.8,1752246508993
31.70980453491211,-97.1880874633789,2.331,29.8,1752246509000
0.0,0.0,2.351,29.8,1752246509321
0.0,0.0,2.351,29.8,1752246509401
0.0,0.0,2.351,29.8,1752246509527
0.0,0.0,2.351,29.8,1752246509602
0.0,0.0,2.362,29.8,1752246509732
0.0,0.0,2.383,29.8,1752246509804
0.0,0.0,2.372,29.8,1752246509932
0.0,0.0,2.383,29.8,1752246510004
0.0,0.0,2.341,29.8,1752246510133
0.0,0.0,2.331,29.8,1752246510231
0.0,0.0,2.331,29.8,1752246510408
0.0,0.0,2.31,29.8,1752246510509
0.0,0.0,2.299,29.8,1752246510683
0.0,0.0,2.289,29.8,1752246510784
0.0,0.0,2.31,29.8,1752246510955
31.709806442260742,-97.1880874633789,2.31,29.8,1752246511000
0.0,0.0,2.279,29.8,1752246511213
0.0,0.0,2.268,29.8,1752246511348
0.0,0.0,2.279,29.8,1752246511425
0.0,0.0,2.289,29.8,1752246511551
0.0,0.0,2.289,29.8,1752246511624
0.0,0.0,2.341,29.8,1752246511829
0.0,0.0,2.331,29.8,1752246511895
0.0,0.0,2.362,29.8,1752246512022
0.0,0.0,2.362,29.8,1752246512095
0.0,0.0,2.372,29.8,1752246512267
0.0,0.0,2.383,29.8,1752246512370
0.0,0.0,2.341,29.8,1752246512546
0.0,0.0,2.351,29.8,1752246512649
0.0,0.0,2.362,29.8,1752246512825
0.0,0.0,2.362,29.8,1752246512925
31.70980453491211,-97.18807983398438,2.362,29.8,1752246513000
0.0,0.0,2.351,29.8,1752246513250
0.0,0.0,2.351,29.8,1752246513332
0.0,0.0,2.299,29.8,1752246513460
0.0,0.0,2.31,29.8,1752246513532
0.0,0.0,2.289,29.8,1752246513658
0.0,0.0,2.331,29.8,1752246513730
0.0,0.0,2.331,29.8,1752246513857
0.0,0.0,2.351,29.8,1752246513929
31.709800720214844,-97.18807983398438,2.404,29.8,1752246514000
0.0,0.0,2.404,29.8,1752246514055
0.0,0.0,2.414,29.8,1752246514128
0.0,0.0,2.476,29.8,1752246514293
0.0,0.0,2.518,29.8,1752246514395
0.0,0.0,2.518,29.8,1752246514574
0.0,0.0,2.549,29.8,1752246514674
0.0,0.0,2.591,29.8,1752246514850
0.0,0.0,2.601,29.8,1752246514952
0.0,0.0,2.601,29.8,1752246515276
0.0,0.0,2.591,29.8,1752246515357
0.0,0.0,2.601,29.8,1752246515504
0.0,0.0,2.58,29.8,1752246515605
0.0,0.0,2.539,29.8,1752246515782
0.0,0.0,2.528,29.8,1752246515878
31.709800720214844,-97.18807983398438,2.466,29.8,1752246516000
0.0,0.0,2.466,29.8,1752246516057
0.0,0.0,2.424,29.8,1752246516162
0.0,0.0,2.435,29.8,1752246516496
0.0,0.0,2.414,29.8,1752246516569
0.0,0.0,2.393,29.8,1752246516700
0.0,0.0,2.404,29.8,1752246516772
0.0,0.0,2.404,29.8,1752246516903
0.0,0.0,2.404,29.8,1752246516980
0.0,0.0,2.424,29.8,1752246517107
0.0,0.0,2.456,29.8,1752246517189
0.0,0.0,2.476,29.8,1752246517334
0.0,0.0,2.487,29.8,1752246517436
0.0,0.0,2.508,29.8,1752246517614
0.0,0.0,2.539,29.8,1752246517715
0.0,0.0,2.539,29.8,1752246517892
0.0,0.0,2.539,29.8,1752246517993
31.709796905517578,-97.18807983398438,2.539,29.8,1752246518000
0.0,0.0,2.56,29.8,1752246518313
0.0,0.0,2.56,29.8,1752246518394
0.0,0.0,2.549,29.8,1752246518522
0.0,0.0,2.57,29.8,1752246518595
0.0,0.0,2.528,29.8,1752246518725
0.0,0.0,2.508,29.8,1752246518803
0.0,0.0,2.508,29.8,1752246518932
0.0,0.0,2.518,29.8,1752246519004
0.0,0.0,2.518,29.8,1752246519132
0.0,0.0,2.518,29.8,1752246519237
0.0,0.0,2.508,29.8,1752246519409
0.0,0.0,2.508,29.8,1752246519513
0.0,0.0,2.497,29.8,1752246519693
0.0,0.0,2.508,29.8,1752246519797
0.0,0.0,2.528,29.8,1752246519972
31.70979118347168,-97.18807983398438,2.528,29.8,1752246520000
0.0,0.0,2.518,29.8,1752246520231
0.0,0.0,2.508,29.8,1752246520366
0.0,0.0,2.518,29.8,1752246520440
0.0,0.0,2.518,29.8,1752246520571
0.0,0.0,2.508,29.8,1752246520643
0.0,0.0,2.528,29.8,1752246520776
0.0,0.0,2.518,29.8,1752246520849
0.0,0.0,2.528,29.8,1752246520976
0.0,0.0,2.539,29.8,1752246521048
0.0,0.0,2.518,29.8,1752246521183
0.0,0.0,2.518,29.8,1752246521277
0.0,0.0,2.528,29.8,1752246521459
0.0,0.0,2.518,29.8,1752246521560
0.0,0.0,2.528,29.8,1752246521738
0.0,0.0,2.508,29.8,1752246521839
31.70979118347168,-97.18807983398438,2.518,29.8,1752246522000
0.0,0.0,2.518,29.8,1752246522017
0.0,0.0,2.518,29.8,1752246522273
0.0,0.0,2.508,29.8,1752246522409
0.0,0.0,2.528,29.8,1752246522481
0.0,0.0,2.528,29.8,1752246522614
0.0,0.0,2.508,29.8,1752246522686
0.0,0.0,2.497,29.8,1752246522816
0.0,0.0,2.497,29.8,1752246522888
0.0,0.0,2.497,29.8,1752246523021
0.0,0.0,2.508,29.8,1752246523093
0.0,0.0,2.518,29.8,1752246523270
0.0,0.0,2.539,29.8,1752246523371
0.0,0.0,2.539,29.8,1752246523545
0.0,0.0,2.539,29.8,1752246523646
0.0,0.0,2.539,29.8,1752246523821
0.0,0.0,2.528,29.8,1752246523922
31.709789276123047,-97.18807983398438,2.528,29.8,1752246524000
0.0,0.0,2.518,29.8,1752246524249
0.0,0.0,2.549,29.8,1752246524330
0.0,0.0,2.57,29.8,1752246524464
0.0,0.0,2.57,29.8,1752246524539
0.0,0.0,2.58,29.8,1752246524671
0.0,0.0,2.56,29.8,1752246524744
0.0,0.0,2.56,29.8,1752246524874
0.0,0.0,2.539,29.8,1752246524947
0.0,0.0,2.528,29.8,1752246525078
0.0,0.0,2.528,29.8,1752246525155
0.0,0.0,2.518,29.8,1752246525320
0.0,0.0,2.497,29.8,1752246525423
0.0,0.0,2.518,29.8,1752246525605
0.0,0.0,2.487,29.8,1752246525701
0.0,0.0,2.466,29.8,1752246525881
0.0,0.0,2.456,29.8,1752246525986
31.70978546142578,-97.18807983398438,2.456,29.8,1752246526000
0.0,0.0,2.424,29.8,1752246526313
0.0,0.0,2.404,29.8,1752246526396
0.0,0.0,2.393,29.8,1752246526525
0.0,0.0,2.393,29.8,1752246526597
0.0,0.0,2.383,29.8,1752246526729
0.0,0.0,2.372,29.8,1752246526801
0.0,0.0,2.383,29.8,1752246526933
31.70978355407715,-97.18807983398438,2.383,29.8,1752246527000
0.0,0.0,2.383,29.8,1752246527005
0.0,0.0,2.341,29.8,1752246527136
0.0,0.0,2.351,29.8,1752246527249
0.0,0.0,2.351,29.8,1752246527432
0.0,0.0,2.351,29.8,1752246527534
0.0,0.0,2.362,29.8,1752246527708
0.0,0.0,2.362,29.8,1752246527810
0.0,0.0,2.372,29.8,1752246527991
0.0,0.0,2.372,29.8,1752246528242
0.0,0.0,2.362,29.8,1752246528373
0.0,0.0,2.372,29.8,1752246528458
0.0,0.0,2.372,29.8,1752246528641
0.0,0.0,2.362,29.8,1752246528742
0.0,0.0,2.393,29.8,1752246528917
0.0,0.0,2.383,29.8,1752246529018
0.0,0.0,2.372,29.8,1752246529202
0.0,0.0,2.372,29.8,1752246529465
0.0,0.0,2.362,29.8,1752246529595
0.0,0.0,2.341,29.8,1752246529667
0.0,0.0,2.32,29.8,1752246529798
0.0,0.0,2.331,29.8,1752246529872
31.709779739379883,-97.18807983398438,2.31,29.8,1752246530000
0.0,0.0,2.31,29.8,1752246530001
0.0,0.0,2.31,29.8,1752246530076
0.0,0.0,2.289,29.8,1752246530213
0.0,0.0,2.289,29.8,1752246530285
0.0,0.0,2.268,29.8,1752246530417
0.0,0.0,2.268,29.8,1752246530490
0.0,0.0,2.268,29.8,1752246530619
0.0,0.0,2.268,29.8,1752246530691
0.0,0.0,2.268,29.8,1752246530826
0.0,0.0,2.279,29.8,1752246530899
31.709775924682617,-97.18807983398438,2.299,29.8,1752246531000
0.0,0.0,2.299,29.8,1752246531029
0.0,0.0,2.289,29.8,1752246531101
0.0,0.0,2.299,29.8,1752246531275
0.0,0.0,2.299,29.8,1752246531377
0.0,0.0,2.299,29.8,1752246531551
0.0,0.0,2.299,29.8,1752246531653
0.0,0.0,2.31,29.8,1752246531832
0.0,0.0,2.279,29.8,1752246531933
0.0,0.0,2.289,29.8,1752246532261
0.0,0.0,2.289,29.8,1752246532337
0.0,0.0,2.258,29.8,1752246532487
0.0,0.0,2.258,29.8,1752246532589
0.0,0.0,2.237,29.8,1752246532768
0.0,0.0,2.237,29.8,1752246532869
31.70977210998535,-97.18807220458984,2.216,29.8,1752246533000
0.0,0.0,2.216,29.8,1752246533044
0.0,0.0,2.227,29.8,1752246533149
0.0,0.0,2.216,29.8,1752246533478
0.0,0.0,2.216,29.8,1752246533551
0.0,0.0,2.227,29.8,1752246533681
0.0,0.0,2.237,29.8,1752246533754
0.0,0.0,2.227,29.8,1752246533886
0.0,0.0,2.227,29.8,1752246533958
0.0,0.0,2.237,29.8,1752246534091
0.0,0.0,2.227,29.8,1752246534169
0.0,0.0,2.237,29.8,1752246534318
0.0,0.0,2.227,29.8,1752246534419
0.0,0.0,2.237,29.8,1752246534598
0.0,0.0,2.206,29.8,1752246534699
0.0,0.0,2.216,29.8,1752246534877
0.0,0.0,2.206,29.8,1752246534978
31.709768295288086,-97.18807220458984,2.206,29.8,1752246535000
0.0,0.0,2.185,29.8,1752246535305
0.0,0.0,2.185,29.8,1752246535381
0.0,0.0,2.175,29.8,1752246535510
0.0,0.0,2.175,29.8,1752246535583
0.0,0.0,2.164,29.8,1752246535713
0.0,0.0,2.175,29.8,1752246535785
0.0,0.0,2.164,29.8,1752246535918
0.0,0.0,2.175,29.8,1752246535990
0.0,0.0,2.195,29.8,1752246536121
0.0,0.0,2.185,29.8,1752246536201
0.0,0.0,2.185,29.8,1752246536359
0.0,0.0,2.185,29.8,1752246536462
0.0,0.0,2.175,29.8,1752246536637
0.0,0.0,2.164,29.8,1752246536738
0.0,0.0,2.164,29.8,1752246536918
31.70976448059082,-97.18807220458984,2.143,29.8,1752246537000
0.0,0.0,2.143,29.8,1752246537015
0.0,0.0,2.154,29.8,1752246537335
0.0,0.0,2.154,29.8,1752246537411
0.0,0.0,2.164,29.8,1752246537540
0.0,0.0,2.143,29.8,1752246537612
0.0,0.0,2.102,29.8,1752246537743
0.0,0.0,2.112,29.8,1752246537815
0.0,0.0,2.102,29.8,1752246537946
0.0,0.0,2.091,29.8,1752246538020
0.0,0.0,2.102,29.8,1752246538162
0.0,0.0,2.112,29.8,1752246538255
0.0,0.0,2.102,29.8,1752246538435
0.0,0.0,2.112,29.8,1752246538536
0.0,0.0,2.102,29.8,1752246538715
0.0,0.0,2.07,29.8,1752246538810
0.0,0.0,2.07,29.8,1752246538988
31.709762573242188,-97.18806457519531,2.07,29.8,1752246539000
0.0,0.0,2.081,29.8,1752246539251
0.0,0.0,2.081,29.8,1752246539382
0.0,0.0,2.07,29.8,1752246539455
0.0,0.0,2.07,29.8,1752246539586
0.0,0.0,2.081,29.8,1752246539658
0.0,0.0,2.05,29.8,1752246539804
0.0,0.0,2.039,29.8,1752246539879
0.0,0.0,2.039,29.8,1752246540116
0.0,0.0,2.018,29.8,1752246540267
0.0,0.0,1.998,29.8,1752246540336
0.0,0.0,2.008,29.8,1752246540519
0.0,0.0,1.987,29.8,1752246540686
0.0,0.0,1.987,29.8,1752246540843
0.0,0.0,1.998,29.8,1752246540947
31.709758758544922,-97.18806457519531,1.998,29.8,1752246541000
0.0,0.0,1.998,29.8,1752246541161
0.0,0.0,1.966,29.8,1752246541279
0.0,0.0,1.956,29.8,1752246541473
0.0,0.0,1.966,29.8,1752246541625
0.0,0.0,1.966,29.8,1752246541890
0.0,0.0,1.946,29.8,1752246542037
0.0,0.0,1.946,29.8,1752246542548
0.0,0.0,1.946,29.8,1752246542671
0.0,0.0,1.935,29.8,1752246542855
0.0,0.0,1.935,29.8,1752246542958
0.0,0.0,1.935,29.8,1752246543153
0.0,0.0,1.904,29.8,1752246543290
0.0,0.0,1.904,29.8,1752246543512
0.0,0.0,1.904,30.2,1752246543639
0.0,0.0,1.894,30.2,1752246543855
31.709754943847656,-97.18806457519531,1.894,30.2,1752246544000
0.0,0.0,1.862,30.2,1752246544190
0.0,0.0,1.852,30.2,1752246544382
0.0,0.0,1.842,30.2,1752246544493
0.0,0.0,1.842,30.2,1752246544728
0.0,0.0,1.842,30.2,1752246544832
0.0,0.0,1.852,30.2,1752246545023
0.0,0.0,1.831,30.2,1752246545144
0.0,0.0,1.831,30.2,1752246545385
0.0,0.0,1.831,30.2,1752246545509
0.0,0.0,1.821,30.2,1752246545703
0.0,0.0,1.8,30.2,1752246545819
31.709749221801758,-97.18806457519531,1.779,30.2,1752246546000
0.0,0.0,1.779,30.2,1752246546005
0.0,0.0,1.8,30.2,1752246546121
0.0,0.0,1.79,30.2,1752246546326
0.0,0.0,1.79,30.2,1752246546660
0.0,0.0,1.758,30.2,1752246546840
0.0,0.0,1.737,30.2,1752246546943
0.0,0.0,1.706,30.2,1752246547097
0.0,0.0,1.717,30.2,1752246547194
0.0,0.0,1.696,30.2,1752246547367
0.0,0.0,1.665,30.2,1752246547472
0.0,0.0,1.644,30.2,1752246547698
0.0,0.0,1.633,30.2,1752246547807
0.0,0.0,1.633,30.2,1752246547987
31.709745407104492,-97.18806457519531,1.633,30.2,1752246548000
0.0,0.0,1.613,30.2,1752246548089
0.0,0.0,1.602,30.2,1752246548276
0.0,0.0,1.592,30.2,1752246548594
0.0,0.0,1.581,30.2,1752246548777
0.0,0.0,1.571,30.2,1752246548879
0.0,0.0,1.592,30.2,1752246549059
0.0,0.0,1.561,30.2,1752246549166
0.0,0.0,1.55,30.2,1752246549364
0.0,0.0,1.571,30.2,1752246549468
0.0,0.0,1.571,30.2,1752246549648
0.0,0.0,1.561,30.2,1752246549751
0.0,0.0,1.55,30.2,1752246549932
0.0,0.0,1.55,30.2,1752246550035
0.0,0.0,1.54,30.2,1752246550269
0.0,0.0,1.529,30.2,1752246550399
0.0,0.0,1.55,30.2,1752246550827
0.0,0.0,1.55,30.2,1752246550928
31.70974349975586,-97.18806457519531,1.55,30.2,1752246551000
0.0,0.0,1.519,30.2,1752246551106
0.0,0.0,1.498,30.2,1752246551218
0.0,0.0,1.509,30.2,1752246551370
0.0,0.0,1.456,30.2,1752246551442
0.0,0.0,1.425,30.2,1752246551582
0.0,0.0,1.425,30.2,1752246551684
0.0,0.0,1.394,30.2,1752246551813
0.0,0.0,1.363,30.2,1752246551885
0.0,0.0,1.332,30.2,1752246552014
0.0,0.0,1.321,30.2,1752246552086
0.0,0.0,1.29,30.2,1752246552232
0.0,0.0,1.28,30.2,1752246552334
0.0,0.0,1.28,30.2,1752246552513
0.0,0.0,1.29,30.2,1752246552616
0.0,0.0,1.259,30.2,1752246552793
0.0,0.0,1.269,30.2,1752246552895
31.709739685058594,-97.18806457519531,1.269,30.2,1752246553000
0.0,0.0,1.248,30.2,1752246553225
0.0,0.0,1.217,30.2,1752246553303
0.0,0.0,1.228,30.2,1752246553434
0.0,0.0,1.228,30.2,1752246553510
0.0,0.0,1.228,30.2,1752246553638
0.0,0.0,1.196,30.2,1752246553710
0.0,0.0,1.175,30.2,1752246553841
0.0,0.0,1.144,30.2,1752246553913
31.70973777770996,-97.18805694580078,1.123,30.2,1752246554000
0.0,0.0,1.123,30.2,1752246554040
0.0,0.0,1.082,30.2,1752246554112
0.0,0.0,1.051,30.2,1752246554278
0.0,0.0,1.03,30.2,1752246554382
0.0,0.0,1.009,30.2,1752246554559
0.0,0.0,1.009,30.2,1752246554658
0.0,0.0,0.978,30.2,1752246554834
0.0,0.0,0.936,30.2,1752246554935
0.0,0.0,0.915,30.2,1752246555266
0.0,0.0,0.926,30.2,1752246555344
0.0,0.0,0.905,30.2,1752246555496
0.0,0.0,0.895,30.2,1752246555598
0.0,0.0,0.895,30.2,1752246555770
0.0,0.0,0.895,30.2,1752246555872
31.709733963012695,-97.18805694580078,0.895,30.2,1752246556000
0.0,0.0,0.895,30.2,1752246556051
0.0,0.0,0.884,30.2,1752246556156
0.0,0.0,0.874,30.2,1752246556497
0.0,0.0,0.842,30.2,1752246556570
0.0,0.0,0.811,30.2,1752246556696
0.0,0.0,0.801,30.2,1752246556870
0.0,0.0,0.79,30.2,1752246556937
0.0,0.0,0.738,30.2,1752246557072
0.0,0.0,0.728,30.2,1752246557152
0.0,0.0,0.707,30.2,1752246557321
0.0,0.0,0.707,30.2,1752246557425
0.0,0.0,0.697,30.2,1752246557604
0.0,0.0,0.666,30.2,1752246557700
0.0,0.0,0.666,30.2,1752246557877
0.0,0.0,0.666,30.2,1752246557978
31.7097225189209,-97.18806457519531,0.666,30.2,1752246558000
0.0,0.0,0.666,30.2,1752246558303
0.0,0.0,0.666,30.2,1752246558380
0.0,0.0,0.666,30.2,1752246558510
0.0,0.0,0.655,30.2,1752246558582
0.0,0.0,0.666,30.2,1752246558714
0.0,0.0,0.666,30.2,1752246558786
0.0,0.0,0.666,30.2,1752246558915
0.0,0.0,0.655,30.2,1752246558987
0.0,0.0,0.645,30.2,1752246559113
0.0,0.0,0.666,30.2,1752246559192
0.0,0.0,0.645,30.2,1752246559347
0.0,0.0,0.645,30.2,1752246559401
0.0,0.0,0.634,30.2,1752246559449
0.0,0.0,0.624,30.2,1752246559536
0.0,0.0,0.603,30.2,1752246559669
0.0,0.0,0.614,30.2,1752246559765
0.0,0.0,0.593,30.2,1752246559854
0.0,0.0,0.582,30.2,1752246559998
31.709716796875,-97.18807220458984,0.582,30.2,1752246560000
0.0,0.0,0.582,30.2,1752246560090
0.0,0.0,0.582,30.2,1752246560396
0.0,0.0,0.593,30.2,1752246560470
0.0,0.0,0.603,30.2,1752246560536
0.0,0.0,0.593,30.2,1752246560597
0.0,0.0,0.582,30.2,1752246560635
0.0,0.0,0.593,30.2,1752246560702
0.0,0.0,0.582,30.2,1752246560795
0.0,0.0,0.603,30.2,1752246560863
0.0,0.0,0.603,30.2,1752246560902
0.0,0.0,0.603,30.2,1752246560968
31.7097110748291,-97.18807983398438,0.603,30.2,1752246561000
0.0,0.0,0.603,30.2,1752246561062
0.0,0.0,0.593,30.2,1752246561129
0.0,0.0,0.593,30.2,1752246561176
0.0,0.0,0.593,30.2,1752246561244
0.0,0.0,0.603,30.2,1752246561377
0.0,0.0,0.603,30.2,1752246561471
0.0,0.0,0.614,30.2,1752246561526
0.0,0.0,0.614,30.2,1752246561608
0.0,0.0,0.614,30.2,1752246561740
0.0,0.0,0.603,30.2,1752246561831
0.0,0.0,0.603,30.2,1752246561925
0.0,0.0,0.603,30.2,1752246561981
31.70970916748047,-97.18807983398438,0.603,30.2,1752246562000
0.0,0.0,0.603,30.2,1752246562067
0.0,0.0,0.614,30.2,1752246562335
0.0,0.0,0.603,30.2,1752246562409
0.0,0.0,0.603,30.2,1752246562484
0.0,0.0,0.603,30.2,1752246562531
0.0,0.0,0.593,30.2,1752246562627
0.0,0.0,0.593,30.2,1752246562756
0.0,0.0,0.593,30.2,1752246562844
0.0,0.0,0.582,30.2,1752246562898
0.0,0.0,0.582,30.2,1752246562994
0.0,0.0,0.582,30.2,1752246563118
0.0,0.0,0.572,30.2,1752246563218
0.0,0.0,0.561,30.2,1752246563322
0.0,0.0,0.561,30.2,1752246563532
0.0,0.0,0.561,30.2,1752246563749
0.0,0.0,0.572,30.2,1752246563804
0.0,0.0,0.572,30.2,1752246563852
0.0,0.0,0.582,30.2,1752246563938
31.709707260131836,-97.18807220458984,0.582,30.2,1752246564000
0.0,0.0,0.582,30.2,1752246564069
0.0,0.0,0.582,30.2,1752246564170
0.0,0.0,0.603,30.2,1752246564273
0.0,0.0,0.603,30.2,1752246564328
0.0,0.0,0.603,30.2,1752246564413
0.0,0.0,0.614,30.2,1752246564657
0.0,0.0,0.624,30.2,1752246564727
0.0,0.0,0.624,30.2,1752246564793
0.0,0.0,0.624,30.2,1752246564832
0.0,0.0,0.624,30.2,1752246564900
0.0,0.0,0.614,30.2,1752246564999
31.709705352783203,-97.18807220458984,0.614,30.2,1752246565000
0.0,0.0,0.603,30.2,1752246565069
0.0,0.0,0.603,30.2,1752246565108
0.0,0.0,0.614,30.2,1752246565184
0.0,0.0,0.593,30.2,1752246565292
0.0,0.0,0.603,30.2,1752246565397
0.0,0.0,0.603,30.2,1752246565489
0.0,0.0,0.593,30.2,1752246565546
0.0,0.0,0.593,30.2,1752246565638
0.0,0.0,0.593,30.2,1752246565762
0.0,0.0,0.593,30.2,1752246565859
0.0,0.0,0.593,30.2,1752246565946
31.709701538085938,-97.18807220458984,0.603,30.2,1752246566000
0.0,0.0,0.603,30.2,1752246566001
0.0,0.0,0.614,30.2,1752246566087
0.0,0.0,0.614,30.2,1752246566197
0.0,0.0,0.603,30.2,1752246566442
0.0,0.0,0.614,30.2,1752246566522
0.0,0.0,0.603,30.2,1752246566580
0.0,0.0,0.614,30.2,1752246566666
0.0,0.0,0.624,30.2,1752246566789
0.0,0.0,0.603,30.2,1752246566884
0.0,0.0,0.603,30.2,1752246566975
0.0,0.0,0.603,30.2,1752246567029
0.0,0.0,0.603,30.2,1752246567124
0.0,0.0,0.603,30.2,1752246567261
0.0,0.0,0.603,30.2,1752246567390
0.0,0.0,0.603,30.2,1752246567570
0.0,0.0,0.603,30.2,1752246567661
0.0,0.0,0.603,30.2,1752246567778
0.0,0.0,0.614,30.2,1752246567873
0.0,0.0,0.603,30.2,1752246567961
31.709697723388672,-97.18807220458984,0.614,30.2,1752246568000
0.0,0.0,0.614,30.2,1752246568016
0.0,0.0,0.614,30.2,1752246568098
0.0,0.0,0.624,30.2,1752246568220
0.0,0.0,0.614,30.2,1752246568463
0.0,0.0,0.614,30.2,1752246568528
0.0,0.0,0.614,30.2,1752246568568
0.0,0.0,0.614,30.2,1752246568665
0.0,0.0,0.614,30.2,1752246568731
0.0,0.0,0.614,30.2,1752246568770
0.0,0.0,0.603,30.2,1752246568836
0.0,0.0,0.603,30.2,1752246568928
0.0,0.0,0.603,30.2,1752246568995
31.70969581604004,-97.18806457519531,0.603,30.2,1752246569000
0.0,0.0,0.603,30.2,1752246569034
0.0,0.0,0.603,30.2,1752246569100
0.0,0.0,0.603,30.2,1752246569216
0.0,0.0,0.603,30.2,1752246569292
0.0,0.0,0.603,30.2,1752246569333
0.0,0.0,0.593,30.2,1752246569425
0.0,0.0,0.603,30.2,1752246569548
0.0,0.0,0.603,30.2,1752246569648
0.0,0.0,0.603,30.2,1752246569739
0.0,0.0,0.603,30.2,1752246569795
0.0,0.0,0.603,30.2,1752246569882
0.0,0.0,0.603,30.2,1752246570009
0.0,0.0,0.614,30.2,1752246570090
0.0,0.0,0.614,30.2,1752246570335
0.0,0.0,0.634,30.2,1752246570378
0.0,0.0,0.645,30.2,1752246570463
0.0,0.0,0.645,30.2,1752246570588
0.0,0.0,0.645,30.2,1752246570680
0.0,0.0,0.634,30.2,1752246570735
0.0,0.0,0.645,30.2,1752246570821
0.0,0.0,0.666,30.2,1752246570947
31.709692001342773,-97.18806457519531,0.666,30.2,1752246571000
0.0,0.0,0.666,30.2,1752246571038
0.0,0.0,0.676,30.2,1752246571134
0.0,0.0,0.686,30.2,1752246571199
0.0,0.0,0.686,30.2,1752246571434
0.0,0.0,0.686,30.2,1752246571526
0.0,0.0,0.686,30.2,1752246571596
0.0,0.0,0.676,30.2,1752246571665
0.0,0.0,0.676,30.2,1752246571704
0.0,0.0,0.676,30.2,1752246571771
0.0,0.0,0.697,30.2,1752246571863
0.0,0.0,0.676,30.2,1752246571929
0.0,0.0,0.666,30.2,1752246571968
31.709688186645508,-97.18806457519531,0.666,30.2,1752246572000
0.0,0.0,0.666,30.2,1752246572034
0.0,0.0,0.655,30.2,1752246572125
0.0,0.0,0.655,30.2,1752246572200
0.0,0.0,0.655,30.2,1752246572252
0.0,0.0,0.655,30.2,1752246572331
0.0,0.0,0.655,30.2,1752246572458
0.0,0.0,0.655,30.2,1752246572549
0.0,0.0,0.645,30.2,1752246572604
0.0,0.0,0.645,30.2,1752246572690
0.0,0.0,0.655,30.2,1752246572817
0.0,0.0,0.645,30.2,1752246572907
0.0,0.0,0.655,30.2,1752246573000
31.709686279296875,-97.18805694580078,0.655,30.2,1752246573000
0.0,0.0,0.645,30.2,1752246573055
0.0,0.0,0.634,30.2,1752246573296
0.0,0.0,0.645,30.2,1752246573394
0.0,0.0,0.645,30.2,1752246573483
0.0,0.0,0.634,30.2,1752246573574
0.0,0.0,0.634,30.2,1752246573629
0.0,0.0,0.624,30.2,1752246573720
0.0,0.0,0.614,30.2,1752246573851
0.0,0.0,0.624,30.2,1752246573936
0.0,0.0,0.614,30.2,1752246573991
31.709686279296875,-97.18804931640625,0.614,30.2,1752246574000
0.0,0.0,0.614,30.2,1752246574076
0.0,0.0,0.603,30.2,1752246574207
0.0,0.0,0.603,30.2,1752246574336
0.0,0.0,0.614,30.2,1752246574523
0.0,0.0,0.614,30.2,1752246574568
0.0,0.0,0.603,30.2,1752246574660
0.0,0.0,0.614,30.2,1752246574778
0.0,0.0,0.614,30.2,1752246574872
0.0,0.0,0.624,30.2,1752246574963
0.0,0.0,0.624,30.2,1752246575017
0.0,0.0,0.624,30.2,1752246575104
0.0,0.0,0.614,30.2,1752246575249
0.0,0.0,0.624,30.2,1752246575347
0.0,0.0,0.614,30.2,1752246575655
0.0,0.0,0.614,30.2,1752246575709
0.0,0.0,0.614,30.2,1752246575797
0.0,0.0,0.614,30.2,1752246575918
31.709684371948242,-97.18804168701172,0.614,30.2,1752246576000
0.0,0.0,0.614,30.2,1752246576007
0.0,0.0,0.614,30.2,1752246576102
0.0,0.0,0.603,30.2,1752246576159
0.0,0.0,0.593,30.2,1752246576389
0.0,0.0,0.582,30.2,1752246576482
0.0,0.0,0.572,30.2,1752246576552
0.0,0.0,0.572,30.2,1752246576616
0.0,0.0,0.561,30.2,1752246576657
0.0,0.0,0.561,30.2,1752246576751
0.0,0.0,0.561,30.2,1752246576817
0.0,0.0,0.561,30.2,1752246576856
0.0,0.0,0.561,30.2,1752246576922
31.709684371948242,-97.18804168701172,0.561,30.2,1752246577000
0.0,0.0,0.561,30.2,1752246577012
0.0,0.0,0.551,30.2,1752246577077
0.0,0.0,0.551,30.2,1752246577116
0.0,0.0,0.551,30.2,1752246577201
0.0,0.0,0.561,30.2,1752246577315
0.0,0.0,0.561,30.2,1752246577405
0.0,0.0,0.572,30.2,1752246577463
0.0,0.0,0.572,30.2,1752246577679
0.0,0.0,0.572,30.2,1752246577743
0.0,0.0,0.561,30.2,1752246577828
0.0,0.0,0.572,30.2,1752246577882
0.0,0.0,0.572,30.2,1752246577968
0.0,0.0,0.582,30.2,1752246578072
0.0,0.0,0.582,30.2,1752246578310
0.0,0.0,0.582,30.2,1752246578384
0.0,0.0,0.582,30.2,1752246578431
0.0,0.0,0.582,30.2,1752246578510
0.0,0.0,0.582,30.2,1752246578636
0.0,0.0,0.582,30.2,1752246578722
0.0,0.0,0.582,30.2,1752246578777
0.0,0.0,0.895,30.2,1752246593938
0.0,0.0,0.895,30.2,1752246594326
0.0,0.0,0.874,30.2,1752246595953
0.0,0.0,0.863,30.2,1752246597394
0.0,0.0,0.853,30.2,1752246597767
0.0,0.0,0.842,30.2,1752246598144
0.0,0.0,0.822,30.2,1752246598822
0.0,0.0,0.811,30.2,1752246599207
0.0,0.0,0.79,30.2,1752246599595
0.0,0.0,0.77,30.2,1752246599966
0.0,0.0,0.749,30.2,1752246600424
0.0,0.0,0.728,30.2,1752246600555
0.0,0.0,0.697,30.2,1752246600688
0.0,0.0,0.686,30.2,1752246600828
0.0,0.0,0.666,30.2,1752246600960
0.0,0.0,0.666,30.2,1752246601098
0.0,0.0,0.666,30.2,1752246601240
0.0,0.0,0.655,30.2,1752246601377
0.0,0.0,0.676,30.2,1752246601512
0.0,0.0,0.655,30.2,1752246601659
0.0,0.0,0.655,30.2,1752246601792
0.0,0.0,0.655,30.2,1752246601929
0.0,0.0,0.655,30.2,1752246602063
0.0,0.0,0.655,30.2,1752246602213
0.0,0.0,0.666,30.2,1752246602346
0.0,0.0,0.666,30.2,1752246602488
0.0,0.0,0.676,30.2,1752246602628
0.0,0.0,0.666,30.2,1752246602767
0.0,0.0,0.645,30.2,1752246602902
0.0,0.0,0.645,30.2,1752246603038
0.0,0.0,0.624,30.2,1752246603185
0.0,0.0,0.645,30.2,1752246603326
0.0,0.0,0.645,30.2,1752246603460
0.0,0.0,0.624,30.2,1752246603596
0.0,0.0,0.634,30.2,1752246603732
0.0,0.0,0.645,30.2,1752246603873
0.0,0.0,0.624,30.2,1752246604006
0.0,0.0,0.634,30.2,1752246604150
0.0,0.0,0.624,30.2,1752246604290
0.0,0.0,0.624,30.2,1752246604427
0.0,0.0,0.624,30.2,1752246604560
0.0,0.0,0.624,30.2,1752246604701
0.0,0.0,0.634,30.2,1752246604833
0.0,0.0,0.614,30.2,1752246604973
0.0,0.0,0.614,30.2,1752246605105
0.0,0.0,0.614,30.2,1752246605255
0.0,0.0,0.593,30.2,1752246605388
0.0,0.0,0.582,30.2,1752246605529
0.0,0.0,0.582,30.2,1752246605661
0.0,0.0,0.593,30.2,1752246605798
0.0,0.0,0.582,30.2,1752246605931
0.0,0.0,0.582,30.2,1752246606073
0.0,0.0,0.572,30.2,1752246606220
0.0,0.0,0.572,30.2,1752246606361
0.0,0.0,0.572,30.2,1752246606495
0.0,0.0,0.582,30.2,1752246606641
0.0,0.0,0.582,30.2,1752246606775
0.0,0.0,0.582,30.2,1752246606912
0.0,0.0,0.582,30.2,1752246607045
0.0,0.0,0.603,30.2,1752246607207
0.0,0.0,0.603,30.2,1752246607346
0.0,0.0,0.593,30.2,1752246607483
0.0,0.0,0.593,30.2,1752246607616
0.0,0.0,0.593,30.2,1752246607757
0.0,0.0,0.582,30.2,1752246607893
0.0,0.0,0.603,30.2,1752246608032
0.0,0.0,0.603,30.2,1752246608175
0.0,0.0,0.593,30.2,1752246608316
0.0,0.0,0.593,30.2,1752246608455
0.0,0.0,0.593,30.2,1752246608589
0.0,0.0,0.593,30.4,1752246608732
0.0,0.0,0.593,30.4,1752246608870
0.0,0.0,0.593,30.4,1752246609007
0.0,0.0,0.593,30.4,1752246609153
0.0,0.0,0.593,30.4,1752246609294
0.0,0.0,0.582,30.4,1752246609437
0.0,0.0,0.582,30.4,1752246609573
0.0,0.0,0.572,30.4,1752246609709
0.0,0.0,0.561,30.4,1752246609849
0.0,0.0,0.582,30.4,1752246609991
0.0,0.0,0.582,30.4,1752246610242
0.0,0.0,0.582,30.4,1752246610376
0.0,0.0,0.614,30.4,1752246610509
0.0,0.0,0.614,30.4,1752246610650
0.0,0.0,0.614,30.4,1752246610785
0.0,0.0,0.603,30.4,1752246610928
0.0,0.0,0.614,30.4,1752246611063
0.0,0.0,0.614,30.4,1752246611216
0.0,0.0,0.614,30.4,1752246611350
0.0,0.0,0.624,30.4,1752246611491
0.0,0.0,0.614,30.4,1752246611625
0.0,0.0,0.645,30.4,1752246611768
0.0,0.0,0.634,30.4,1752246611903
0.0,0.0,0.614,30.4,1752246612043
0.0,0.0,0.593,30.4,1752246612190
0.0,0.0,0.603,30.4,1752246612333
0.0,0.0,0.603,30.4,1752246612468
0.0,0.0,0.614,30.4,1752246612609
0.0,0.0,0.593,30.4,1752246612751
0.0,0.0,0.603,30.4,1752246612885
0.0,0.0,0.603,30.4,1752246613023
0.0,0.0,0.593,30.4,1752246613176
0.0,0.0,0.603,30.4,1752246613311
0.0,0.0,0.582,30.4,1752246613451
0.0,0.0,0.614,30.4,1752246613589
0.0,0.0,0.624,30.4,1752246613727
0.0,0.0,0.634,30.4,1752246613865
31.70970916748047,-97.1879653930664,0.624,30.4,1752246614000
0.0,0.0,0.624,30.4,1752246614004
0.0,0.0,0.624,30.4,1752246614144
0.0,0.0,0.614,30.4,1752246614289
0.0,0.0,0.624,30.4,1752246614424
0.0,0.0,0.614,30.4,1752246614567
0.0,0.0,0.614,30.4,1752246614701
0.0,0.0,0.614,30.4,1752246614838
0.0,0.0,0.603,30.4,1752246614974
0.0,0.0,0.593,30.4,1752246615118
0.0,0.0,0.572,30.2,1752246615283
0.0,0.0,0.572,30.2,1752246615462
0.0,0.0,0.572,30.2,1752246615655
0.0,0.0,0.572,30.2,1752246615838
0.0,0.0,0.582,30.2,1752246615977
0.0,0.0,0.582,30.2,1752246616148
0.0,0.0,0.582,30.2,1752246616471
0.0,0.0,0.572,30.2,1752246616607
0.0,0.0,0.572,30.2,1752246616741
0.0,0.0,0.561,30.2,1752246616875
0.0,0.0,0.561,30.2,1752246616944
31.709714889526367,-97.18797302246094,0.561,30.2,1752246617000
0.0,0.0,0.572,30.2,1752246617112
0.0,0.0,0.582,30.2,1752246617262
0.0,0.0,0.582,30.2,1752246617398
0.0,0.0,0.582,30.2,1752246617538
0.0,0.0,0.593,30.2,1752246617638
0.0,0.0,0.593,30.2,1752246617786
0.0,0.0,0.582,30.2,1752246617920
0.0,0.0,0.582,30.2,1752246618062
0.0,0.0,0.572,30.2,1752246618218
0.0,0.0,0.561,30.2,1752246618401
0.0,0.0,0.572,30.2,1752246618593
0.0,0.0,0.572,30.2,1752246618776
0.0,0.0,0.593,30.2,1752246618969
31.709718704223633,-97.18798065185547,0.593,30.2,1752246619000
0.0,0.0,0.593,30.2,1752246619308
0.0,0.0,0.593,30.2,1752246619444
0.0,0.0,0.593,30.2,1752246619578
0.0,0.0,0.582,30.2,1752246619715
0.0,0.0,0.572,30.2,1752246619782
0.0,0.0,0.572,30.2,1752246619950
0.0,0.0,0.572,30.2,1752246620085
0.0,0.0,0.572,30.2,1752246620241
0.0,0.0,0.572,30.2,1752246620423
0.0,0.0,0.561,30.2,1752246620616
0.0,0.0,0.551,30.2,1752246620802
0.0,0.0,0.551,30.2,1752246620937
31.7097225189209,-97.18799591064453,0.551,30.2,1752246621000
0.0,0.0,0.551,30.2,1752246621167
0.0,0.0,0.551,30.2,1752246621430
0.0,0.0,0.551,30.2,1752246621564
0.0,0.0,0.551,30.2,1752246621699
0.0,0.0,0.561,30.2,1752246621833
0.0,0.0,0.551,30.2,1752246621968
0.0,0.0,0.561,30.2,1752246622104
0.0,0.0,0.561,30.2,1752246622256
0.0,0.0,0.561,30.2,1752246622452
0.0,0.0,0.561,30.2,1752246622633
0.0,0.0,0.572,30.2,1752246622822
0.0,0.0,0.572,30.2,1752246623020
0.0,0.0,0.572,30.2,1752246623359
0.0,0.0,0.572,30.2,1752246623494
0.0,0.0,0.572,30.2,1752246623625
0.0,0.0,0.572,30.2,1752246623763
0.0,0.0,0.582,30.2,1752246623899
31.7097225189209,-97.18800354003906,0.582,30.2,1752246624000
0.0,0.0,0.582,30.2,1752246624034
0.0,0.0,0.572,30.2,1752246624183
0.0,0.0,0.582,30.2,1752246624320
0.0,0.0,0.582,30.2,1752246624395
0.0,0.0,0.582,30.2,1752246624528
0.0,0.0,0.582,30.2,1752246624600
0.0,0.0,0.582,30.2,1752246624737
0.0,0.0,0.572,30.2,1752246624884
0.0,0.0,0.572,30.2,1752246625018
0.0,0.0,0.572,30.2,1752246625167
0.0,0.0,0.572,30.2,1752246625363
0.0,0.0,0.582,30.2,1752246625548
0.0,0.0,0.582,30.2,1752246625741
0.0,0.0,0.582,30.2,1752246625926
31.7097225189209,-97.18800354003906,0.582,30.2,1752246626000
0.0,0.0,0.572,30.2,1752246626256
0.0,0.0,0.572,30.2,1752246626392
0.0,0.0,0.551,30.2,1752246626525
0.0,0.0,0.551,30.2,1752246626666
0.0,0.0,0.561,30.2,1752246626809
0.0,0.0,0.561,30.2,1752246626945
0.0,0.0,0.561,30.2,1752246627088
0.0,0.0,0.551,30.2,1752246627237
0.0,0.0,0.551,30.2,1752246627437
0.0,0.0,0.551,30.2,1752246627626
0.0,0.0,0.551,30.2,1752246627815
31.709720611572266,-97.1880111694336,0.551,30.2,1752246628000
0.0,0.0,0.551,30.2,1752246628001
0.0,0.0,0.551,30.2,1752246628337
0.0,0.0,0.551,30.2,1752246628476
0.0,0.0,0.561,30.2,1752246628612
0.0,0.0,0.572,30.2,1752246628748
0.0,0.0,0.561,30.2,1752246628887
0.0,0.0,0.572,30.2,1752246629022
0.0,0.0,0.572,30.2,1752246629185
0.0,0.0,0.572,30.2,1752246629280
0.0,0.0,0.572,30.2,1752246629519
0.0,0.0,0.572,30.2,1752246629702
0.0,0.0,0.582,30.2,1752246629898
0.0,0.0,0.572,30.2,1752246630238
0.0,0.0,0.572,30.2,1752246630309
0.0,0.0,0.572,30.2,1752246630483
0.0,0.0,0.561,30.2,1752246630621
0.0,0.0,0.561,30.2,1752246630757
0.0,0.0,0.561,30.2,1752246630825
0.0,0.0,0.561,30.2,1752246630961
0.0,0.0,0.561,30.2,1752246631033
0.0,0.0,0.551,30.2,1752246631219
0.0,0.0,0.551,30.2,1752246631364
0.0,0.0,0.551,30.2,1752246631500
0.0,0.0,0.551,30.2,1752246631644
0.0,0.0,0.551,30.2,1752246631783
0.0,0.0,0.551,30.2,1752246631920
0.0,0.0,0.551,30.2,1752246632063
0.0,0.0,0.551,30.2,1752246632218
0.0,0.0,0.551,30.2,1752246632353
0.0,0.0,0.561,30.2,1752246632428
0.0,0.0,0.561,30.2,1752246632562
0.0,0.0,0.561,30.2,1752246632710
0.0,0.0,0.572,30.2,1752246632856
0.0,0.0,0.572,30.2,1752246632998
0.0,0.0,0.572,30.2,1752246633141
0.0,0.0,0.572,30.2,1752246633289
0.0,0.0,0.572,30.2,1752246633426
0.0,0.0,0.561,30.2,1752246633566
0.0,0.0,0.561,30.2,1752246633709
0.0,0.0,0.561,30.2,1752246633853
0.0,0.0,0.561,30.4,1752246633995
31.709732055664062,-97.18803405761719,0.561,30.4,1752246634000
0.0,0.0,0.551,30.4,1752246634142
0.0,0.0,0.561,30.4,1752246634285
0.0,0.0,0.551,30.4,1752246634429
0.0,0.0,0.551,30.4,1752246634569
0.0,0.0,0.551,30.4,1752246634644
0.0,0.0,0.551,30.4,1752246634817
0.0,0.0,0.551,30.4,1752246634892
0.0,0.0,0.551,30.4,1752246635027
0.0,0.0,0.551,30.4,1752246635183
0.0,0.0,0.551,30.4,1752246635335
0.0,0.0,0.551,30.4,1752246635436
0.0,0.0,0.551,30.4,1752246635622
0.0,0.0,0.551,30.4,1752246635722
0.0,0.0,0.551,30.4,1752246635907
31.709732055664062,-97.18803405761719,0.551,30.4,1752246636000
0.0,0.0,0.561,30.4,1752246636252
0.0,0.0,0.561,30.4,1752246636361
0.0,0.0,0.561,30.4,1752246636503
0.0,0.0,0.561,30.4,1752246636642
0.0,0.0,0.561,30.4,1752246636781
0.0,0.0,0.561,30.4,1752246636927
0.0,0.0,0.561,30.4,1752246637067
0.0,0.0,0.572,30.4,1752246637218
0.0,0.0,0.572,30.4,1752246637420
0.0,0.0,0.582,30.4,1752246637612
0.0,0.0,0.582,30.4,1752246637800
0.0,0.0,0.582,30.4,1752246637895
31.709732055664062,-97.18803405761719,0.582,30.4,1752246638000
0.0,0.0,0.582,30.4,1752246638072
0.0,0.0,0.582,30.4,1752246638325
0.0,0.0,0.572,30.4,1752246638462
0.0,0.0,0.572,30.4,1752246638533
0.0,0.0,0.572,30.4,1752246638672
0.0,0.0,0.572,30.4,1752246638746
0.0,0.0,0.572,30.4,1752246638884
0.0,0.0,0.572,30.4,1752246638956
0.0,0.0,0.582,30.4,1752246639134
0.0,0.0,0.582,30.4,1752246639216
0.0,0.0,0.582,30.4,1752246639389
0.0,0.0,0.603,30.4,1752246639484
0.0,0.0,0.582,30.4,1752246639728
0.0,0.0,0.603,30.4,1752246639921
31.70973014831543,-97.18803405761719,0.603,30.4,1752246640000
0.0,0.0,0.603,30.4,1752246640109
0.0,0.0,0.603,30.4,1752246640436
0.0,0.0,0.603,30.4,1752246640573
0.0,0.0,0.593,30.4,1752246640708
0.0,0.0,0.603,30.4,1752246640849
0.0,0.0,0.593,30.4,1752246640990
0.0,0.0,0.593,30.4,1752246641127
0.0,0.0,0.582,30.4,1752246641289
0.0,0.0,0.572,30.4,1752246641476
0.0,0.0,0.551,30.4,1752246641674
0.0,0.0,0.561,30.4,1752246641866
0.0,0.0,0.541,30.4,1752246642052
0.0,0.0,0.541,30.4,1752246642391
0.0,0.0,0.541,30.4,1752246642534
0.0,0.0,0.551,30.4,1752246642710
0.0,0.0,0.551,30.4,1752246642877
31.70973014831543,-97.18803405761719,0.551,30.4,1752246643000
0.0,0.0,0.551,30.4,1752246643051
0.0,0.0,0.551,30.4,1752246643221
0.0,0.0,0.551,30.4,1752246643363
0.0,0.0,0.551,30.4,1752246643505
0.0,0.0,0.551,30.4,1752246643661
0.0,0.0,0.572,30.4,1752246643809
0.0,0.0,0.561,30.4,1752246643953
0.0,0.0,0.572,30.4,1752246644097
0.0,0.0,0.572,30.4,1752246644278
0.0,0.0,0.582,30.4,1752246644466
0.0,0.0,0.582,30.4,1752246644663
0.0,0.0,0.572,30.4,1752246644851
31.709728240966797,-97.18803405761719,0.572,30.4,1752246645000
0.0,0.0,0.572,30.4,1752246645046
0.0,0.0,0.561,30.4,1752246645452
0.0,0.0,0.561,30.4,1752246645594
0.0,0.0,0.561,30.4,1752246645734
0.0,0.0,0.572,30.4,1752246645872
0.0,0.0,0.582,30.4,1752246646010
0.0,0.0,0.582,30.4,1752246646165
0.0,0.0,0.572,30.4,1752246646366
0.0,0.0,0.582,30.4,1752246646563
0.0,0.0,0.582,30.4,1752246646758
0.0,0.0,0.582,30.4,1752246646947
0.0,0.0,0.582,30.4,1752246647275
0.0,0.0,0.582,30.4,1752246647417
0.0,0.0,0.582,30.4,1752246647556
0.0,0.0,0.593,30.4,1752246647699
0.0,0.0,0.593,30.4,1752246647774
0.0,0.0,0.593,30.4,1752246647915
0.0,0.0,0.582,30.4,1752246647986
31.709726333618164,-97.18804168701172,0.582,30.4,1752246648000
0.0,0.0,0.593,30.4,1752246648179
0.0,0.0,0.582,30.4,1752246648332
0.0,0.0,0.593,30.4,1752246648475
0.0,0.0,0.582,30.4,1752246648613
0.0,0.0,0.593,30.4,1752246648758
0.0,0.0,0.593,30.4,1752246648901
0.0,0.0,0.593,30.4,1752246649044
0.0,0.0,0.593,30.4,1752246649207
0.0,0.0,0.582,30.4,1752246649411
0.0,0.0,0.582,30.4,1752246649601
0.0,0.0,0.582,30.4,1752246649795
0.0,0.0,0.582,30.4,1752246649985
31.70972442626953,-97.18804168701172,0.582,30.4,1752246650000
0.0,0.0,0.582,30.4,1752246650326
0.0,0.0,0.593,30.4,1752246650467
0.0,0.0,0.593,30.4,1752246650603
0.0,0.0,0.603,30.4,1752246650745
0.0,0.0,0.593,30.4,1752246650881
0.0,0.0,0.593,30.4,1752246651141
0.0,0.0,0.593,30.4,1752246651299
0.0,0.0,0.593,30.4,1752246651487
0.0,0.0,0.603,30.4,1752246651686
0.0,0.0,0.603,30.4,1752246651875
0.0,0.0,0.593,30.4,1752246652070
0.0,0.0,0.593,30.4,1752246652409
0.0,0.0,0.603,30.4,1752246652548
0.0,0.0,0.593,30.4,1752246652684
0.0,0.0,0.603,30.4,1752246652828
0.0,0.0,0.603,30.4,1752246652896
31.70972442626953,-97.18804168701172,0.603,30.4,1752246653000
0.0,0.0,0.603,30.4,1752246653203
0.0,0.0,0.603,30.4,1752246653351
0.0,0.0,0.593,30.4,1752246653491
0.0,0.0,0.593,30.4,1752246653637
0.0,0.0,0.593,30.4,1752246653777
0.0,0.0,0.593,30.4,1752246653925
0.0,0.0,0.593,30.4,1752246653993
0.0,0.0,0.593,30.4,1752246654191
0.0,0.0,0.593,30.4,1752246654349
0.0,0.0,0.593,30.4,1752246654537
0.0,0.0,0.582,30.4,1752246654739
0.0,0.0,0.582,30.4,1752246654934
31.709726333618164,-97.18804168701172,0.582,30.4,1752246655000
0.0,0.0,0.582,30.4,1752246655125
0.0,0.0,0.593,30.4,1752246655458
0.0,0.0,0.582,30.4,1752246655602
0.0,0.0,0.582,30.4,1752246655740
0.0,0.0,0.582,30.4,1752246655888
0.0,0.0,0.582,30.4,1752246655955
0.0,0.0,0.582,30.4,1752246656098
0.0,0.0,0.582,30.4,1752246656179
0.0,0.0,0.582,30.4,1752246656360
0.0,0.0,0.572,30.4,1752246656463
0.0,0.0,0.582,30.4,1752246656660
0.0,0.0,0.572,30.4,1752246656760
0.0,0.0,0.572,30.4,1752246656952
31.709726333618164,-97.18804168701172,0.572,30.4,1752246657000
0.0,0.0,0.572,30.4,1752246657052
0.0,0.0,0.572,30.4,1752246657388
0.0,0.0,0.572,30.4,1752246657460
0.0,0.0,0.561,30.4,1752246657602
0.0,0.0,0.561,30.4,1752246657675
0.0,0.0,0.561,30.4,1752246657820
0.0,0.0,0.561,30.4,1752246657892
0.0,0.0,0.551,30.4,1752246658034
0.0,0.0,0.561,30.4,1752246658105
0.0,0.0,0.551,30.4,1752246658296
0.0,0.0,0.551,30.4,1752246658397
0.0,0.0,0.551,30.4,1752246658594
0.0,0.0,0.561,30.4,1752246658696
0.0,0.0,0.561,30.4,1752246658895
0.0,0.0,0.572,30.4,1752246658994
31.709728240966797,-97.18804931640625,0.572,30.4,1752246659000
0.0,0.0,0.572,30.4,1752246659326
0.0,0.0,0.572,30.4,1752246659401
0.0,0.0,0.572,30.4,1752246659543
0.0,0.0,0.572,30.4,1752246659615
0.0,0.0,0.582,30.4,1752246659760
0.0,0.0,0.582,30.4,1752246659832
0.0,0.0,0.582,30.4,1752246659984
0.0,0.0,0.593,30.4,1752246660058
0.0,0.0,0.593,30.4,1752246660224
0.0,0.0,0.582,30.4,1752246660318
0.0,0.0,0.593,30.4,1752246660515
0.0,0.0,0.593,30.4,1752246660615
0.0,0.0,0.593,30.4,1752246660811
0.0,0.0,0.593,30.4,1752246660912
31.70973014831543,-97.18804931640625,0.593,30.4,1752246661000
0.0,0.0,0.593,30.4,1752246661101
0.0,0.0,0.593,30.4,1752246661357
0.0,0.0,0.593,30.4,1752246661497
0.0,0.0,0.593,30.4,1752246661569
0.0,0.0,0.593,30.4,1752246661711
0.0,0.0,0.582,30.4,1752246661784
0.0,0.0,0.593,30.4,1752246661925
0.0,0.0,0.582,30.4,1752246661997
0.0,0.0,0.572,30.4,1752246662182
0.0,0.0,0.572,30.4,1752246662264
0.0,0.0,0.572,30.4,1752246662426
0.0,0.0,0.572,30.4,1752246662529
0.0,0.0,0.572,30.4,1752246662724
0.0,0.0,0.572,30.4,1752246662824
31.709732055664062,-97.18804931640625,0.572,30.4,1752246663000
0.0,0.0,0.572,30.4,1752246663020
0.0,0.0,0.572,30.4,1752246663125
0.0,0.0,0.561,30.4,1752246663459
0.0,0.0,0.561,30.4,1752246663532
0.0,0.0,0.572,30.4,1752246663670
0.0,0.0,0.561,30.4,1752246663747
0.0,0.0,0.572,30.4,1752246663889
0.0,0.0,0.572,30.4,1752246663960
0.0,0.0,0.572,30.4,1752246664100
0.0,0.0,0.572,30.4,1752246664187
0.0,0.0,0.572,30.4,1752246664360
0.0,0.0,0.572,30.4,1752246664461
0.0,0.0,0.561,30.4,1752246664656
0.0,0.0,0.572,30.4,1752246664758
0.0,0.0,0.561,30.4,1752246664952
31.709733963012695,-97.18804931640625,0.561,30.4,1752246665000
0.0,0.0,0.561,30.4,1752246665052
0.0,0.0,0.572,30.4,1752246665393
0.0,0.0,0.572,30.4,1752246665466
0.0,0.0,0.572,30.4,1752246665606
0.0,0.0,0.572,30.4,1752246665682
0.0,0.0,0.572,30.4,1752246665822
0.0,0.0,0.593,30.4,1752246665894
0.0,0.0,0.593,30.4,1752246666033
0.0,0.0,0.593,30.4,1752246666105
0.0,0.0,0.624,30.4,1752246666286
0.0,0.0,0.624,30.4,1752246666387
0.0,0.0,0.624,30.4,1752246666581
0.0,0.0,0.634,30.4,1752246666683
0.0,0.0,0.614,30.4,1752246666876
0.0,0.0,0.614,30.4,1752246666977
31.709735870361328,-97.18805694580078,0.614,30.4,1752246667000
0.0,0.0,0.624,30.4,1752246667203
0.0,0.0,0.634,30.4,1752246667410
0.0,0.0,0.634,30.4,1752246667469
0.0,0.0,0.624,30.4,1752246667547
0.0,0.0,0.624,30.4,1752246667623
0.0,0.0,0.624,30.4,1752246667692
0.0,0.0,0.593,30.4,1752246667764
0.0,0.0,0.603,30.4,1752246667832
0.0,0.0,0.603,30.4,1752246667903
0.0,0.0,0.593,30.4,1752246667972
31.709735870361328,-97.18805694580078,0.593,30.4,1752246668000
0.0,0.0,0.624,30.4,1752246668074
0.0,0.0,0.624,30.4,1752246668177
0.0,0.0,0.614,30.4,1752246668274
0.0,0.0,0.624,30.4,1752246668373
0.0,0.0,0.624,30.4,1752246668488
0.0,0.0,0.634,30.4,1752246668585
0.0,0.0,0.624,30.4,1752246668687
0.0,0.0,0.624,30.4,1752246668786
0.0,0.0,0.645,30.4,1752246668887
0.0,0.0,0.666,30.4,1752246669022
0.0,0.0,0.666,30.4,1752246669227
0.0,0.0,0.666,30.4,1752246669323
0.0,0.0,0.655,30.4,1752246669434
0.0,0.0,0.645,30.4,1752246669535
0.0,0.0,0.645,30.4,1752246669633
0.0,0.0,0.645,30.4,1752246669737
0.0,0.0,0.634,30.4,1752246669833
0.0,0.0,0.624,30.4,1752246669926
31.709735870361328,-97.18805694580078,0.624,30.4,1752246670000
0.0,0.0,0.624,30.4,1752246670022
0.0,0.0,0.624,30.4,1752246670285
0.0,0.0,0.614,30.4,1752246670351
0.0,0.0,0.593,30.4,1752246670636
0.0,0.0,0.593,30.4,1752246670783
0.0,0.0,0.593,30.4,1752246670856
0.0,0.0,0.603,30.4,1752246670995
0.0,0.0,0.614,30.4,1752246671067
0.0,0.0,0.614,30.4,1752246671215
0.0,0.0,0.614,30.4,1752246671304
0.0,0.0,0.614,30.4,1752246671500
0.0,0.0,0.634,30.4,1752246671601
0.0,0.0,0.666,30.4,1752246671789
0.0,0.0,0.666,30.4,1752246671889
31.70973777770996,-97.18805694580078,0.666,30.4,1752246672000
0.0,0.0,0.666,30.4,1752246672082
0.0,0.0,0.676,30.4,1752246672345
0.0,0.0,0.676,30.4,1752246672484
0.0,0.0,0.686,30.4,1752246672556
0.0,0.0,0.697,30.4,1752246672697
0.0,0.0,0.686,30.4,1752246672769
0.0,0.0,0.686,30.4,1752246672907
0.0,0.0,0.707,30.4,1752246673051
0.0,0.0,0.707,30.4,1752246673118
31.709869384765625,-97.1881332397461,3.319,30.4,1752246689000
0.0,0.0,3.319,30.4,1752246689246
0.0,0.0,3.319,30.4,1752246689314
0.0,0.0,3.34,30.4,1752246689461
0.0,0.0,3.361,30.4,1752246689535
0.0,0.0,3.392,30.4,1752246689696
0.0,0.0,3.413,30.4,1752246689775
0.0,0.0,3.465,30.4,1752246689922
0.0,0.0,3.507,30.4,1752246689999
0.0,0.0,3.569,30.4,1752246690242
0.0,0.0,3.652,30.4,1752246690313
0.0,0.0,3.704,30.4,1752246690489
0.0,0.0,3.788,30.4,1752246690594
0.0,0.0,3.892,30.4,1752246690791
0.0,0.0,3.913,30.4,1752246690896
31.709867477416992,-97.1881332397461,3.913,30.4,1752246691000
0.0,0.0,3.913,30.4,1752246691104
0.0,0.0,3.996,30.4,1752246691221
0.0,0.0,4.037,30.4,1752246691541
0.0,0.0,4.079,30.4,1752246691618
0.0,0.0,4.048,30.4,1752246691759
0.0,0.0,4.079,30.4,1752246691837
0.0,0.0,4.079,30.4,1752246691979
0.0,0.0,4.027,30.4,1752246692053
0.0,0.0,4.037,30.4,1752246692215
0.0,0.0,4.006,30.4,1752246692311
0.0,0.0,3.944,30.4,1752246692510
0.0,0.0,4.006,30.4,1752246692610
0.0,0.0,4.017,30.4,1752246692809
0.0,0.0,4.006,30.4,1752246692916
31.709867477416992,-97.1881332397461,4.006,30.4,1752246693000
0.0,0.0,4.037,30.4,1752246693104
0.0,0.0,4.037,30.4,1752246693362
0.0,0.0,4.069,30.4,1752246693504
0.0,0.0,4.027,30.4,1752246693580
0.0,0.0,4.048,30.4,1752246693724
0.0,0.0,4.079,30.4,1752246693803
0.0,0.0,4.089,30.4,1752246693948
0.0,0.0,4.1,30.4,1752246694025
0.0,0.0,4.089,30.4,1752246694179
0.0,0.0,4.037,30.4,1752246694287
0.0,0.0,4.048,30.4,1752246694487
0.0,0.0,3.996,30.4,1752246694594
0.0,0.0,3.944,30.4,1752246694791
0.0,0.0,3.892,30.4,1752246694896
31.709867477416992,-97.1881332397461,3.902,30.4,1752246695000
0.0,0.0,3.902,30.4,1752246695086
0.0,0.0,3.954,30.4,1752246695341
0.0,0.0,3.902,30.4,1752246695482
0.0,0.0,3.913,30.4,1752246695556
0.0,0.0,3.881,30.4,1752246695695
0.0,0.0,3.84,30.4,1752246695773
0.0,0.0,3.85,30.4,1752246695915
0.0,0.0,3.871,30.4,1752246695991
0.0,0.0,3.861,30.4,1752246696142
0.0,0.0,3.871,30.4,1752246696232
0.0,0.0,3.871,30.4,1752246696406
0.0,0.0,3.881,30.4,1752246696510
0.0,0.0,3.84,30.4,1752246696705
0.0,0.0,3.736,30.4,1752246696808
0.0,0.0,3.767,30.4,1752246696999
31.70986557006836,-97.1881332397461,3.767,30.4,1752246697000
0.0,0.0,3.715,30.4,1752246697105
0.0,0.0,3.715,30.4,1752246697445
0.0,0.0,3.715,30.4,1752246697519
0.0,0.0,3.684,30.4,1752246697658
0.0,0.0,3.632,30.4,1752246697732
0.0,0.0,3.642,30.4,1752246697873
0.0,0.0,3.632,30.4,1752246697953
0.0,0.0,3.6,30.4,1752246698106
0.0,0.0,3.59,30.4,1752246698194
0.0,0.0,3.58,30.4,1752246698374
0.0,0.0,3.6,30.4,1752246698479
0.0,0.0,3.58,30.4,1752246698676
0.0,0.0,3.59,30.4,1752246698782
0.0,0.0,3.58,30.4,1752246698977
31.70985984802246,-97.1881332397461,3.58,30.4,1752246699000
0.0,0.0,3.538,30.4,1752246699082
0.0,0.0,3.496,30.4,1752246699477
0.0,0.0,3.486,30.4,1752246699551
0.0,0.0,3.434,30.4,1752246699698
0.0,0.0,3.382,30.4,1752246699775
0.0,0.0,3.382,30.4,1752246699931
0.0,0.0,3.361,30.4,1752246700007
0.0,0.0,3.319,30.4,1752246700159
0.0,0.0,3.288,30.4,1752246700262
0.0,0.0,3.257,30.4,1752246700456
0.0,0.0,3.184,30.4,1752246700553
0.0,0.0,3.153,30.4,1752246700750
0.0,0.0,3.142,30.4,1752246700851
31.709854125976562,-97.1881332397461,3.142,30.4,1752246701000
0.0,0.0,3.142,30.4,1752246701043
0.0,0.0,3.142,30.4,1752246701292
0.0,0.0,3.111,30.4,1752246701437
0.0,0.0,3.122,30.4,1752246701511
0.0,0.0,3.07,30.4,1752246701648
0.0,0.0,3.059,30.4,1752246701722
0.0,0.0,3.049,30.4,1752246701866
0.0,0.0,3.007,30.4,1752246701942
0.0,0.0,3.007,30.4,1752246702090
0.0,0.0,3.018,30.4,1752246702180
0.0,0.0,3.007,30.4,1752246702357
0.0,0.0,3.007,30.4,1752246702463
0.0,0.0,3.007,30.4,1752246702653
0.0,0.0,2.997,30.4,1752246702759
0.0,0.0,2.986,30.4,1752246702948
31.70985221862793,-97.1881332397461,2.955,30.4,1752246703000
0.0,0.0,2.955,30.4,1752246703051
0.0,0.0,2.965,30.4,1752246703377
0.0,0.0,2.965,30.4,1752246703450
0.0,0.0,2.976,30.4,1752246703592
0.0,0.0,3.007,30.4,1752246703671
0.0,0.0,2.997,30.4,1752246703814
0.0,0.0,3.018,30.4,1752246703892
0.0,0.0,3.028,30.4,1752246704036
0.0,0.0,3.038,30.4,1752246704110
0.0,0.0,3.018,30.4,1752246704300
0.0,0.0,3.028,30.4,1752246704407
0.0,0.0,3.018,30.4,1752246704599
0.0,0.0,3.038,30.4,1752246704696
0.0,0.0,3.007,30.4,1752246704890
0.0,0.0,2.986,30.4,1752246704993
31.709848403930664,-97.1881332397461,2.986,30.4,1752246705000
0.0,0.0,2.955,30.4,1752246705325
0.0,0.0,2.924,30.4,1752246705404
0.0,0.0,2.913,30.4,1752246705543
0.0,0.0,2.913,30.4,1752246705620
0.0,0.0,2.872,30.4,1752246705763
0.0,0.0,2.83,30.4,1752246705842
0.0,0.0,2.83,30.4,1752246705982
0.0,0.0,2.789,30.4,1752246706057
0.0,0.0,2.809,30.4,1752246706216
0.0,0.0,2.799,30.4,1752246706309
0.0,0.0,2.799,30.4,1752246706502
0.0,0.0,2.799,30.4,1752246706608
0.0,0.0,2.82,30.4,1752246706800
0.0,0.0,2.789,30.4,1752246706899
31.7098445892334,-97.1881332397461,2.799,30.4,1752246707000
0.0,0.0,2.799,30.4,1752246707089
0.0,0.0,2.768,30.4,1752246707346
0.0,0.0,2.789,30.4,1752246707484
0.0,0.0,2.799,30.4,1752246707558
0.0,0.0,2.789,30.4,1752246707696
0.0,0.0,2.809,30.4,1752246707772
0.0,0.0,2.768,30.4,1752246707914
0.0,0.0,2.768,30.4,1752246707988
0.0,0.0,2.747,30.4,1752246708129
0.0,0.0,2.726,30.4,1752246708218
0.0,0.0,2.695,30.4,1752246708391
0.0,0.0,2.685,30.4,1752246708495
0.0,0.0,2.685,30.4,1752246708688
0.0,0.0,2.685,30.4,1752246708795
0.0,0.0,2.674,30.4,1752246708985
31.709840774536133,-97.1881332397461,2.674,30.4,1752246709000
0.0,0.0,2.685,30.4,1752246709089
0.0,0.0,2.695,30.4,1752246709417
0.0,0.0,2.685,30.4,1752246709492
0.0,0.0,2.685,30.4,1752246709628
0.0,0.0,2.685,30.4,1752246709706
0.0,0.0,2.674,30.4,1752246709842
0.0,0.0,2.653,30.4,1752246709918
0.0,0.0,2.695,30.4,1752246710056
0.0,0.0,2.695,30.4,1752246710132
0.0,0.0,2.695,30.4,1752246710312
0.0,0.0,2.705,30.4,1752246710415
0.0,0.0,2.685,30.4,1752246710606
0.0,0.0,2.674,30.4,1752246710708
0.0,0.0,2.643,30.4,1752246710894
0.0,0.0,2.653,30.4,1752246710997
31.709840774536133,-97.1881332397461,2.653,30.4,1752246711000
0.0,0.0,2.643,30.4,1752246711316
0.0,0.0,2.664,30.4,1752246711399
0.0,0.0,2.685,30.4,1752246711536
0.0,0.0,2.695,30.4,1752246711614
0.0,0.0,2.674,30.4,1752246711751
0.0,0.0,2.674,30.4,1752246711826
0.0,0.0,2.643,30.4,1752246711963
0.0,0.0,2.653,30.4,1752246712036
0.0,0.0,2.674,30.4,1752246712184
0.0,0.0,2.695,30.4,1752246712283
0.0,0.0,2.747,30.4,1752246712475
0.0,0.0,2.747,30.4,1752246712578
0.0,0.0,2.789,30.4,1752246712767
0.0,0.0,2.768,30.4,1752246712865
31.7098388671875,-97.1881332397461,2.747,30.4,1752246713000
0.0,0.0,2.747,30.4,1752246713056
0.0,0.0,2.768,30.4,1752246713293
0.0,0.0,2.778,30.4,1752246713439
0.0,0.0,2.799,30.4,1752246713513
0.0,0.0,2.83,30.4,1752246713660
0.0,0.0,2.83,30.4,1752246713739
0.0,0.0,2.83,30.4,1752246713878
0.0,0.0,2.82,30.4,1752246713953
0.0,0.0,2.789,30.4,1752246714092
0.0,0.0,2.809,30.4,1752246714183
0.0,0.0,2.799,30.4,1752246714354
0.0,0.0,2.809,30.4,1752246714457
0.0,0.0,2.82,30.4,1752246714646
0.0,0.0,2.82,30.4,1752246714748
0.0,0.0,2.82,30.4,1752246714934
31.7098388671875,-97.1881332397461,2.83,30.4,1752246715000
0.0,0.0,2.83,30.4,1752246715038
0.0,0.0,2.82,30.4,1752246715361
0.0,0.0,2.841,30.4,1752246715439
0.0,0.0,2.82,30.4,1752246715579
0.0,0.0,2.872,30.4,1752246715653
0.0,0.0,2.893,30.4,1752246715789
0.0,0.0,2.882,30.4,1752246715865
0.0,0.0,2.882,30.4,1752246716003
0.0,0.0,2.903,30.4,1752246716076
0.0,0.0,2.903,30.4,1752246716259
0.0,0.0,2.893,30.4,1752246716366
0.0,0.0,2.893,30.4,1752246716553
0.0,0.0,2.882,30.4,1752246716660
0.0,0.0,2.882,30.4,1752246716848
0.0,0.0,2.872,30.4,1752246716946
31.709835052490234,-97.1881332397461,2.872,30.4,1752246717000
0.0,0.0,2.882,30.4,1752246717264
0.0,0.0,2.861,30.4,1752246717345
0.0,0.0,2.861,30.4,1752246717486
0.0,0.0,2.861,30.4,1752246717562
0.0,0.0,2.851,30.4,1752246717664
0.0,0.0,2.841,30.4,1752246717739
0.0,0.0,2.83,30.4,1752246717875
0.0,0.0,2.841,30.4,1752246717949
0.0,0.0,2.82,30.4,1752246718053
0.0,0.0,2.83,30.4,1752246718130
0.0,0.0,2.841,30.4,1752246718312
0.0,0.0,2.82,30.4,1752246718415
0.0,0.0,2.83,30.4,1752246718601
0.0,0.0,2.861,30.4,1752246718703
0.0,0.0,2.83,30.4,1752246718890
0.0,0.0,2.83,30.4,1752246718993
31.7098331451416,-97.18812561035156,2.83,30.4,1752246719000
0.0,0.0,2.82,30.4,1752246719323
0.0,0.0,2.82,30.4,1752246719408
0.0,0.0,2.82,30.4,1752246719541
0.0,0.0,2.82,30.4,1752246719614
0.0,0.0,2.82,30.4,1752246719749
0.0,0.0,2.83,30.4,1752246719825
0.0,0.0,2.861,30.4,1752246719965
0.0,0.0,2.872,30.4,1752246720037
0.0,0.0,2.861,30.4,1752246720185
0.0,0.0,2.841,30.4,1752246720285
0.0,0.0,2.851,30.4,1752246720472
0.0,0.0,2.851,30.4,1752246720575
0.0,0.0,2.872,30.4,1752246720763
0.0,0.0,2.861,30.4,1752246720866
31.70983123779297,-97.18812561035156,2.861,30.4,1752246721000
0.0,0.0,2.861,30.4,1752246721050
0.0,0.0,2.851,30.4,1752246721300
0.0,0.0,2.841,30.4,1752246721440
0.0,0.0,2.82,30.4,1752246721513
0.0,0.0,2.768,30.4,1752246721648
0.0,0.0,2.768,30.4,1752246721722
0.0,0.0,2.768,30.4,1752246721857
0.0,0.0,2.768,30.4,1752246721930
31.709829330444336,-97.1881332397461,2.768,30.4,1752246722000
0.0,0.0,2.778,30.4,1752246722070
0.0,0.0,2.778,30.4,1752246722155
0.0,0.0,2.747,30.4,1752246722328
0.0,0.0,2.747,30.4,1752246722431
0.0,0.0,2.737,30.4,1752246722616
0.0,0.0,2.737,30.4,1752246722719
0.0,0.0,2.747,30.4,1752246722904
0.0,0.0,2.737,30.4,1752246723013
0.0,0.0,2.768,30.4,1752246723337
0.0,0.0,2.789,30.4,1752246723439
0.0,0.0,2.757,30.4,1752246723621
0.0,0.0,2.737,30.4,1752246723724
0.0,0.0,2.747,30.4,1752246723909
0.0,0.0,2.757,30.4,1752246724011
0.0,0.0,2.799,30.4,1752246724202
0.0,0.0,2.799,30.4,1752246724440
0.0,0.0,2.799,30.4,1752246724574
0.0,0.0,2.809,30.4,1752246724647
0.0,0.0,2.789,30.4,1752246724782
0.0,0.0,2.82,30.4,1752246724854
0.0,0.0,2.809,30.4,1752246724987
31.709829330444336,-97.18812561035156,2.809,30.4,1752246725000
0.0,0.0,2.799,30.4,1752246725061
0.0,0.0,2.809,30.4,1752246725207
0.0,0.0,2.841,30.4,1752246725284
0.0,0.0,2.809,30.4,1752246725421
0.0,0.0,2.799,30.4,1752246725496
0.0,0.0,2.778,30.4,1752246725633
0.0,0.0,2.778,30.4,1752246725706
0.0,0.0,2.768,30.4,1752246725844
0.0,0.0,2.757,30.4,1752246725917
31.709827423095703,-97.18812561035156,2.768,30.4,1752246726000
0.0,0.0,2.768,30.4,1752246726056
0.0,0.0,2.726,30.4,1752246726135
0.0,0.0,2.705,30.4,1752246726314
0.0,0.0,2.695,30.4,1752246726417
0.0,0.0,2.685,30.4,1752246726604
0.0,0.0,2.653,30.4,1752246726706
0.0,0.0,2.674,30.4,1752246726890
0.0,0.0,2.674,30.4,1752246726995
0.0,0.0,2.664,30.4,1752246727323
0.0,0.0,2.632,30.4,1752246727402
0.0,0.0,2.622,30.4,1752246727556
0.0,0.0,2.632,30.4,1752246727660
0.0,0.0,2.601,30.4,1752246727843
0.0,0.0,2.643,30.4,1752246727946
31.709827423095703,-97.18812561035156,2.643,30.4,1752246728000
0.0,0.0,2.664,30.4,1752246728129
0.0,0.0,2.653,30.4,1752246728246
0.0,0.0,2.653,30.4,1752246728559
0.0,0.0,2.664,30.4,1752246728632
0.0,0.0,2.632,30.4,1752246728765
0.0,0.0,2.601,30.4,1752246728838
0.0,0.0,2.601,30.4,1752246728975
0.0,0.0,2.612,30.4,1752246729051
0.0,0.0,2.591,30.4,1752246729191
0.0,0.0,2.58,30.4,1752246729285
0.0,0.0,2.612,30.4,1752246729472
0.0,0.0,2.58,30.4,1752246729577
0.0,0.0,2.56,30.4,1752246729762
0.0,0.0,2.57,30.4,1752246729868
31.709827423095703,-97.1881332397461,2.549,30.4,1752246730000
0.0,0.0,2.549,30.4,1752246730054
0.0,0.0,2.539,30.4,1752246730299
0.0,0.0,2.539,30.4,1752246730440
0.0,0.0,2.591,30.4,1752246730513
0.0,0.0,2.591,30.4,1752246730655
0.0,0.0,2.612,30.4,1752246730731
0.0,0.0,2.653,30.4,1752246730868
0.0,0.0,2.653,30.4,1752246730947
0.0,0.0,2.653,30.4,1752246731083
0.0,0.0,2.685,30.4,1752246731179
0.0,0.0,2.705,30.4,1752246731342
0.0,0.0,2.674,30.4,1752246731448
0.0,0.0,2.695,30.4,1752246731632
0.0,0.0,2.695,30.4,1752246731736
0.0,0.0,2.685,30.4,1752246731921
31.70982551574707,-97.1881332397461,2.643,30.4,1752246732000
0.0,0.0,2.643,30.4,1752246732024
0.0,0.0,2.643,30.4,1752246732351
0.0,0.0,2.601,30.4,1752246732432
0.0,0.0,2.58,30.4,1752246732562
0.0,0.0,2.591,30.4,1752246732636
0.0,0.0,2.56,30.4,1752246732774
0.0,0.0,2.57,30.4,1752246732853
0.0,0.0,2.57,30.4,1752246732990
0.0,0.0,2.57,30.4,1752246733067
0.0,0.0,2.56,30.4,1752246733216
0.0,0.0,2.57,30.4,1752246733312
0.0,0.0,2.57,30.4,1752246733494
0.0,0.0,2.58,30.4,1752246733597
0.0,0.0,2.57,30.4,1752246733779
0.0,0.0,2.591,30.4,1752246733885
31.709819793701172,-97.1881332397461,2.591,30.4,1752246734000
0.0,0.0,2.591,30.4,1752246734069
0.0,0.0,2.58,30.4,1752246734347
0.0,0.0,2.591,30.4,1752246734480
0.0,0.0,2.57,30.4,1752246734555
0.0,0.0,2.57,30.4,1752246734689
0.0,0.0,2.57,30.4,1752246734764
0.0,0.0,2.58,30.4,1752246734899
0.0,0.0,2.58,30.4,1752246734975
0.0,0.0,2.57,30.4,1752246735112
0.0,0.0,2.58,30.4,1752246735206
0.0,0.0,2.57,30.4,1752246735376
0.0,0.0,2.57,30.4,1752246735478
0.0,0.0,2.56,30.4,1752246735660
0.0,0.0,2.58,30.4,1752246735716
0.0,0.0,2.591,30.4,1752246735899
31.709814071655273,-97.1881332397461,2.612,30.4,1752246736000
0.0,0.0,2.612,30.4,1752246736037
0.0,0.0,2.622,30.4,1752246736216
0.0,0.0,2.622,30.4,1752246736474
0.0,0.0,2.622,30.4,1752246736547
0.0,0.0,2.632,30.4,1752246736680
0.0,0.0,2.632,30.4,1752246736760
0.0,0.0,2.632,30.4,1752246736898
0.0,0.0,2.622,30.4,1752246736975
31.70980453491211,-97.1881332397461,2.622,30.4,1752246737000
0.0,0.0,2.622,30.4,1752246737113
0.0,0.0,2.622,30.4,1752246737202
0.0,0.0,2.612,30.4,1752246737366
0.0,0.0,2.601,30.4,1752246737469
0.0,0.0,2.591,30.4,1752246737651
0.0,0.0,2.58,30.4,1752246737754
0.0,0.0,2.57,30.4,1752246737935
0.0,0.0,2.56,30.4,1752246738042
0.0,0.0,2.539,30.4,1752246738400
0.0,0.0,2.549,30.4,1752246738490
0.0,0.0,2.539,30.4,1752246738672
0.0,0.0,2.549,30.4,1752246738775
0.0,0.0,2.539,30.4,1752246738957
0.0,0.0,2.539,30.4,1752246739062
0.0,0.0,2.539,30.4,1752246739258
0.0,0.0,2.539,30.4,1752246739524
0.0,0.0,2.539,30.4,1752246739655
0.0,0.0,2.56,30.4,1752246739729
0.0,0.0,2.56,30.4,1752246739864
0.0,0.0,2.58,30.4,1752246739939
31.70979881286621,-97.18811798095703,2.58,30.4,1752246740000
0.0,0.0,2.601,30.4,1752246740080
0.0,0.0,2.58,30.4,1752246740177
0.0,0.0,2.58,30.4,1752246740318
0.0,0.0,2.58,30.4,1752246740392
0.0,0.0,2.591,30.4,1752246740531
0.0,0.0,2.591,30.4,1752246740609
0.0,0.0,2.591,30.4,1752246740745
0.0,0.0,2.601,30.4,1752246740819
0.0,0.0,2.58,30.4,1752246740956
31.709793090820312,-97.18811798095703,2.591,30.4,1752246741000
0.0,0.0,2.591,30.4,1752246741033
0.0,0.0,2.591,30.4,1752246741176
0.0,0.0,2.601,30.4,1752246741282
0.0,0.0,2.591,30.4,1752246741463
0.0,0.0,2.612,30.4,1752246741565
0.0,0.0,2.632,30.4,1752246741746
0.0,0.0,2.632,30.4,1752246741848
0.0,0.0,2.664,30.4,1752246742033
0.0,0.0,2.664,30.4,1752246742323
0.0,0.0,2.685,30.4,1752246742479
0.0,0.0,2.674,30.4,1752246742581
0.0,0.0,2.705,30.4,1752246742763
0.0,0.0,2.685,30.4,1752246742865
0.0,0.0,2.685,30.4,1752246743045
0.0,0.0,2.653,30.4,1752246743152
0.0,0.0,2.695,30.4,1752246743491
0.0,0.0,2.705,30.4,1752246743565
0.0,0.0,2.674,30.4,1752246743699
0.0,0.0,2.685,30.4,1752246743780
0.0,0.0,2.643,30.4,1752246743919
0.0,0.0,2.664,30.4,1752246743992
31.709789276123047,-97.18811798095703,2.664,30.4,1752246744000
0.0,0.0,2.674,30.4,1752246744146
0.0,0.0,2.695,30.4,1752246744233
0.0,0.0,2.695,30.4,1752246744370
0.0,0.0,2.695,30.4,1752246744445
0.0,0.0,2.726,30.4,1752246744585
0.0,0.0,2.757,30.4,1752246744663
0.0,0.0,2.705,30.4,1752246744800
0.0,0.0,2.705,30.4,1752246744876
31.70978355407715,-97.1881103515625,2.726,30.4,1752246745000
0.0,0.0,2.726,30.4,1752246745015
0.0,0.0,2.747,30.4,1752246745090
0.0,0.0,2.768,30.4,1752246745272
0.0,0.0,2.757,30.4,1752246745375
0.0,0.0,2.747,30.4,1752246745559
0.0,0.0,2.726,30.4,1752246745662
0.0,0.0,2.737,30.4,1752246745843
0.0,0.0,2.747,30.4,1752246745950
0.0,0.0,2.726,30.4,1752246746294
0.0,0.0,2.705,30.4,1752246746375
0.0,0.0,2.726,30.4,1752246746531
0.0,0.0,2.737,30.4,1752246746634
0.0,0.0,2.726,30.4,1752246746817
31.709781646728516,-97.18810272216797,2.705,30.4,1752246747000
0.0,0.0,2.705,30.4,1752246747011
0.0,0.0,2.695,30.4,1752246747158
0.0,0.0,2.695,30.4,1752246747275
0.0,0.0,2.695,30.4,1752246747600
0.0,0.0,2.685,30.4,1752246747673
0.0,0.0,2.685,30.4,1752246747806
0.0,0.0,2.643,30.4,1752246747881
0.0,0.0,2.653,30.4,1752246748014
0.0,0.0,2.653,30.4,1752246748088
0.0,0.0,2.643,30.4,1752246748266
0.0,0.0,2.643,30.4,1752246748370
0.0,0.0,2.643,30.4,1752246748551
0.0,0.0,2.643,30.4,1752246748654
0.0,0.0,2.622,30.4,1752246748834
0.0,0.0,2.632,30.4,1752246748937
31.709779739379883,-97.18810272216797,2.632,30.4,1752246749000
0.0,0.0,2.622,30.4,1752246749287
0.0,0.0,2.632,30.4,1752246749369
0.0,0.0,2.622,30.4,1752246749502
0.0,0.0,2.632,30.4,1752246749575
0.0,0.0,2.632,30.4,1752246749713
0.0,0.0,2.612,30.4,1752246749786
0.0,0.0,2.612,30.4,1752246749926
0.0,0.0,2.591,30.4,1752246750004
0.0,0.0,2.57,30.4,1752246750154
0.0,0.0,2.549,30.4,1752246750259
0.0,0.0,2.56,30.4,1752246750441
0.0,0.0,2.528,30.4,1752246750546
0.0,0.0,2.518,30.4,1752246750729
0.0,0.0,2.487,30.4,1752246750831
31.70977783203125,-97.1881103515625,2.508,30.4,1752246751000
0.0,0.0,2.508,30.4,1752246751014
0.0,0.0,2.497,30.4,1752246751305
0.0,0.0,2.456,30.4,1752246751443
0.0,0.0,2.456,30.4,1752246751516
0.0,0.0,2.456,30.4,1752246751655
0.0,0.0,2.456,30.4,1752246751728
0.0,0.0,2.456,30.4,1752246751873
0.0,0.0,2.456,30.4,1752246751952
0.0,0.0,2.424,30.4,1752246752090
0.0,0.0,2.424,30.4,1752246752183
0.0,0.0,2.414,30.4,1752246752352
0.0,0.0,2.414,30.4,1752246752454
0.0,0.0,2.372,30.4,1752246752637
0.0,0.0,2.362,30.4,1752246752739
0.0,0.0,2.362,30.4,1752246752920
31.709779739379883,-97.1881103515625,2.362,30.4,1752246753000
0.0,0.0,2.351,30.4,1752246753110
0.0,0.0,2.362,30.4,1752246753414
0.0,0.0,2.351,30.4,1752246753488
0.0,0.0,2.372,30.4,1752246753628
0.0,0.0,2.362,30.4,1752246753703
0.0,0.0,2.383,30.4,1752246753849
0.0,0.0,2.383,30.4,1752246753925
0.0,0.0,2.383,30.4,1752246754063
0.0,0.0,2.372,30.4,1752246754147
0.0,0.0,2.404,30.4,1752246754315
0.0,0.0,2.404,30.4,1752246754418
0.0,0.0,2.393,30.4,1752246754599
0.0,0.0,2.393,30.4,1752246754704
0.0,0.0,2.393,30.4,1752246754886
0.0,0.0,2.393,30.4,1752246754988
31.70977783203125,-97.1881103515625,2.393,30.4,1752246755000
0.0,0.0,2.372,30.4,1752246755346
0.0,0.0,2.362,30.4,1752246755428
0.0,0.0,2.351,30.4,1752246755558
0.0,0.0,2.341,30.4,1752246755632
0.0,0.0,2.351,30.4,1752246755765
0.0,0.0,2.341,30.4,1752246755838
0.0,0.0,2.341,30.4,1752246755970
31.709775924682617,-97.1881103515625,2.341,30.4,1752246756000
0.0,0.0,2.331,30.4,1752246756043
0.0,0.0,2.341,30.4,1752246756180
0.0,0.0,2.331,30.4,1752246756281
0.0,0.0,2.331,30.4,1752246756463
0.0,0.0,2.32,30.4,1752246756655
0.0,0.0,2.331,30.4,1752246756793
0.0,0.0,2.331,30.4,1752246756899
0.0,0.0,2.341,30.4,1752246757082
0.0,0.0,2.331,30.4,1752246757336
0.0,0.0,2.32,30.4,1752246757490
0.0,0.0,2.331,30.4,1752246757592
0.0,0.0,2.32,30.4,1752246757772
0.0,0.0,2.31,30.4,1752246757875
31.709775924682617,-97.18810272216797,2.299,30.4,1752246758000
0.0,0.0,2.299,30.4,1752246758057
0.0,0.0,2.31,30.4,1752246758168
0.0,0.0,2.299,30.4,1752246758492
0.0,0.0,2.299,30.4,1752246758566
0.0,0.0,2.299,30.4,1752246758699
0.0,0.0,2.289,30.4,1752246758773
0.0,0.0,2.289,30.4,1752246758903
0.0,0.0,2.268,30.4,1752246758979
0.0,0.0,2.279,30.4,1752246759115
0.0,0.0,2.258,30.4,1752246759202
0.0,0.0,2.268,30.4,1752246759362
0.0,0.0,2.279,30.4,1752246759464
0.0,0.0,2.279,30.4,1752246759646
0.0,0.0,2.258,30.4,1752246759748
0.0,0.0,2.258,30.4,1752246759931
31.70977020263672,-97.18810272216797,2.247,30.4,1752246760000
0.0,0.0,2.247,30.4,1752246760033
0.0,0.0,2.258,30.4,1752246760367
0.0,0.0,2.279,30.4,1752246760441
0.0,0.0,2.279,30.4,1752246760572
0.0,0.0,2.268,30.4,1752246760644
0.0,0.0,2.279,30.4,1752246760776
0.0,0.0,2.289,30.4,1752246760848
0.0,0.0,2.289,30.4,1752246760980
0.0,0.0,2.299,30.4,1752246761053
0.0,0.0,2.31,30.4,1752246761190
0.0,0.0,2.331,30.4,1752246761278
0.0,0.0,2.331,30.4,1752246761461
0.0,0.0,2.341,30.4,1752246761562
0.0,0.0,2.341,30.4,1752246761745
0.0,0.0,2.331,30.4,1752246761842
31.70976448059082,-97.1880874633789,2.331,30.4,1752246762000
0.0,0.0,2.331,30.4,1752246762023
0.0,0.0,2.331,30.4,1752246762273
0.0,0.0,2.331,30.4,1752246762408
0.0,0.0,2.32,30.4,1752246762480
0.0,0.0,2.32,30.4,1752246762610
0.0,0.0,2.31,30.4,1752246762684
0.0,0.0,2.299,30.4,1752246762817
0.0,0.0,2.289,30.4,1752246762890
0.0,0.0,2.279,30.4,1752246763020
0.0,0.0,2.268,30.4,1752246763092
0.0,0.0,2.268,30.4,1752246763269
0.0,0.0,2.289,30.4,1752246763371
0.0,0.0,2.289,30.4,1752246763552
0.0,0.0,2.289,30.4,1752246763654
0.0,0.0,2.268,30.4,1752246763831
0.0,0.0,2.279,30.4,1752246763932
31.709766387939453,-97.18810272216797,2.279,30.4,1752246764000
0.0,0.0,2.268,30.4,1752246764261
0.0,0.0,2.279,30.4,1752246764338
0.0,0.0,2.279,30.4,1752246764470
0.0,0.0,2.268,30.4,1752246764544
0.0,0.0,2.258,30.4,1752246764673
0.0,0.0,2.279,30.4,1752246764745
0.0,0.0,2.279,30.4,1752246764880
0.0,0.0,2.247,30.4,1752246764952
0.0,0.0,2.247,30.4,1752246765083
0.0,0.0,2.247,30.4,1752246765170
0.0,0.0,2.258,30.4,1752246765335
0.0,0.0,2.237,30.4,1752246765440
0.0,0.0,2.237,30.4,1752246765624
0.0,0.0,2.237,30.4,1752246765724
0.0,0.0,2.237,30.4,1752246765906
31.70976448059082,-97.18809509277344,2.237,30.4,1752246766000
0.0,0.0,2.237,30.4,1752246766005
0.0,0.0,2.258,30.4,1752246766329
0.0,0.0,2.237,30.4,1752246766406
0.0,0.0,2.247,30.4,1752246766539
0.0,0.0,3.215,30.4,1752246782710
0.0,0.0,3.236,30.4,1752246783236
0.0,0.0,3.236,30.4,1752246783329
0.0,0.0,3.267,30.4,1752246783514
0.0,0.0,3.34,30.4,1752246783616
0.0,0.0,3.351,30.4,1752246783944
0.0,0.0,3.382,30.4,1752246784123
0.0,0.0,3.496,30.4,1752246784449
0.0,0.0,3.621,30.4,1752246784515
0.0,0.0,3.777,30.4,1752246784651
0.0,0.0,3.913,30.4,1752246784726
0.0,0.0,4.027,30.4,1752246784864
0.0,0.0,4.162,30.4,1752246784942
0.0,0.0,4.277,30.4,1752246785081
0.0,0.0,4.402,30.4,1752246785172
0.0,0.0,4.495,30.4,1752246785305
0.0,0.0,4.558,30.4,1752246785386
0.0,0.0,4.683,30.4,1752246785532
0.0,0.0,4.787,30.4,1752246785607
0.0,0.0,4.797,30.4,1752246785744
0.0,0.0,4.797,30.4,1752246785820
0.0,0.0,4.745,30.4,1752246785952
31.70987892150879,-97.18814086914062,4.714,30.4,1752246786000
0.0,0.0,4.714,30.4,1752246786026
0.0,0.0,4.703,30.4,1752246786172
0.0,0.0,4.693,30.4,1752246786254
0.0,0.0,4.693,30.4,1752246786393
0.0,0.0,4.693,30.4,1752246786467
0.0,0.0,4.683,30.4,1752246786609
0.0,0.0,4.703,30.4,1752246786694
0.0,0.0,4.693,30.4,1752246786828
0.0,0.0,4.703,30.4,1752246786902
0.0,0.0,4.756,30.4,1752246787040
0.0,0.0,4.808,30.4,1752246787118
0.0,0.0,4.87,30.4,1752246787300
0.0,0.0,4.964,30.4,1752246787404
0.0,0.0,5.016,30.4,1752246787591
0.0,0.0,5.036,30.4,1752246787697
0.0,0.0,5.089,30.4,1752246787879
0.0,0.0,5.12,30.4,1752246787983
31.70987892150879,-97.18814086914062,5.12,30.4,1752246788000
0.0,0.0,5.141,30.4,1752246788313
0.0,0.0,5.151,30.4,1752246788396
0.0,0.0,5.151,30.4,1752246788531
0.0,0.0,5.151,30.4,1752246788606
0.0,0.0,5.141,30.4,1752246788739
0.0,0.0,5.151,30.4,1752246788814
0.0,0.0,5.13,30.4,1752246788949
0.0,0.0,5.12,30.4,1752246789031
0.0,0.0,5.109,30.4,1752246789180
0.0,0.0,5.12,30.4,1752246789284
0.0,0.0,5.13,30.4,1752246789465
0.0,0.0,5.151,30.4,1752246789569
0.0,0.0,5.151,30.4,1752246789754
0.0,0.0,5.13,30.4,1752246789858
31.709880828857422,-97.18814086914062,5.12,30.4,1752246790000
0.0,0.0,5.12,30.4,1752246790039
0.0,0.0,5.089,30.4,1752246790295
0.0,0.0,5.13,30.4,1752246790661
0.0,0.0,5.13,30.4,1752246790741
0.0,0.0,5.109,30.4,1752246790995
0.0,0.0,5.109,30.4,1752246791068
0.0,0.0,5.089,30.4,1752246791607
0.0,0.0,5.078,30.4,1752246791692
0.0,0.0,5.068,30.4,1752246791822
0.0,0.0,5.036,30.4,1752246791895
31.709880828857422,-97.18814086914062,5.026,30.4,1752246792000
0.0,0.0,5.026,30.4,1752246792078
0.0,0.0,5.016,30.4,1752246792195
0.0,0.0,5.057,30.4,1752246792380
0.0,0.0,5.057,30.4,1752246792643
0.0,0.0,5.026,30.4,1752246792775
0.0,0.0,5.016,30.4,1752246792849
0.0,0.0,5.016,30.4,1752246792981
0.0,0.0,5.036,30.4,1752246793059
0.0,0.0,5.057,30.4,1752246793202
0.0,0.0,5.057,30.4,1752246793286
0.0,0.0,5.078,30.4,1752246793463
0.0,0.0,5.089,30.4,1752246793569
0.0,0.0,5.12,30.4,1752246793750
0.0,0.0,5.12,30.4,1752246793854
31.709880828857422,-97.18814086914062,5.109,30.4,1752246794000
0.0,0.0,5.109,30.4,1752246794037
0.0,0.0,5.109,30.4,1752246794292
0.0,0.0,5.13,30.4,1752246794432
0.0,0.0,5.151,30.4,1752246794506
0.0,0.0,5.151,30.4,1752246794639
0.0,0.0,5.13,30.4,1752246794714
0.0,0.0,5.12,30.4,1752246794867
0.0,0.0,5.099,30.4,1752246794942
0.0,0.0,5.099,30.4,1752246795078
0.0,0.0,5.089,30.4,1752246795161
0.0,0.0,5.068,30.4,1752246795304
0.0,0.0,5.068,30.4,1752246795400
0.0,0.0,5.057,30.4,1752246795585
0.0,0.0,5.078,30.4,1752246795692
0.0,0.0,5.078,30.4,1752246795875
0.0,0.0,5.078,30.4,1752246795974
31.709882736206055,-97.18814849853516,5.078,30.4,1752246796000
0.0,0.0,5.068,30.4,1752246796170
0.0,0.0,5.078,30.4,1752246796356
0.0,0.0,5.099,30.4,1752246796489
0.0,0.0,5.109,30.4,1752246796564
0.0,0.0,5.12,30.4,1752246796697
0.0,0.0,5.141,30.4,1752246796771
0.0,0.0,5.161,30.4,1752246796906
0.0,0.0,5.151,30.4,1752246796983
0.0,0.0,5.182,30.4,1752246797114
0.0,0.0,5.172,30.4,1752246797198
0.0,0.0,5.151,30.4,1752246797350
0.0,0.0,5.141,30.4,1752246797454
0.0,0.0,5.12,30.4,1752246797634
0.0,0.0,5.12,30.4,1752246797738
0.0,0.0,5.12,30.4,1752246797919
31.709884643554688,-97.18814849853516,5.13,30.4,1752246798000
0.0,0.0,5.13,30.4,1752246798024
0.0,0.0,5.13,30.4,1752246798346
0.0,0.0,5.109,30.4,1752246798424
0.0,0.0,5.089,30.4,1752246798558
0.0,0.0,5.089,30.4,1752246798632
0.0,0.0,5.099,30.4,1752246798769
0.0,0.0,5.099,30.4,1752246798844
0.0,0.0,5.089,30.4,1752246798979
0.0,0.0,5.089,30.4,1752246799053
0.0,0.0,5.099,30.4,1752246799195
0.0,0.0,5.089,30.4,1752246799278
0.0,0.0,5.078,30.4,1752246799449
0.0,0.0,5.068,30.4,1752246799552
0.0,0.0,5.057,30.4,1752246799740
0.0,0.0,5.078,30.4,1752246799845
31.709888458251953,-97.18814849853516,5.078,30.4,1752246800000
0.0,0.0,5.078,30.4,1752246800023
0.0,0.0,5.089,30.4,1752246800270
0.0,0.0,5.078,30.4,1752246800411
0.0,0.0,5.089,30.4,1752246800486
0.0,0.0,5.099,30.4,1752246800623
0.0,0.0,5.13,30.4,1752246800700
0.0,0.0,5.141,30.4,1752246800834
0.0,0.0,5.151,30.4,1752246800909
31.709888458251953,-97.18814849853516,5.141,30.4,1752246801000
0.0,0.0,5.141,30.4,1752246801042
0.0,0.0,5.141,30.4,1752246801150
0.0,0.0,5.151,30.4,1752246801345
0.0,0.0,5.141,30.4,1752246801450
0.0,0.0,5.141,30.4,1752246801638
0.0,0.0,5.13,30.4,1752246801743
0.0,0.0,5.141,30.4,1752246801912
31.70989227294922,-97.18814849853516,5.141,30.4,1752246802000
0.0,0.0,5.109,30.4,1752246802167
0.0,0.0,5.099,30.4,1752246802301
0.0,0.0,5.078,30.4,1752246802385
0.0,0.0,5.047,30.4,1752246802564
0.0,0.0,5.089,30.4,1752246802671
0.0,0.0,5.099,30.4,1752246802851
0.0,0.0,5.13,30.4,1752246802955
0.0,0.0,5.099,30.4,1752246803141
0.0,0.0,5.089,30.4,1752246803396
0.0,0.0,5.089,30.4,1752246803548
0.0,0.0,5.089,30.4,1752246803652
0.0,0.0,5.099,30.4,1752246803831
0.0,0.0,5.109,30.4,1752246803930
31.709896087646484,-97.18814849853516,5.109,30.4,1752246804000
0.0,0.0,5.12,30.4,1752246804115
0.0,0.0,5.13,30.4,1752246804232
0.0,0.0,5.13,30.4,1752246804552
0.0,0.0,5.12,30.4,1752246804626
0.0,0.0,5.109,30.4,1752246804758
0.0,0.0,5.089,30.4,1752246804833
0.0,0.0,5.109,30.4,1752246804969
0.0,0.0,5.109,30.4,1752246805044
0.0,0.0,5.141,30.4,1752246805187
0.0,0.0,5.141,30.4,1752246805270
0.0,0.0,5.13,30.4,1752246805442
0.0,0.0,5.151,30.4,1752246805545
0.0,0.0,5.151,30.4,1752246805731
0.0,0.0,5.161,30.4,1752246805829
31.709901809692383,-97.18814849853516,5.161,30.4,1752246806000
0.0,0.0,5.161,30.4,1752246806012
0.0,0.0,5.172,30.4,1752246806263
0.0,0.0,5.172,30.4,1752246806404
0.0,0.0,5.172,30.4,1752246806479
0.0,0.0,5.161,30.4,1752246806655
0.0,0.0,5.172,30.4,1752246806728
0.0,0.0,5.151,30.4,1752246806861
0.0,0.0,5.161,30.4,1752246806936
0.0,0.0,5.151,30.4,1752246807070
0.0,0.0,5.151,30.4,1752246807147
0.0,0.0,5.151,30.4,1752246807307
0.0,0.0,5.141,30.4,1752246807413
0.0,0.0,5.151,30.4,1752246807599
0.0,0.0,5.151,30.4,1752246807704
0.0,0.0,5.141,30.4,1752246807886
0.0,0.0,5.151,30.4,1752246807991
31.70990562438965,-97.18814849853516,5.151,30.4,1752246808000
0.0,0.0,5.141,30.4,1752246808296
0.0,0.0,5.151,30.4,1752246808379
0.0,0.0,5.151,30.4,1752246808515
0.0,0.0,5.141,30.4,1752246808589
0.0,0.0,5.161,30.4,1752246808726
0.0,0.0,5.151,30.4,1752246808801
0.0,0.0,5.151,30.4,1752246808934
0.0,0.0,5.151,30.4,1752246809009
0.0,0.0,5.13,30.4,1752246809150
0.0,0.0,5.151,30.4,1752246809243
0.0,0.0,5.141,30.4,1752246809428
0.0,0.0,5.141,30.4,1752246809533
0.0,0.0,5.141,30.4,1752246809717
0.0,0.0,5.141,30.4,1752246809822
31.709909439086914,-97.18814849853516,5.141,30.4,1752246810000
0.0,0.0,5.141,30.4,1752246810022
0.0,0.0,5.141,30.4,1752246810301
0.0,0.0,5.13,30.4,1752246810434
0.0,0.0,5.12,30.4,1752246810507
0.0,0.0,5.12,30.4,1752246810643
0.0,0.0,5.13,30.4,1752246810717
0.0,0.0,5.141,30.4,1752246810851
0.0,0.0,5.141,30.4,1752246810927
0.0,0.0,5.141,30.4,1752246811061
0.0,0.0,5.13,30.4,1752246811138
0.0,0.0,5.13,30.4,1752246811313
0.0,0.0,5.12,30.4,1752246811418
0.0,0.0,5.12,30.4,1752246811601
0.0,0.0,5.109,30.4,1752246811707
0.0,0.0,5.12,30.4,1752246811887
0.0,0.0,5.12,30.4,1752246811992
31.70991325378418,-97.18814849853516,5.12,30.4,1752246812000
0.0,0.0,5.099,30.4,1752246812325
0.0,0.0,5.089,30.4,1752246812406
0.0,0.0,5.078,30.4,1752246812544
0.0,0.0,5.068,30.4,1752246812621
0.0,0.0,5.068,30.4,1752246812754
0.0,0.0,5.068,30.4,1752246812829
0.0,0.0,5.078,30.4,1752246812963
0.0,0.0,5.078,30.4,1752246813037
0.0,0.0,5.089,30.4,1752246813172
0.0,0.0,5.099,30.4,1752246813264
0.0,0.0,5.099,30.4,1752246813434
0.0,0.0,5.099,30.4,1752246813538
0.0,0.0,5.109,30.4,1752246813724
0.0,0.0,5.12,30.4,1752246813830
31.709915161132812,-97.18814849853516,5.13,30.4,1752246814000
0.0,0.0,5.13,30.4,1752246814006
0.0,0.0,5.13,30.4,1752246814263
0.0,0.0,5.13,30.4,1752246814405
0.0,0.0,5.12,30.4,1752246814480
0.0,0.0,5.12,30.4,1752246814613
0.0,0.0,5.109,30.4,1752246814687
0.0,0.0,5.109,30.4,1752246814826
0.0,0.0,5.109,30.4,1752246814901
0.0,0.0,5.109,30.4,1752246815036
0.0,0.0,5.109,30.4,1752246815115
0.0,0.0,5.099,30.4,1752246815281
0.0,0.0,5.089,30.4,1752246815386
0.0,0.0,5.089,30.4,1752246815570
0.0,0.0,5.089,30.4,1752246815674
0.0,0.0,5.109,30.4,1752246815856
0.0,0.0,5.12,30.4,1752246815954
31.709917068481445,-97.18815612792969,5.12,30.4,1752246816000
0.0,0.0,5.13,30.4,1752246816271
0.0,0.0,5.151,30.4,1752246816355
0.0,0.0,5.151,30.4,1752246816489
0.0,0.0,5.151,30.4,1752246816563
0.0,0.0,5.141,30.4,1752246816699
0.0,0.0,5.151,30.4,1752246816773
0.0,0.0,5.151,30.4,1752246816908
0.0,0.0,5.172,30.4,1752246816983
31.709918975830078,-97.18815612792969,5.172,30.4,1752246817000
0.0,0.0,5.151,30.4,1752246817116
0.0,0.0,5.141,30.4,1752246817200
0.0,0.0,5.141,30.4,1752246817350
0.0,0.0,5.141,30.4,1752246817455
0.0,0.0,5.13,30.4,1752246817637
0.0,0.0,5.109,30.4,1752246817741
0.0,0.0,5.109,30.4,1752246817923
0.0,0.0,5.12,30.4,1752246818031
0.0,0.0,5.12,30.4,1752246818346
0.0,0.0,5.13,30.4,1752246818439
0.0,0.0,5.141,30.4,1752246818614
0.0,0.0,5.141,30.4,1752246818718
0.0,0.0,5.151,30.4,1752246818901
0.0,0.0,5.172,30.4,1752246818999
31.709922790527344,-97.18816375732422,5.172,30.4,1752246819000
0.0,0.0,5.161,30.4,1752246819189
0.0,0.0,5.151,30.4,1752246819438
0.0,0.0,5.151,30.4,1752246819573
0.0,0.0,5.161,30.4,1752246819649
0.0,0.0,5.161,30.4,1752246819784
0.0,0.0,5.151,30.4,1752246819859
0.0,0.0,5.151,30.4,1752246819994
0.0,0.0,5.12,30.4,1752246820074
0.0,0.0,5.109,30.4,1752246820219
0.0,0.0,5.078,30.4,1752246820305
0.0,0.0,5.057,30.4,1752246820475
0.0,0.0,5.057,30.4,1752246820581
0.0,0.0,5.068,30.4,1752246820761
0.0,0.0,5.068,30.4,1752246820865
31.709928512573242,-97.18816375732422,5.068,30.4,1752246821000
0.0,0.0,5.068,30.4,1752246821046
0.0,0.0,5.047,30.4,1752246821299
0.0,0.0,5.036,30.4,1752246821442
0.0,0.0,5.047,30.4,1752246821516
0.0,0.0,5.026,30.4,1752246821650
0.0,0.0,5.047,30.4,1752246821726
0.0,0.0,5.068,30.4,1752246821859
0.0,0.0,5.089,30.4,1752246821937
0.0,0.0,5.089,30.4,1752246822070
0.0,0.0,5.068,30.4,1752246822147
0.0,0.0,5.068,30.4,1752246822296
0.0,0.0,5.078,30.4,1752246822400
0.0,0.0,5.078,30.4,1752246822589
0.0,0.0,5.078,30.4,1752246822692
0.0,0.0,5.068,30.4,1752246822880
0.0,0.0,5.068,30.4,1752246822983
31.709932327270508,-97.18816375732422,5.068,30.4,1752246823000
0.0,0.0,5.068,30.4,1752246823317
0.0,0.0,5.078,30.4,1752246823396
0.0,0.0,5.047,30.4,1752246823530
0.0,0.0,5.047,30.4,1752246823604
0.0,0.0,5.036,30.4,1752246823738
0.0,0.0,5.068,30.4,1752246823812
0.0,0.0,5.068,30.4,1752246823952
0.0,0.0,5.057,30.4,1752246824026
0.0,0.0,5.047,30.4,1752246824162
0.0,0.0,5.068,30.4,1752246824256
0.0,0.0,5.068,30.4,1752246824422
0.0,0.0,5.068,30.4,1752246824527
0.0,0.0,5.068,30.4,1752246824714
0.0,0.0,5.047,30.4,1752246824818
31.709936141967773,-97.18816375732422,5.047,30.4,1752246825000
0.0,0.0,5.047,30.4,1752246825003
0.0,0.0,5.057,30.4,1752246825257
0.0,0.0,5.047,30.4,1752246825400
0.0,0.0,5.036,30.4,1752246825475
0.0,0.0,5.026,30.4,1752246825612
0.0,0.0,5.026,30.4,1752246825687
0.0,0.0,5.016,30.4,1752246825827
0.0,0.0,5.036,30.4,1752246825902
0.0,0.0,5.026,30.4,1752246826038
0.0,0.0,5.026,30.4,1752246826112
0.0,0.0,5.026,30.4,1752246826274
0.0,0.0,5.036,30.4,1752246826368
0.0,0.0,5.047,30.4,1752246826558
0.0,0.0,5.026,30.4,1752246826663
0.0,0.0,5.036,30.4,1752246826847
0.0,0.0,5.036,30.4,1752246826945
31.70993995666504,-97.18817138671875,5.036,30.4,1752246827000
0.0,0.0,5.036,30.4,1752246827268
0.0,0.0,5.047,30.4,1752246827343
0.0,0.0,5.057,30.4,1752246827477
0.0,0.0,5.057,30.4,1752246827551
0.0,0.0,5.057,30.4,1752246827689
0.0,0.0,5.047,30.4,1752246827763
0.0,0.0,5.036,30.4,1752246827898
0.0,0.0,5.036,30.4,1752246827972
0.0,0.0,5.026,30.4,1752246828108
0.0,0.0,5.026,30.4,1752246828193
0.0,0.0,5.036,30.4,1752246828344
0.0,0.0,5.036,30.4,1752246828449
0.0,0.0,5.047,30.4,1752246828632
0.0,0.0,5.068,30.4,1752246828736
0.0,0.0,5.036,30.4,1752246828921
31.709945678710938,-97.18817138671875,5.036,30.4,1752246829000
0.0,0.0,5.036,30.4,1752246829020
0.0,0.0,5.057,30.4,1752246829348
0.0,0.0,5.057,30.4,1752246829428
0.0,0.0,5.078,30.4,1752246829566
0.0,0.0,5.068,30.4,1752246829640
0.0,0.0,5.057,30.4,1752246829776
0.0,0.0,5.057,30.4,1752246829849
0.0,0.0,5.057,30.4,1752246829986
0.0,0.0,5.057,30.4,1752246830027
0.0,0.0,5.036,30.4,1752246830165
0.0,0.0,5.036,30.4,1752246830257
0.0,0.0,5.036,30.4,1752246830431
0.0,0.0,5.026,30.4,1752246830630
0.0,0.0,5.016,30.4,1752246830771
0.0,0.0,5.005,30.4,1752246830875
31.70994758605957,-97.18817138671875,4.984,30.4,1752246831000
0.0,0.0,4.984,30.4,1752246831041
0.0,0.0,4.974,30.4,1752246831302
0.0,0.0,4.974,30.4,1752246831440
0.0,0.0,4.974,30.4,1752246831516
0.0,0.0,4.974,30.4,1752246831652
0.0,0.0,4.953,30.4,1752246831729
0.0,0.0,4.964,30.4,1752246831867
0.0,0.0,4.964,30.4,1752246831941
0.0,0.0,4.974,30.4,1752246832076
0.0,0.0,4.984,30.4,1752246832161
0.0,0.0,4.984,30.4,1752246832305
0.0,0.0,4.995,30.4,1752246832405
0.0,0.0,5.016,30.4,1752246832594
0.0,0.0,5.026,30.4,1752246832697
0.0,0.0,5.016,30.4,1752246832880
0.0,0.0,5.016,30.4,1752246832979
31.709949493408203,-97.18817138671875,5.016,30.4,1752246833000
0.0,0.0,5.026,30.4,1752246833302
0.0,0.0,5.026,30.4,1752246833385
0.0,0.0,5.036,30.4,1752246833519
0.0,0.0,5.026,30.4,1752246833593
0.0,0.0,5.026,30.4,1752246833732
0.0,0.0,5.016,30.4,1752246833806
0.0,0.0,5.016,30.4,1752246833941
31.7099552154541,-97.18817138671875,5.016,30.4,1752246834000
0.0,0.0,5.016,30.4,1752246834015
0.0,0.0,4.995,30.4,1752246834153
0.0,0.0,4.974,30.4,1752246834247
0.0,0.0,4.974,30.4,1752246834436
0.0,0.0,4.974,30.4,1752246834493
0.0,0.0,4.974,30.4,1752246834639
0.0,0.0,4.984,30.4,1752246834829
0.0,0.0,4.974,30.4,1752246834930
0.0,0.0,4.964,30.4,1752246835256
0.0,0.0,4.984,30.4,1752246835337
0.0,0.0,4.974,30.4,1752246835491
0.0,0.0,4.964,30.4,1752246835594
0.0,0.0,4.964,30.4,1752246835777
0.0,0.0,4.964,30.4,1752246835882
0.0,0.0,4.964,30.4,1752246836066
0.0,0.0,4.974,30.4,1752246836186
0.0,0.0,4.964,30.4,1752246836499
0.0,0.0,4.953,30.4,1752246836574
0.0,0.0,4.943,30.4,1752246836710
0.0,0.0,4.943,30.4,1752246836786
0.0,0.0,4.943,30.4,1752246836921
0.0,0.0,4.943,30.4,1752246836996
31.709959030151367,-97.18817138671875,4.943,30.4,1752246837000
0.0,0.0,4.932,30.4,1752246837149
0.0,0.0,4.922,30.4,1752246837231
0.0,0.0,4.922,30.4,1752246837367
0.0,0.0,4.922,30.4,1752246837443
0.0,0.0,4.922,30.4,1752246837579
0.0,0.0,4.922,30.4,1752246837654
0.0,0.0,4.922,30.4,1752246837791
0.0,0.0,4.912,30.4,1752246837867
31.709962844848633,-97.18817138671875,4.922,30.4,1752246838000
0.0,0.0,4.922,30.4,1752246838002
0.0,0.0,4.901,30.4,1752246838077
0.0,0.0,4.87,30.4,1752246838230
0.0,0.0,4.891,30.4,1752246838320
0.0,0.0,4.901,30.4,1752246838513
0.0,0.0,4.891,30.4,1752246838617
0.0,0.0,4.88,30.4,1752246838805
0.0,0.0,4.88,30.4,1752246838910
0.0,0.0,4.86,30.4,1752246839230
0.0,0.0,4.86,30.4,1752246839305
0.0,0.0,4.849,30.4,1752246839455
0.0,0.0,4.839,30.4,1752246839559
0.0,0.0,4.808,30.4,1752246839751
0.0,0.0,4.797,30.4,1752246839850
31.70996856689453,-97.18817138671875,4.797,30.4,1752246840000
0.0,0.0,4.797,30.4,1752246840038
0.0,0.0,4.797,30.4,1752246840143
0.0,0.0,4.756,30.4,1752246840464
0.0,0.0,4.745,30.4,1752246840538
0.0,0.0,4.714,30.4,1752246840675
0.0,0.0,4.693,30.4,1752246840751
0.0,0.0,4.703,30.4,1752246840891
0.0,0.0,4.651,30.4,1752246840965
0.0,0.0,4.631,30.4,1752246841100
0.0,0.0,4.599,30.4,1752246841186
0.0,0.0,4.599,30.4,1752246841332
0.0,0.0,4.568,30.4,1752246841431
0.0,0.0,4.537,30.4,1752246841619
0.0,0.0,4.485,30.4,1752246841723
0.0,0.0,4.485,30.4,1752246841914
31.709972381591797,-97.18817901611328,4.443,30.4,1752246842000
0.0,0.0,4.443,30.4,1752246842017
0.0,0.0,4.454,30.4,1752246842334
0.0,0.0,4.422,30.4,1752246842418
0.0,0.0,4.391,30.4,1752246842552
0.0,0.0,4.381,30.4,1752246842628
0.0,0.0,4.37,30.4,1752246842763
0.0,0.0,4.339,30.4,1752246842842
0.0,0.0,4.298,30.4,1752246842978
0.0,0.0,4.277,30.4,1752246843053
0.0,0.0,4.256,30.4,1752246843202
0.0,0.0,4.246,30.4,1752246843288
0.0,0.0,4.194,30.4,1752246843461
0.0,0.0,4.183,30.4,1752246843567
0.0,0.0,4.121,30.4,1752246843753
0.0,0.0,4.121,30.4,1752246843859
31.70997428894043,-97.18817901611328,4.089,30.4,1752246844000
0.0,0.0,4.089,30.4,1752246844039
0.0,0.0,4.058,30.4,1752246844285
0.0,0.0,4.037,30.4,1752246844429
0.0,0.0,4.048,30.4,1752246844506
0.0,0.0,4.017,30.4,1752246844647
0.0,0.0,4.037,30.4,1752246844725
0.0,0.0,4.027,30.4,1752246844861
0.0,0.0,4.048,30.4,1752246844935
0.0,0.0,4.037,30.4,1752246845070
0.0,0.0,4.006,30.4,1752246845147
0.0,0.0,4.017,30.4,1752246845320
0.0,0.0,3.985,30.4,1752246845425
0.0,0.0,3.954,30.4,1752246845614
0.0,0.0,3.975,30.4,1752246845720
0.0,0.0,3.954,30.4,1752246845908
31.709976196289062,-97.18817901611328,3.892,30.4,1752246846000
0.0,0.0,3.892,30.4,1752246846013
0.0,0.0,3.861,30.4,1752246846331
0.0,0.0,3.84,30.4,1752246846413
0.0,0.0,3.798,30.4,1752246846549
0.0,0.0,3.746,30.4,1752246846628
0.0,0.0,3.715,30.4,1752246846765
0.0,0.0,3.684,30.4,1752246846840
0.0,0.0,3.652,30.4,1752246846977
0.0,0.0,3.621,30.4,1752246847051
0.0,0.0,3.6,30.4,1752246847198
0.0,0.0,3.538,30.4,1752246847283
0.0,0.0,3.517,30.4,1752246847460
0.0,0.0,3.527,30.4,1752246847567
0.0,0.0,3.507,30.4,1752246847751
0.0,0.0,3.455,30.4,1752246847856
31.709980010986328,-97.18818664550781,3.486,30.4,1752246848000
0.0,0.0,3.486,30.4,1752246848036
0.0,0.0,3.455,30.4,1752246848297
0.0,0.0,3.434,30.4,1752246848438
0.0,0.0,3.413,30.4,1752246848516
0.0,0.0,3.413,30.4,1752246848652
0.0,0.0,3.392,30.4,1752246848730
0.0,0.0,3.371,30.4,1752246848864
0.0,0.0,3.413,30.4,1752246848939
0.0,0.0,3.392,30.4,1752246849075
0.0,0.0,3.351,30.4,1752246849157
0.0,0.0,3.34,30.4,1752246849306
0.0,0.0,3.34,30.4,1752246849411
0.0,0.0,3.267,30.4,1752246849593
0.0,0.0,3.267,30.4,1752246849698
0.0,0.0,3.246,30.4,1752246849882
0.0,0.0,3.236,30.4,1752246849986
31.709983825683594,-97.18818664550781,3.236,30.4,1752246850000
0.0,0.0,3.205,30.4,1752246850303
0.0,0.0,3.184,30.4,1752246850387
0.0,0.0,3.184,30.4,1752246850527
0.0,0.0,3.101,30.4,1752246850604
0.0,0.0,3.08,30.4,1752246850739
0.0,0.0,3.07,30.4,1752246850816
0.0,0.0,3.049,30.4,1752246850951
0.0,0.0,3.08,30.4,1752246851026
0.0,0.0,3.111,30.4,1752246851259
0.0,0.0,3.08,30.4,1752246851353
0.0,0.0,3.122,30.4,1752246851542
0.0,0.0,3.111,30.4,1752246851647
0.0,0.0,3.153,30.4,1752246851836
0.0,0.0,3.163,30.4,1752246851939
31.709985733032227,-97.18817901611328,3.163,30.4,1752246852000
0.0,0.0,3.226,30.4,1752246852278
0.0,0.0,3.257,30.4,1752246852365
0.0,0.0,3.236,30.4,1752246852502
0.0,0.0,3.236,30.4,1752246852579
0.0,0.0,3.226,30.4,1752246852717
0.0,0.0,3.194,30.4,1752246852793
0.0,0.0,3.257,30.4,1752246852896
0.0,0.0,3.246,30.4,1752246852974
31.709989547729492,-97.18818664550781,3.246,30.4,1752246853000
0.0,0.0,3.184,30.4,1752246853108
0.0,0.0,3.184,30.4,1752246853197
0.0,0.0,3.132,30.4,1752246853363
0.0,0.0,3.111,30.4,1752246853467
0.0,0.0,3.101,30.4,1752246853654
0.0,0.0,3.08,30.4,1752246853761
0.0,0.0,3.08,30.4,1752246853945
0.0,0.0,3.07,30.4,1752246854056
0.0,0.0,3.07,30.4,1752246854384
0.0,0.0,3.122,30.4,1752246854471
0.0,0.0,3.122,30.4,1752246854653
0.0,0.0,3.111,30.4,1752246854759
0.0,0.0,3.194,30.4,1752246854947
0.0,0.0,3.163,30.4,1752246855054
0.0,0.0,3.194,30.4,1752246855524
0.0,0.0,3.194,30.4,1752246855591
0.0,0.0,3.163,30.4,1752246855725
0.0,0.0,3.142,30.4,1752246855799
0.0,0.0,3.194,30.4,1752246855938
31.70999526977539,-97.18818664550781,3.205,30.4,1752246856000
0.0,0.0,3.205,30.4,1752246856013
0.0,0.0,3.174,30.4,1752246856155
0.0,0.0,3.153,30.4,1752246856238
0.0,0.0,3.09,30.4,1752246856375
0.0,0.0,3.132,30.4,1752246856451
0.0,0.0,3.08,30.4,1752246856586
0.0,0.0,3.08,30.4,1752246856661
0.0,0.0,3.07,30.4,1752246856798
0.0,0.0,3.07,30.4,1752246856873
31.709999084472656,-97.18818664550781,3.122,30.4,1752246857000
0.0,0.0,3.122,30.4,1752246857011
0.0,0.0,3.122,30.4,1752246857085
0.0,0.0,3.07,30.4,1752246857275
0.0,0.0,3.07,30.4,1752246857381
0.0,0.0,3.09,30.4,1752246857571
0.0,0.0,3.08,30.4,1752246857675
0.0,0.0,3.132,30.4,1752246857863
0.0,0.0,3.111,30.4,1752246857967
0.0,0.0,3.07,30.4,1752246858288
0.0,0.0,3.059,30.4,1752246858370
0.0,0.0,3.142,30.4,1752246858533
0.0,0.0,3.142,30.4,1752246858639
0.0,0.0,3.111,30.4,1752246858824
0.0,0.0,3.08,30.4,1752246858930
31.71000099182129,-97.18817901611328,3.08,30.4,1752246859000
0.0,0.0,3.101,30.4,1752246859114
0.0,0.0,3.122,30.4,1752246859232
0.0,0.0,3.09,30.4,1752246859546
0.0,0.0,3.122,30.4,1752246859620
0.0,0.0,3.163,30.4,1752246859754
0.0,0.0,3.194,30.4,1752246859828
0.0,0.0,3.246,30.4,1752246859969
0.0,0.0,3.257,30.4,1752246860047
0.0,0.0,3.184,30.4,1752246860196
0.0,0.0,3.194,30.4,1752246860288
0.0,0.0,3.257,30.4,1752246860477
0.0,0.0,3.299,30.4,1752246860576
0.0,0.0,3.267,30.4,1752246860763
0.0,0.0,3.205,30.4,1752246860868
31.710006713867188,-97.18817901611328,3.267,30.4,1752246861000
0.0,0.0,3.267,30.4,1752246861056
0.0,0.0,3.267,30.4,1752246861313
0.0,0.0,3.205,30.4,1752246861459
0.0,0.0,3.184,30.4,1752246861533
0.0,0.0,3.132,30.4,1752246861670
0.0,0.0,3.163,30.4,1752246861745
0.0,0.0,3.184,30.4,1752246861883
0.0,0.0,3.163,30.4,1752246861964
0.0,0.0,3.122,30.4,1752246862098
0.0,0.0,3.09,30.4,1752246862145
0.0,0.0,3.111,30.4,1752246862325
0.0,0.0,3.142,30.4,1752246862430
0.0,0.0,3.07,30.4,1752246862617
0.0,0.0,3.049,30.4,1752246862721
0.0,0.0,3.09,30.4,1752246862909
31.710010528564453,-97.18818664550781,3.111,30.4,1752246863000
0.0,0.0,3.111,30.4,1752246863013
0.0,0.0,3.153,30.4,1752246863324
0.0,0.0,3.132,30.4,1752246863407
0.0,0.0,3.122,30.4,1752246863541
0.0,0.0,3.08,30.4,1752246863615
0.0,0.0,3.08,30.4,1752246863750
0.0,0.0,3.049,30.4,1752246863826
0.0,0.0,3.018,30.4,1752246863969
0.0,0.0,2.965,30.4,1752246864046
0.0,0.0,2.945,30.4,1752246864198
0.0,0.0,2.955,30.4,1752246864297
0.0,0.0,2.955,30.4,1752246864484
0.0,0.0,2.934,30.4,1752246864729
0.0,0.0,2.934,30.4,1752246864823
31.710012435913086,-97.18818664550781,2.893,30.4,1752246865000
0.0,0.0,2.893,30.4,1752246865028
0.0,0.0,2.893,30.4,1752246865292
0.0,0.0,2.903,30.4,1752246865478
0.0,0.0,2.903,30.4,1752246865546
0.0,0.0,2.976,30.4,1752246865682
0.0,0.0,2.976,30.4,1752246865761
0.0,0.0,2.986,30.4,1752246865897
0.0,0.0,2.986,30.4,1752246865971
0.0,0.0,2.976,30.4,1752246866111
0.0,0.0,2.945,30.4,1752246866205
0.0,0.0,2.913,30.4,1752246866377
0.0,0.0,2.882,30.4,1752246866476
0.0,0.0,2.893,30.4,1752246866666
0.0,0.0,2.861,30.4,1752246866770
0.0,0.0,2.851,30.4,1752246866954
31.710018157958984,-97.18818664550781,2.851,30.4,1752246867000
0.0,0.0,2.841,30.4,1752246867057
0.0,0.0,2.768,30.4,1752246867397
0.0,0.0,2.757,30.4,1752246867473
0.0,0.0,2.726,30.4,1752246867609
0.0,0.0,2.726,30.4,1752246867687
0.0,0.0,2.726,30.4,1752246867827
0.0,0.0,2.737,30.4,1752246867903
0.0,0.0,2.789,30.4,1752246868039
0.0,0.0,2.799,30.4,1752246868122
0.0,0.0,2.809,30.4,1752246868298
0.0,0.0,2.82,30.4,1752246868402
0.0,0.0,2.82,30.4,1752246868585
0.0,0.0,2.82,30.4,1752246868688
0.0,0.0,2.851,30.4,1752246868878
0.0,0.0,2.861,30.4,1752246868982
31.71002197265625,-97.18819427490234,2.861,30.4,1752246869000
0.0,0.0,2.861,30.4,1752246869297
0.0,0.0,2.851,30.4,1752246869380
0.0,0.0,2.861,30.4,1752246869517
0.0,0.0,2.851,30.4,1752246869592
0.0,0.0,2.841,30.4,1752246869731
0.0,0.0,2.841,30.4,1752246869806
0.0,0.0,2.82,30.4,1752246869977
0.0,0.0,2.809,30.4,1752246870051
0.0,0.0,2.809,30.4,1752246870196
0.0,0.0,2.841,30.4,1752246870281
0.0,0.0,2.841,30.4,1752246870470
0.0,0.0,2.83,30.4,1752246870568
0.0,0.0,2.83,30.4,1752246870756
0.0,0.0,2.82,30.4,1752246870859
31.710025787353516,-97.18819427490234,2.82,30.4,1752246871000
0.0,0.0,2.82,30.4,1752246871041
0.0,0.0,2.83,30.4,1752246871294
0.0,0.0,2.83,30.4,1752246871437
0.0,0.0,2.82,30.4,1752246871511
0.0,0.0,2.809,30.4,1752246871650
0.0,0.0,2.83,30.4,1752246871725
0.0,0.0,2.841,30.4,1752246871861
0.0,0.0,2.83,30.4,1752246871936
0.0,0.0,2.83,30.4,1752246872071
0.0,0.0,2.83,30.4,1752246872154
0.0,0.0,2.83,30.4,1752246872326
0.0,0.0,2.83,30.4,1752246872430
0.0,0.0,2.851,30.4,1752246872618
0.0,0.0,2.851,30.4,1752246872721
0.0,0.0,2.851,30.4,1752246872904
31.71002960205078,-97.18819427490234,2.851,30.4,1752246873000
0.0,0.0,2.851,30.4,1752246873007
0.0,0.0,2.882,30.4,1752246873335
0.0,0.0,2.882,30.4,1752246873417
0.0,0.0,2.872,30.4,1752246873554
0.0,0.0,2.893,30.4,1752246873628
0.0,0.0,2.903,30.4,1752246873765
0.0,0.0,2.913,30.4,1752246873839
0.0,0.0,2.924,30.4,1752246873975
0.0,0.0,2.934,30.4,1752246874050
0.0,0.0,2.934,30.4,1752246874195
0.0,0.0,2.945,30.4,1752246874289
0.0,0.0,2.945,30.4,1752246874471
0.0,0.0,2.945,30.4,1752246874575
0.0,0.0,2.955,30.4,1752246874762
0.0,0.0,2.955,30.4,1752246874865
31.710033416748047,-97.18820190429688,2.955,30.4,1752246875000
0.0,0.0,2.955,30.4,1752246875054
0.0,0.0,2.934,30.4,1752246875309
0.0,0.0,2.934,30.4,1752246875450
0.0,0.0,2.934,30.4,1752246875528
0.0,0.0,2.913,30.4,1752246875661
0.0,0.0,2.924,30.4,1752246875736
0.0,0.0,2.934,30.4,1752246875870
0.0,0.0,2.924,30.4,1752246875944
0.0,0.0,2.924,30.4,1752246876078
0.0,0.0,2.934,30.4,1752246876162
0.0,0.0,2.924,30.4,1752246876326
0.0,0.0,2.934,30.4,1752246876433
0.0,0.0,2.934,30.4,1752246876613
0.0,0.0,2.945,30.4,1752246876717
0.0,0.0,2.965,30.4,1752246876901
31.710039138793945,-97.18820190429688,2.976,30.4,1752246877000
0.0,0.0,2.976,30.4,1752246877004
0.0,0.0,2.997,30.4,1752246877345
0.0,0.0,3.007,30.4,1752246877430
0.0,0.0,3.007,30.4,1752246877563
0.0,0.0,3.007,30.4,1752246877638
0.0,0.0,3.018,30.4,1752246877773
0.0,0.0,2.997,30.4,1752246877847
0.0,0.0,2.997,30.4,1752246877984
0.0,0.0,2.976,30.4,1752246878058
0.0,0.0,2.965,30.4,1752246878203
0.0,0.0,2.965,30.4,1752246878290
0.0,0.0,2.934,30.4,1752246878477
0.0,0.0,2.924,30.4,1752246878580
0.0,0.0,2.913,30.4,1752246878765
0.0,0.0,2.872,30.4,1752246878864
31.710044860839844,-97.18820190429688,2.861,30.4,1752246879000
0.0,0.0,2.861,30.4,1752246879050
0.0,0.0,2.841,30.4,1752246879310
0.0,0.0,2.841,30.4,1752246879451
0.0,0.0,2.851,30.4,1752246879526
0.0,0.0,2.841,30.4,1752246879629
0.0,0.0,2.841,30.4,1752246879699
0.0,0.0,2.83,30.4,1752246879856
0.0,0.0,2.809,30.4,1752246879932
0.0,0.0,2.83,30.4,1752246880066
0.0,0.0,2.809,30.4,1752246880145
0.0,0.0,2.82,30.4,1752246880310
0.0,0.0,2.809,30.4,1752246880414
0.0,0.0,2.799,30.4,1752246880600
0.0,0.0,2.799,30.4,1752246880705
0.0,0.0,0.77,31.8,1752249640490
0.0,0.0,0.77,31.8,1752249641551
0.0,0.0,0.79,31.8,1752249641811
0.0,0.0,0.77,31.8,1752249642067
0.0,0.0,0.822,31.8,1752249642834
0.0,0.0,0.842,31.8,1752249643351
0.0,0.0,0.874,31.8,1752249643611
0.0,0.0,0.874,31.8,1752249643867
31.708423614501953,-97.18855285644531,0.863,31.8,1752249644000
0.0,0.0,0.863,31.8,1752249644127
0.0,0.0,0.842,31.8,1752249644644
0.0,0.0,0.863,31.8,1752249644902
31.708425521850586,-97.18855285644531,0.863,31.8,1752249645000
0.0,0.0,0.884,31.8,1752249645161
0.0,0.0,0.895,31.8,1752249645514
0.0,0.0,0.895,31.8,1752249645998
31.708423614501953,-97.18856048583984,0.895,31.8,1752249646000
0.0,0.0,0.874,31.8,1752249646265
0.0,0.0,0.895,31.8,1752249647213
0.0,0.0,0.822,31.8,1752249647506
31.70842170715332,-97.18856811523438,0.801,31.8,1752249648000
0.0,0.0,0.801,31.8,1752249648278
0.0,0.0,0.759,31.8,1752249648536
0.0,0.0,0.822,31.8,1752249648802
31.70842170715332,-97.18856811523438,0.822,31.8,1752249649000
0.0,0.0,0.874,31.8,1752249649589
0.0,0.0,0.926,31.8,1752249650220
0.0,0.0,0.895,31.8,1752249652483
0.0,0.0,0.853,31.8,1752249652729
31.708419799804688,-97.18856811523438,0.853,31.8,1752249653000
0.0,0.0,0.853,31.8,1752249653012
0.0,0.0,0.874,31.8,1752249653566
0.0,0.0,0.863,31.8,1752249653850
0.0,0.0,0.853,31.8,1752249654140
0.0,0.0,0.926,31.8,1752249654471
31.708417892456055,-97.1885757446289,0.926,31.8,1752249655000
0.0,0.0,0.936,31.8,1752249655530
0.0,0.0,0.947,31.8,1752249655806
0.0,0.0,0.915,31.8,1752249656088
0.0,0.0,0.863,31.8,1752249656417
0.0,0.0,0.863,31.8,1752249656752
31.708415985107422,-97.1885757446289,0.863,31.8,1752249657000
0.0,0.0,0.863,31.8,1752249657514
0.0,0.0,0.895,31.8,1752249658071
0.0,0.0,0.863,31.8,1752249665554
0.0,0.0,0.822,31.8,1752249666146
0.0,0.0,0.832,31.8,1752249666828
0.0,0.0,0.832,31.8,1752249668128
0.0,0.0,0.801,31.8,1752249668732
0.0,0.0,0.811,31.8,1752249669021
0.0,0.0,0.811,31.8,1752249669346
31.708377838134766,-97.18889617919922,0.79,31.8,1752249670000
0.0,0.0,0.79,31.8,1752249670529
0.0,0.0,0.78,31.8,1752249670825
0.0,0.0,0.77,31.8,1752249671151
0.0,0.0,0.79,31.6,1752249672176
0.0,0.0,0.801,31.6,1752249672765
31.7083797454834,-97.18888854980469,0.801,31.6,1752249673000
31.7083797454834,-97.18888854980469,0.801,31.6,1752249673000
0.0,0.0,0.832,31.6,1752249673432
0.0,0.0,0.842,31.6,1752249673751
0.0,0.0,0.832,31.6,1752249674041
0.0,0.0,0.832,31.6,1752249674400
0.0,0.0,0.832,31.6,1752249675067
0.0,0.0,0.822,31.6,1752249675649
0.0,0.0,0.842,31.6,1752249675966
31.70838165283203,-97.18888092041016,0.842,31.6,1752249676000
0.0,0.0,0.905,31.6,1752249676816
0.0,0.0,0.936,31.6,1752249677132
0.0,0.0,0.947,31.6,1752249677526
0.0,0.0,0.926,31.6,1752249678108
0.0,0.0,0.926,31.6,1752249678463
0.0,0.0,0.905,31.6,1752249678748
0.0,0.0,0.926,31.6,1752249679271
0.0,0.0,0.926,31.6,1752249680761
0.0,0.0,0.874,31.6,1752249681613
0.0,0.0,0.863,31.6,1752249681918
0.0,0.0,0.842,31.6,1752249682523
0.0,0.0,0.947,31.6,1752249683441
0.0,0.0,0.895,31.6,1752249685483
0.0,0.0,0.895,31.6,1752249686114
0.0,0.0,1.092,31.6,1752249686464
31.70838165283203,-97.18883514404297,1.082,31.6,1752249687000
0.0,0.0,1.082,31.6,1752249687474
0.0,0.0,1.207,31.6,1752249687822
0.0,0.0,1.363,31.6,1752249688503
0.0,0.0,1.509,31.6,1752249690321
0.0,0.0,1.55,31.6,1752249690681
0.0,0.0,1.748,31.6,1752249691449
0.0,0.0,1.758,31.6,1752249692235
0.0,0.0,1.883,31.6,1752249692628
0.0,0.0,1.748,31.6,1752249693406
0.0,0.0,1.8,31.6,1752249693797
0.0,0.0,1.79,31.6,1752249694194
0.0,0.0,1.581,31.6,1752249694588
0.0,0.0,1.602,31.6,1752249694979
0.0,0.0,1.456,31.6,1752249695382
0.0,0.0,1.3,31.6,1752249695777
0.0,0.0,1.134,31.6,1752249696185
0.0,0.0,1.092,31.6,1752249696596
0.0,0.0,0.915,31.6,1752249696997
0.0,0.0,0.915,31.6,1752249697408
0.0,0.0,0.78,31.6,1752249697810
0.0,0.0,0.853,31.6,1752249698221
0.0,0.0,0.832,31.6,1752249698626
0.0,0.0,0.832,31.6,1752249699026
0.0,0.0,0.947,31.6,1752249699433
0.0,0.0,0.947,31.6,1752249699837
0.0,0.0,1.019,31.6,1752249700253
0.0,0.0,1.103,31.6,1752249700658
0.0,0.0,1.196,31.6,1752249701067
0.0,0.0,1.175,31.6,1752249701879
0.0,0.0,1.28,31.6,1752249702312
0.0,0.0,1.259,31.6,1752249702723
0.0,0.0,1.217,31.6,1752249703138
0.0,0.0,1.228,31.6,1752249703599
0.0,0.0,1.186,31.6,1752249704012
0.0,0.0,1.155,31.6,1752249704894
0.0,0.0,1.092,31.6,1752249705356
0.0,0.0,1.134,31.6,1752249705810
0.0,0.0,1.092,31.6,1752249706249
0.0,0.0,1.103,31.6,1752249706675
0.0,0.0,1.051,31.6,1752249707105
0.0,0.0,1.051,31.6,1752249707563
0.0,0.0,1.04,31.6,1752249707991
0.0,0.0,1.04,31.6,1752249708432
0.0,0.0,1.082,31.6,1752249708860
31.708396911621094,-97.18875885009766,1.082,31.6,1752249709000
0.0,0.0,1.103,31.6,1752249709307
0.0,0.0,1.103,31.6,1752249709386
0.0,0.0,1.092,31.6,1752249709516
0.0,0.0,1.092,31.6,1752249709600
0.0,0.0,1.04,31.6,1752249709727
0.0,0.0,1.03,31.6,1752249709816
0.0,0.0,1.051,31.6,1752249709948
0.0,0.0,1.061,31.6,1752249710035
0.0,0.0,1.103,31.6,1752249710166
0.0,0.0,1.103,31.6,1752249710278
0.0,0.0,1.144,31.6,1752249710434
0.0,0.0,1.165,31.6,1752249710533
0.0,0.0,1.196,31.6,1752249710687
0.0,0.0,1.186,31.6,1752249710788
0.0,0.0,1.207,31.6,1752249710944
31.708398818969727,-97.18875122070312,1.248,31.6,1752249711000
0.0,0.0,1.248,31.6,1752249711045
0.0,0.0,1.3,31.6,1752249711580
0.0,0.0,1.311,31.6,1752249711681
0.0,0.0,1.269,31.6,1752249711838
0.0,0.0,1.259,31.6,1752249711920
0.0,0.0,1.248,31.6,1752249712048
0.0,0.0,1.29,31.6,1752249712131
0.0,0.0,1.228,31.6,1752249712287
0.0,0.0,1.217,31.6,1752249712388
0.0,0.0,1.155,31.6,1752249712544
0.0,0.0,1.186,31.6,1752249712644
0.0,0.0,1.186,31.6,1752249712801
0.0,0.0,1.165,31.6,1752249712900
0.0,0.0,1.144,31.6,1752249713056
0.0,0.0,1.155,31.6,1752249713542
0.0,0.0,1.175,31.6,1752249713699
0.0,0.0,1.238,31.6,1752249713801
0.0,0.0,1.248,31.6,1752249713932
31.70840072631836,-97.18875122070312,1.217,31.6,1752249714000
0.0,0.0,1.217,31.6,1752249714011
0.0,0.0,1.238,31.6,1752249714142
0.0,0.0,1.228,31.6,1752249714243
0.0,0.0,1.259,31.6,1752249714372
0.0,0.0,1.238,31.6,1752249714459
0.0,0.0,1.228,31.6,1752249714590
0.0,0.0,1.269,31.6,1752249714676
0.0,0.0,1.269,31.6,1752249714807
0.0,0.0,1.29,31.6,1752249714892
31.70840072631836,-97.1887435913086,1.28,31.6,1752249715000
0.0,0.0,1.28,31.6,1752249715029
0.0,0.0,1.217,31.6,1752249715113
0.0,0.0,1.207,31.6,1752249715275
0.0,0.0,1.228,31.6,1752249715376
0.0,0.0,1.238,31.6,1752249715533
0.0,0.0,1.269,31.6,1752249715635
0.0,0.0,1.259,31.6,1752249715796
0.0,0.0,1.29,31.6,1752249715897
0.0,0.0,1.311,31.6,1752249716409
0.0,0.0,1.311,31.6,1752249716522
0.0,0.0,1.321,31.6,1752249716683
0.0,0.0,1.311,31.6,1752249716783
0.0,0.0,1.332,31.6,1752249716941
0.0,0.0,1.373,31.6,1752249717042
0.0,0.0,1.404,31.6,1752249717204
0.0,0.0,1.404,31.6,1752249717317
0.0,0.0,1.404,31.6,1752249717840
0.0,0.0,1.415,31.6,1752249717944
31.70840072631836,-97.1887435913086,1.415,31.6,1752249718000
0.0,0.0,1.415,31.6,1752249718104
0.0,0.0,1.425,31.6,1752249718208
0.0,0.0,1.436,31.6,1752249718379
0.0,0.0,1.456,31.6,1752249718485
0.0,0.0,1.446,31.6,1752249718645
0.0,0.0,1.477,31.6,1752249718737
0.0,0.0,1.477,31.6,1752249718866
0.0,0.0,1.498,31.6,1752249718949
31.708404541015625,-97.1887435913086,1.498,31.6,1752249719000
0.0,0.0,1.498,31.6,1752249719087
0.0,0.0,1.519,31.6,1752249719178
0.0,0.0,1.529,31.6,1752249719336
0.0,0.0,1.529,31.6,1752249719438
0.0,0.0,1.55,31.6,1752249719599
0.0,0.0,1.55,31.6,1752249719702
0.0,0.0,1.571,31.6,1752249719863
0.0,0.0,1.571,31.6,1752249719964
0.0,0.0,1.592,31.6,1752249720494
0.0,0.0,1.592,31.6,1752249720606
0.0,0.0,1.602,31.6,1752249720770
0.0,0.0,1.592,31.6,1752249720873
0.0,0.0,1.602,31.6,1752249721034
0.0,0.0,1.602,31.6,1752249721134
0.0,0.0,1.602,31.6,1752249721309
0.0,0.0,1.623,31.6,1752249721410
0.0,0.0,1.623,31.6,1752249721941
31.708406448364258,-97.18873596191406,1.613,31.6,1752249722000
0.0,0.0,1.613,31.6,1752249722042
0.0,0.0,1.623,31.6,1752249722207
0.0,0.0,1.613,31.6,1752249722320
0.0,0.0,1.623,31.6,1752249722482
0.0,0.0,1.623,31.6,1752249722583
0.0,0.0,1.633,31.6,1752249722735
0.0,0.0,1.633,31.6,1752249722818
0.0,0.0,1.644,31.6,1752249722953
0.0,0.0,1.644,31.6,1752249723035
0.0,0.0,1.654,31.6,1752249723175
0.0,0.0,1.644,31.6,1752249723281
0.0,0.0,1.644,31.6,1752249723445
0.0,0.0,1.644,31.6,1752249723546
0.0,0.0,1.644,31.6,1752249723710
0.0,0.0,1.644,31.6,1752249723810
0.0,0.0,1.644,31.6,1752249723977
31.70840835571289,-97.18872833251953,1.644,31.6,1752249724000
0.0,0.0,1.654,31.6,1752249724443
0.0,0.0,1.644,31.6,1752249724619
0.0,0.0,1.654,31.6,1752249724719
0.0,0.0,1.644,31.6,1752249724891
0.0,0.0,1.654,31.6,1752249724977
0.0,0.0,1.644,31.6,1752249725111
0.0,0.0,1.644,31.6,1752249725207
0.0,0.0,1.644,31.6,1752249725363
0.0,0.0,1.633,31.6,1752249725463
0.0,0.0,1.644,31.6,1752249725627
0.0,0.0,1.623,31.6,1752249725730
0.0,0.0,1.633,31.6,1752249725895
0.0,0.0,1.623,31.6,1752249725995
0.0,0.0,1.623,31.6,1752249726529
0.0,0.0,1.613,31.6,1752249726641
0.0,0.0,1.623,31.6,1752249726807
0.0,0.0,1.602,31.6,1752249726892
31.708406448364258,-97.18872833251953,1.602,31.6,1752249727000
0.0,0.0,1.602,31.6,1752249727022
0.0,0.0,1.623,31.6,1752249727108
0.0,0.0,1.623,31.6,1752249727263
0.0,0.0,1.623,31.6,1752249727345
0.0,0.0,1.613,31.6,1752249727484
0.0,0.0,1.613,31.6,1752249727568
0.0,0.0,1.613,31.6,1752249727706
0.0,0.0,1.613,31.6,1752249727792
0.0,0.0,1.613,31.6,1752249727929
31.70840835571289,-97.188720703125,1.613,31.6,1752249728000
0.0,0.0,1.613,31.6,1752249728013
0.0,0.0,1.613,31.6,1752249728152
0.0,0.0,1.623,31.6,1752249728264
0.0,0.0,1.623,31.6,1752249728433
0.0,0.0,1.592,31.6,1752249728532
0.0,0.0,1.602,31.6,1752249728701
0.0,0.0,1.602,31.6,1752249728807
0.0,0.0,1.602,31.6,1752249728976
0.0,0.0,1.602,31.6,1752249729436
0.0,0.0,1.602,31.6,1752249729617
0.0,0.0,1.602,31.6,1752249729719
0.0,0.0,1.602,31.6,1752249729887
0.0,0.0,1.613,31.6,1752249729988
0.0,0.0,1.613,31.6,1752249730157
0.0,0.0,1.613,31.6,1752249730272
0.0,0.0,1.613,31.6,1752249730443
0.0,0.0,1.613,31.6,1752249730909
31.708410263061523,-97.188720703125,1.613,31.6,1752249731000
0.0,0.0,1.613,31.6,1752249731079
0.0,0.0,1.613,31.6,1752249731158
0.0,0.0,1.613,31.6,1752249731307
0.0,0.0,1.613,31.6,1752249731390
0.0,0.0,1.613,31.6,1752249731527
0.0,0.0,1.613,31.6,1752249731612
0.0,0.0,1.623,31.6,1752249731755
0.0,0.0,1.613,31.6,1752249731837
0.0,0.0,1.623,31.6,1752249731978
0.0,0.0,1.623,31.6,1752249732060
0.0,0.0,1.623,31.6,1752249732205
0.0,0.0,1.623,31.6,1752249732306
0.0,0.0,1.623,31.6,1752249732476
0.0,0.0,1.623,31.6,1752249732576
0.0,0.0,1.623,31.6,1752249732748
0.0,0.0,1.623,31.6,1752249732848
31.708412170410156,-97.18871307373047,1.623,31.6,1752249733000
0.0,0.0,1.623,31.6,1752249733019
0.0,0.0,1.623,31.6,1752249733487
0.0,0.0,1.623,31.6,1752249733683
0.0,0.0,1.623,31.6,1752249733784
0.0,0.0,1.633,31.6,1752249733924
0.0,0.0,1.633,31.6,1752249734008
0.0,0.0,1.633,31.6,1752249734147
0.0,0.0,1.633,31.6,1752249734250
0.0,0.0,1.633,31.6,1752249734424
0.0,0.0,1.633,31.6,1752249734524
0.0,0.0,1.633,31.6,1752249734697
0.0,0.0,1.633,31.6,1752249734798
0.0,0.0,1.623,31.6,1752249734971
31.70841407775879,-97.18870544433594,1.623,31.6,1752249735000
0.0,0.0,1.623,31.6,1752249735437
0.0,0.0,1.623,31.6,1752249735610
0.0,0.0,1.623,31.6,1752249735689
0.0,0.0,1.623,31.6,1752249735831
0.0,0.0,1.623,31.6,1752249735912
0.0,0.0,1.623,31.6,1752249736050
0.0,0.0,1.623,31.6,1752249736130
0.0,0.0,1.623,31.6,1752249736304
0.0,0.0,1.623,31.6,1752249736405
0.0,0.0,1.623,31.6,1752249736580
0.0,0.0,1.613,31.6,1752249736681
0.0,0.0,1.623,31.6,1752249736858
0.0,0.0,1.623,31.6,1752249736962
31.70841407775879,-97.18870544433594,1.623,31.6,1752249737000
0.0,0.0,1.623,31.6,1752249737495
0.0,0.0,1.623,31.6,1752249737581
0.0,0.0,1.623,31.6,1752249737723
0.0,0.0,1.623,31.6,1752249737804
0.0,0.0,1.613,31.6,1752249737948
0.0,0.0,1.613,31.6,1752249738029
0.0,0.0,1.613,31.6,1752249738175
0.0,0.0,1.613,31.6,1752249738277
0.0,0.0,1.613,31.6,1752249738453
0.0,0.0,1.613,31.6,1752249738553
0.0,0.0,1.592,31.6,1752249738732
0.0,0.0,1.592,31.6,1752249738833
0.0,0.0,1.592,31.6,1752249739012
0.0,0.0,1.592,31.6,1752249739474
0.0,0.0,1.592,31.6,1752249739622
0.0,0.0,1.592,31.6,1752249739701
0.0,0.0,1.592,31.6,1752249739838
0.0,0.0,1.592,31.6,1752249739921
31.70841407775879,-97.1886978149414,1.581,31.6,1752249740000
0.0,0.0,1.581,31.6,1752249740062
0.0,0.0,1.581,31.6,1752249740147
0.0,0.0,1.592,31.6,1752249740308
0.0,0.0,1.581,31.6,1752249740391
0.0,0.0,1.602,31.6,1752249740539
0.0,0.0,1.602,31.6,1752249740623
0.0,0.0,1.602,31.6,1752249740773
0.0,0.0,1.581,31.6,1752249740856
31.70841407775879,-97.1886978149414,1.55,31.6,1752249741000
0.0,0.0,1.55,31.6,1752249741002
0.0,0.0,1.54,31.6,1752249741089
0.0,0.0,1.529,31.6,1752249741266
0.0,0.0,1.529,31.6,1752249741374
0.0,0.0,1.519,31.6,1752249741559
0.0,0.0,1.509,31.6,1752249741664
0.0,0.0,1.477,31.6,1752249741849
0.0,0.0,1.467,31.6,1752249741960
0.0,0.0,1.415,31.6,1752249742488
0.0,0.0,1.394,31.6,1752249742570
0.0,0.0,1.352,31.6,1752249742740
0.0,0.0,1.352,31.6,1752249742846
0.0,0.0,1.352,31.6,1752249743033
0.0,0.0,1.332,31.6,1752249743141
0.0,0.0,1.332,31.6,1752249743339
0.0,0.0,1.311,31.6,1752249743885
0.0,0.0,1.29,31.6,1752249743987
31.70841407775879,-97.1886978149414,1.29,31.6,1752249744000
0.0,0.0,1.248,31.6,1752249744067
0.0,0.0,1.228,31.6,1752249744220
0.0,0.0,1.248,31.6,1752249744311
0.0,0.0,1.259,31.6,1752249744461
0.0,0.0,1.269,31.6,1752249744546
0.0,0.0,1.311,31.6,1752249744695
0.0,0.0,1.311,31.6,1752249744777
0.0,0.0,1.332,31.6,1752249744926
0.0,0.0,1.352,31.6,1752249745008
0.0,0.0,1.332,31.6,1752249745158
0.0,0.0,1.342,31.6,1752249745266
0.0,0.0,1.384,31.6,1752249745452
0.0,0.0,1.415,31.6,1752249745557
0.0,0.0,1.415,31.6,1752249745745
0.0,0.0,1.384,31.6,1752249745849
0.0,0.0,1.352,31.6,1752249746036
0.0,0.0,1.352,31.6,1752249746472
0.0,0.0,1.3,31.6,1752249746613
0.0,0.0,1.269,31.6,1752249746695
0.0,0.0,1.217,31.6,1752249746836
0.0,0.0,1.165,31.6,1752249746916
0.0,0.0,1.144,31.6,1752249747064
0.0,0.0,1.123,31.6,1752249747146
0.0,0.0,1.092,31.6,1752249747313
0.0,0.0,1.04,31.6,1752249747394
0.0,0.0,1.03,31.6,1752249747543
0.0,0.0,1.03,31.6,1752249747624
0.0,0.0,1.019,31.6,1752249747774
0.0,0.0,0.967,31.6,1752249747855
0.0,0.0,0.967,31.6,1752249748000
31.708415985107422,-97.18869018554688,0.967,31.6,1752249748000
0.0,0.0,0.967,31.6,1752249748083
0.0,0.0,0.999,31.6,1752249748243
0.0,0.0,0.999,31.6,1752249748332
0.0,0.0,1.009,31.6,1752249748474
0.0,0.0,1.009,31.6,1752249748557
0.0,0.0,1.009,31.6,1752249748699
0.0,0.0,1.009,31.6,1752249748781
0.0,0.0,1.019,31.6,1752249748928
0.0,0.0,1.009,31.6,1752249749009
0.0,0.0,1.019,31.6,1752249749152
0.0,0.0,1.04,31.6,1752249749259
0.0,0.0,1.061,31.6,1752249749446
0.0,0.0,1.051,31.6,1752249749552
0.0,0.0,1.051,31.6,1752249749741
0.0,0.0,1.061,31.6,1752249749847
31.708415985107422,-97.18869018554688,1.092,31.6,1752249750000
0.0,0.0,1.092,31.6,1752249750035
0.0,0.0,1.092,31.6,1752249750484
0.0,0.0,1.144,31.6,1752249750623
0.0,0.0,1.113,31.6,1752249750706
0.0,0.0,1.103,31.6,1752249750852
0.0,0.0,1.123,31.6,1752249750934
0.0,0.0,1.092,31.6,1752249751081
0.0,0.0,1.092,31.6,1752249751169
0.0,0.0,1.071,31.6,1752249751339
0.0,0.0,1.051,31.6,1752249751447
0.0,0.0,0.999,31.6,1752249751635
0.0,0.0,0.957,31.6,1752249751743
0.0,0.0,0.926,31.6,1752249751929
0.0,0.0,0.895,31.6,1752249752037
0.0,0.0,0.842,31.6,1752249752533
0.0,0.0,0.842,31.6,1752249752605
0.0,0.0,0.832,31.6,1752249752749
0.0,0.0,0.79,31.6,1752249752827
0.0,0.0,0.79,31.6,1752249752963
0.0,0.0,0.79,31.6,1752249753046
0.0,0.0,0.79,31.6,1752249753186
0.0,0.0,0.801,31.6,1752249753275
0.0,0.0,0.832,31.6,1752249753412
0.0,0.0,0.842,31.6,1752249753491
0.0,0.0,0.884,31.6,1752249753631
0.0,0.0,0.905,31.6,1752249753709
0.0,0.0,0.926,31.6,1752249753844
0.0,0.0,0.905,31.6,1752249753926
31.708417892456055,-97.18868255615234,0.926,31.6,1752249754000
0.0,0.0,0.926,31.6,1752249754063
0.0,0.0,0.936,31.6,1752249754146
0.0,0.0,0.936,31.6,1752249754298
0.0,0.0,0.936,31.6,1752249754379
0.0,0.0,0.936,31.6,1752249754516
0.0,0.0,0.936,31.6,1752249754595
0.0,0.0,0.926,31.6,1752249754731
0.0,0.0,0.978,31.6,1752249754811
0.0,0.0,0.967,31.6,1752249754946
31.708419799804688,-97.18867492675781,0.947,31.6,1752249755000
0.0,0.0,0.947,31.6,1752249755028
0.0,0.0,0.926,31.6,1752249755163
0.0,0.0,0.915,31.6,1752249755269
0.0,0.0,0.905,31.6,1752249755442
0.0,0.0,0.895,31.6,1752249755546
0.0,0.0,0.895,31.6,1752249755723
0.0,0.0,0.874,31.6,1752249755827
0.0,0.0,0.884,31.6,1752249756005
0.0,0.0,0.884,31.6,1752249756437
0.0,0.0,0.863,31.6,1752249756579
0.0,0.0,0.822,31.6,1752249756682
0.0,0.0,0.811,31.6,1752249756854
0.0,0.0,0.811,31.6,1752249756955
0.0,0.0,0.842,31.6,1752249757126
0.0,0.0,0.853,31.6,1752249757242
0.0,0.0,0.842,31.6,1752249757709
0.0,0.0,0.853,31.6,1752249757785
0.0,0.0,0.874,31.6,1752249757909
0.0,0.0,0.884,31.6,1752249757982
31.708419799804688,-97.18867492675781,0.884,31.6,1752249758000
0.0,0.0,0.853,31.6,1752249758114
0.0,0.0,0.842,31.6,1752249758206
0.0,0.0,0.853,31.6,1752249758347
0.0,0.0,0.853,31.6,1752249758428
0.0,0.0,0.863,31.6,1752249758564
0.0,0.0,0.863,31.6,1752249758645
0.0,0.0,0.853,31.6,1752249758781
0.0,0.0,0.853,31.6,1752249758861
0.0,0.0,0.863,31.6,1752249758962
31.708419799804688,-97.18867492675781,0.863,31.6,1752249759000
0.0,0.0,0.853,31.6,1752249759044
0.0,0.0,0.832,31.6,1752249759182
0.0,0.0,0.822,31.6,1752249759279
0.0,0.0,0.842,31.6,1752249759448
0.0,0.0,0.853,31.6,1752249759549
0.0,0.0,0.874,31.6,1752249759672
0.0,0.0,0.905,31.6,1752249759774
0.0,0.0,0.905,31.6,1752249759946
0.0,0.0,0.926,31.6,1752249760047
0.0,0.0,0.947,31.6,1752249760501
0.0,0.0,0.967,31.6,1752249760894
0.0,0.0,0.978,31.6,1752249760987
0.0,0.0,0.978,31.6,1752249761157
0.0,0.0,0.978,31.6,1752249761353
0.0,0.0,0.957,31.6,1752249761764
0.0,0.0,0.947,31.6,1752249761836
0.0,0.0,0.947,31.6,1752249761956
0.0,0.0,0.947,31.6,1752249761994
31.708419799804688,-97.18866729736328,0.947,31.6,1752249762000
0.0,0.0,0.915,31.6,1752249762091
0.0,0.0,0.905,31.6,1752249762224
0.0,0.0,0.895,31.6,1752249762309
0.0,0.0,0.874,31.6,1752249762435
0.0,0.0,0.832,31.6,1752249762513
0.0,0.0,0.79,31.6,1752249762639
0.0,0.0,0.759,31.6,1752249762717
0.0,0.0,0.77,31.6,1752249762850
0.0,0.0,0.79,31.6,1752249762931
31.708419799804688,-97.18865966796875,0.78,31.6,1752249763000
0.0,0.0,0.78,31.6,1752249763053
0.0,0.0,0.749,31.6,1752249763130
0.0,0.0,0.718,31.6,1752249763285
0.0,0.0,0.738,31.6,1752249763389
0.0,0.0,0.728,31.6,1752249763555
0.0,0.0,0.728,31.6,1752249763662
0.0,0.0,0.707,31.6,1752249763826
0.0,0.0,0.749,31.6,1752249763927
0.0,0.0,0.759,31.6,1752249764392
0.0,0.0,0.759,31.6,1752249764472
0.0,0.0,0.738,31.6,1752249764600
0.0,0.0,0.707,31.6,1752249764702
0.0,0.0,0.697,31.6,1752249764867
0.0,0.0,0.707,31.6,1752249764969
31.708419799804688,-97.18865966796875,0.707,31.6,1752249765000
0.0,0.0,0.707,31.6,1752249765133
0.0,0.0,0.666,31.6,1752249765248
0.0,0.0,0.666,31.6,1752249765328
0.0,0.0,0.645,31.6,1752249765707
0.0,0.0,0.666,31.6,1752249765767
0.0,0.0,0.645,31.6,1752249765808
0.0,0.0,0.624,31.6,1752249765868
0.0,0.0,0.624,31.6,1752249765956
31.708419799804688,-97.18865966796875,0.614,31.6,1752249766000
0.0,0.0,0.614,31.6,1752249766018
0.0,0.0,0.634,31.6,1752249766058
0.0,0.0,0.634,31.6,1752249766119
0.0,0.0,0.634,31.6,1752249766205
0.0,0.0,0.634,31.6,1752249766292
0.0,0.0,0.634,31.6,1752249766378
0.0,0.0,0.634,31.6,1752249766432
0.0,0.0,0.645,31.6,1752249766515
0.0,0.0,0.645,31.6,1752249766632
0.0,0.0,0.645,31.6,1752249766720
0.0,0.0,0.655,31.6,1752249766805
0.0,0.0,0.686,31.6,1752249767034
0.0,0.0,0.718,31.6,1752249767364
0.0,0.0,0.718,31.6,1752249767427
0.0,0.0,0.728,31.6,1752249767539
0.0,0.0,0.749,31.6,1752249767625
0.0,0.0,0.77,31.6,1752249767756
0.0,0.0,0.77,31.6,1752249767921
31.708419799804688,-97.18865203857422,0.749,31.6,1752249768000
0.0,0.0,0.749,31.6,1752249768022
0.0,0.0,0.759,31.6,1752249768187
0.0,0.0,0.759,31.6,1752249768598
0.0,0.0,0.759,31.6,1752249768717
0.0,0.0,0.77,31.6,1752249768788
0.0,0.0,0.759,31.6,1752249768907
0.0,0.0,0.759,31.6,1752249768982
0.0,0.0,0.759,31.6,1752249769101
0.0,0.0,0.759,31.6,1752249769175
0.0,0.0,0.749,31.6,1752249769320
0.0,0.0,0.759,31.6,1752249769420
0.0,0.0,0.822,31.6,1752249769500
0.0,0.0,0.905,31.6,1752249769584
0.0,0.0,0.926,31.6,1752249769669
0.0,0.0,0.936,31.6,1752249769725
0.0,0.0,0.967,31.6,1752249769807
0.0,0.0,0.947,31.6,1752249769928
0.0,0.0,0.957,31.6,1752249770105
0.0,0.0,0.936,31.6,1752249770475
0.0,0.0,0.926,31.6,1752249770590
0.0,0.0,0.905,31.6,1752249770662
0.0,0.0,0.926,31.6,1752249770726
0.0,0.0,0.915,31.6,1752249770825
0.0,0.0,0.874,31.6,1752249770949
0.0,0.0,0.822,31.6,1752249770990
31.70842170715332,-97.18864440917969,0.822,31.6,1752249771000
0.0,0.0,0.78,31.6,1752249771089
0.0,0.0,0.749,31.6,1752249771224
0.0,0.0,0.728,31.6,1752249771304
0.0,0.0,0.728,31.6,1752249771429
0.0,0.0,0.697,31.6,1752249771507
0.0,0.0,0.718,31.6,1752249771570
0.0,0.0,0.718,31.6,1752249771626
0.0,0.0,0.728,31.6,1752249771732
0.0,0.0,0.718,31.6,1752249771857
0.0,0.0,0.728,31.6,1752249771934
0.0,0.0,0.697,31.6,1752249772058
0.0,0.0,0.707,31.6,1752249772130
0.0,0.0,0.728,31.6,1752249772288
0.0,0.0,0.759,31.6,1752249772389
0.0,0.0,0.759,31.6,1752249772551
0.0,0.0,0.77,31.6,1752249772786
0.0,0.0,0.801,31.6,1752249772877
31.70842170715332,-97.18863677978516,0.801,31.6,1752249773000
0.0,0.0,0.801,31.6,1752249773041
0.0,0.0,0.79,31.6,1752249773424
0.0,0.0,0.79,31.6,1752249773541
0.0,0.0,0.801,31.6,1752249773615
0.0,0.0,0.801,31.6,1752249773732
0.0,0.0,0.832,31.6,1752249773806
0.0,0.0,0.863,31.6,1752249773923
0.0,0.0,0.874,31.6,1752249773996
0.0,0.0,0.863,31.6,1752249774114
0.0,0.0,0.884,31.6,1752249774204
0.0,0.0,0.884,31.6,1752249774349
0.0,0.0,0.874,31.6,1752249774450
0.0,0.0,0.895,31.6,1752249774615
0.0,0.0,0.874,31.6,1752249774715
0.0,0.0,0.874,31.6,1752249775448
0.0,0.0,0.874,31.6,1752249775544
0.0,0.0,0.884,31.6,1752249775663
0.0,0.0,0.895,31.6,1752249775734
0.0,0.0,0.905,31.6,1752249775792
0.0,0.0,0.905,31.6,1752249775852
0.0,0.0,0.895,31.6,1752249775952
31.70842170715332,-97.18862915039062,0.895,31.6,1752249776000
0.0,0.0,0.884,31.6,1752249776070
0.0,0.0,0.884,31.6,1752249776142
0.0,0.0,0.884,31.6,1752249776268
0.0,0.0,0.874,31.6,1752249776341
0.0,0.0,0.853,31.6,1752249776403
0.0,0.0,0.822,31.6,1752249776497
0.0,0.0,0.811,31.6,1752249776617
0.0,0.0,0.822,31.6,1752249776690
0.0,0.0,0.801,31.6,1752249776754
0.0,0.0,0.801,31.6,1752249776880
0.0,0.0,0.79,31.6,1752249776958
0.0,0.0,0.811,31.6,1752249777084
0.0,0.0,0.801,31.6,1752249777171
0.0,0.0,0.801,31.6,1752249777321
0.0,0.0,0.822,31.6,1752249777423
0.0,0.0,0.832,31.6,1752249777587
0.0,0.0,0.863,31.6,1752249777687
0.0,0.0,0.895,31.6,1752249777850
0.0,0.0,0.915,31.6,1752249777951
31.70842170715332,-97.1886215209961,0.915,31.6,1752249778000
0.0,0.0,0.905,31.6,1752249778388
0.0,0.0,0.915,31.6,1752249778434
0.0,0.0,0.936,31.6,1752249778528
0.0,0.0,0.936,31.6,1752249778649
0.0,0.0,0.926,31.6,1752249778721
0.0,0.0,0.947,31.6,1752249778782
0.0,0.0,0.947,31.6,1752249778876
0.0,0.0,0.967,31.6,1752249778936
0.0,0.0,0.978,31.6,1752249779031
0.0,0.0,0.957,31.6,1752249779148
0.0,0.0,0.947,31.6,1752249779247
0.0,0.0,0.978,31.6,1752249779334
0.0,0.0,0.999,31.6,1752249779469
0.0,0.0,0.988,31.6,1752249779637
0.0,0.0,0.947,31.6,1752249779738
0.0,0.0,0.967,31.6,1752249779905
0.0,0.0,0.936,31.6,1752249780006
0.0,0.0,0.915,31.6,1752249780426
0.0,0.0,0.905,31.6,1752249780498
0.0,0.0,0.884,31.6,1752249780615
0.0,0.0,0.863,31.6,1752249780687
0.0,0.0,0.842,31.6,1752249780805
0.0,0.0,0.832,31.6,1752249780877
0.0,0.0,0.78,31.6,1752249780994
31.708423614501953,-97.18861389160156,0.78,31.6,1752249781000
0.0,0.0,0.759,31.6,1752249781066
0.0,0.0,0.77,31.6,1752249781186
0.0,0.0,0.801,31.6,1752249781265
0.0,0.0,0.77,31.6,1752249781381
0.0,0.0,0.78,31.6,1752249781453
0.0,0.0,0.79,31.6,1752249781574
0.0,0.0,0.79,31.6,1752249781645
0.0,0.0,0.811,31.6,1752249781766
0.0,0.0,0.801,31.6,1752249781841
0.0,0.0,0.801,31.6,1752249781959
0.0,0.0,0.79,31.6,1752249782034
0.0,0.0,0.811,31.6,1752249782154
0.0,0.0,0.811,31.6,1752249782250
0.0,0.0,0.811,31.6,1752249782414
0.0,0.0,0.811,31.6,1752249782517
0.0,0.0,0.822,31.6,1752249782682
0.0,0.0,0.811,31.6,1752249782782
0.0,0.0,0.801,31.6,1752249782946
31.708423614501953,-97.18860626220703,0.801,31.6,1752249783000
0.0,0.0,0.78,31.6,1752249783319
0.0,0.0,0.78,31.6,1752249783443
0.0,0.0,0.78,31.6,1752249783515
0.0,0.0,0.78,31.6,1752249783631
0.0,0.0,0.801,31.6,1752249783705
0.0,0.0,0.79,31.6,1752249783822
0.0,0.0,0.79,31.6,1752249783894
0.0,0.0,0.79,31.6,1752249784012
0.0,0.0,0.801,31.6,1752249784084
0.0,0.0,0.79,31.6,1752249784214
0.0,0.0,0.77,31.6,1752249784325
0.0,0.0,0.79,31.6,1752249784488
0.0,0.0,0.801,31.6,1752249784588
0.0,0.0,0.811,31.6,1752249784752
0.0,0.0,0.811,31.6,1752249784852
31.708425521850586,-97.18860626220703,0.811,31.6,1752249785000
0.0,0.0,0.801,31.6,1752249785279
0.0,0.0,0.78,31.6,1752249785359
0.0,0.0,0.77,31.6,1752249785476
0.0,0.0,0.77,31.6,1752249785547
0.0,0.0,0.77,31.6,1752249785667
0.0,0.0,0.77,31.6,1752249785739
0.0,0.0,0.79,31.6,1752249785856
0.0,0.0,0.842,31.6,1752249785927
0.0,0.0,0.853,31.6,1752249786044
0.0,0.0,0.842,31.6,1752249786116
0.0,0.0,0.832,31.6,1752249786254
0.0,0.0,0.853,31.6,1752249786355
0.0,0.0,0.874,31.6,1752249786518
0.0,0.0,0.936,31.6,1752249786619
0.0,0.0,0.988,31.6,1752249786693
0.0,0.0,0.999,31.6,1752249786863
0.0,0.0,0.999,31.6,1752249786961
0.0,0.0,0.988,31.6,1752249787366
0.0,0.0,0.988,31.6,1752249787437
0.0,0.0,0.936,31.6,1752249787556
0.0,0.0,0.947,31.6,1752249787630
0.0,0.0,0.926,31.6,1752249787752
0.0,0.0,0.957,31.6,1752249787826
0.0,0.0,0.926,31.6,1752249787949
31.70842742919922,-97.18859100341797,0.884,31.6,1752249788000
0.0,0.0,0.884,31.6,1752249788024
0.0,0.0,0.811,31.6,1752249788142
0.0,0.0,0.749,31.6,1752249788189
0.0,0.0,0.738,31.6,1752249788294
0.0,0.0,0.728,31.6,1752249788359
0.0,0.0,0.718,31.6,1752249788418
0.0,0.0,0.718,31.6,1752249788457
0.0,0.0,0.718,31.6,1752249788519
0.0,0.0,0.686,31.6,1752249788604
0.0,0.0,0.718,31.6,1752249788671
0.0,0.0,0.676,31.6,1752249788711
0.0,0.0,0.697,31.6,1752249788774
0.0,0.0,0.697,31.6,1752249788860
0.0,0.0,0.738,31.6,1752249788923
0.0,0.0,0.78,31.6,1752249788962
31.70842933654785,-97.18858337402344,0.759,31.6,1752249789000
0.0,0.0,0.759,31.6,1752249789025
0.0,0.0,0.738,31.6,1752249789111
0.0,0.0,0.749,31.6,1752249789174
0.0,0.0,0.728,31.6,1752249789224
0.0,0.0,0.728,31.6,1752249789308
0.0,0.0,0.749,31.6,1752249789424
0.0,0.0,0.707,31.6,1752249789509
0.0,0.0,0.707,31.6,1752249789563
0.0,0.0,0.718,31.6,1752249789644
0.0,0.0,0.718,31.6,1752249789767
0.0,0.0,0.728,31.6,1752249789857
0.0,0.0,0.707,31.6,1752249789938
0.0,0.0,0.738,31.6,1752249789993
31.70842742919922,-97.18858337402344,0.738,31.6,1752249790000
0.0,0.0,0.738,31.6,1752249790723
0.0,0.0,0.728,31.6,1752249790843
0.0,0.0,0.728,31.6,1752249790897
0.0,0.0,0.738,31.6,1752249790944
0.0,0.0,0.749,31.6,1752249791024
0.0,0.0,0.759,31.6,1752249791230
0.0,0.0,0.749,31.6,1752249791295
0.0,0.0,0.728,31.6,1752249791344
0.0,0.0,0.707,31.6,1752249791449
0.0,0.0,0.749,31.6,1752249791955
31.70842742919922,-97.1885757446289,0.749,31.6,1752249792000
0.0,0.0,0.759,31.6,1752249792055
0.0,0.0,0.718,31.6,1752249792139
0.0,0.0,0.738,31.6,1752249792225
0.0,0.0,0.749,31.6,1752249792341
0.0,0.0,0.728,31.6,1752249792602
0.0,0.0,0.759,31.6,1752249792664
0.0,0.0,0.738,31.6,1752249792748
0.0,0.0,0.728,31.6,1752249792809
0.0,0.0,0.718,31.6,1752249792848
0.0,0.0,0.728,31.6,1752249792910
0.0,0.0,0.728,31.6,1752249792993
31.70842742919922,-97.18856811523438,0.728,31.6,1752249793000
31.70842742919922,-97.18856811523438,0.728,31.6,1752249793000
0.0,0.0,0.686,31.6,1752249793052
0.0,0.0,0.666,31.6,1752249793090
0.0,0.0,0.676,31.6,1752249793151
0.0,0.0,0.645,31.6,1752249793241
0.0,0.0,0.634,31.6,1752249793310
0.0,0.0,0.645,31.6,1752249793375
0.0,0.0,0.614,31.6,1752249793429
0.0,0.0,0.624,31.6,1752249793629
0.0,0.0,0.624,31.6,1752249793689
0.0,0.0,0.624,31.6,1752249793764
0.0,0.0,18.566,31.6,1752249824619
0.0,0.0,18.545,31.6,1752249824954
0.0,0.0,18.451,31.6,1752249825299
0.0,0.0,18.285,31.6,1752249827833
0.0,0.0,18.066,31.6,1752249828689
0.0,0.0,17.868,31.6,1752249829062
0.0,0.0,16.619,31.6,1752249829727
0.0,0.0,15.371,31.6,1752249829794
0.0,0.0,14.132,31.6,1752249829870
0.0,0.0,12.883,31.6,1752249829949
0.0,0.0,11.635,31.6,1752249830026
0.0,0.0,10.396,31.6,1752249830110
0.0,0.0,9.158,31.4,1752249830198
0.0,0.0,7.93,31.4,1752249830267
0.0,0.0,7.43,31.4,1752249830370
0.0,0.0,6.389,31.4,1752249831109
0.0,0.0,5.39,31.4,1752249831213
0.0,0.0,4.402,31.4,1752249831284
0.0,0.0,5.005,31.4,1752249831349
0.0,0.0,5.598,31.4,1752249831419
0.0,0.0,6.108,31.4,1752249831453
0.0,0.0,6.598,31.4,1752249831602
0.0,0.0,7.107,31.4,1752249831653
0.0,0.0,7.524,31.4,1752249831747
0.0,0.0,7.982,31.4,1752249831844
0.0,0.0,8.429,31.4,1752249831974
0.0,0.0,7.971,31.4,1752249832062
0.0,0.0,8.346,31.4,1752249832193
0.0,0.0,8.44,31.4,1752249832293
0.0,0.0,8.679,31.4,1752249832423
0.0,0.0,7.794,31.4,1752249832467
0.0,0.0,6.951,31.4,1752249832587
0.0,0.0,6.16,31.4,1752249832664
0.0,0.0,5.401,31.4,1752249832783
0.0,0.0,4.714,31.4,1752249832827
0.0,0.0,4.131,31.4,1752249832913
0.0,0.0,3.559,31.4,1752249832958
0.0,0.0,2.976,31.4,1752249833055
0.0,0.0,3.361,31.4,1752249833116
0.0,0.0,3.205,31.4,1752249833190
0.0,0.0,3.33,31.4,1752249833261
0.0,0.0,3.319,31.4,1752249833350
0.0,0.0,3.6,31.4,1752249833442
0.0,0.0,3.861,31.4,1752249833568
0.0,0.0,4.079,31.4,1752249833652
0.0,0.0,4.266,31.4,1752249833736
0.0,0.0,4.183,31.4,1752249833781
0.0,0.0,4.298,31.4,1752249833835
0.0,0.0,4.433,31.4,1752249833897
0.0,0.0,4.547,31.4,1752249833984
0.0,0.0,4.391,31.4,1752249834070
0.0,0.0,4.339,31.4,1752249834202
0.0,0.0,4.183,31.4,1752249834288
0.0,0.0,4.1,31.4,1752249834412
0.0,0.0,3.954,31.4,1752249834469
0.0,0.0,3.881,31.4,1752249834567
0.0,0.0,3.819,31.4,1752249834581
0.0,0.0,3.756,31.2,1752249834701
0.0,0.0,3.756,31.2,1752249834761
0.0,0.0,3.663,31.2,1752249834888
0.0,0.0,3.725,31.2,1752249834978
31.70838737487793,-97.18883514404297,3.725,31.2,1752249835000
0.0,0.0,3.725,31.2,1752249835106
0.0,0.0,3.777,31.2,1752249835213
0.0,0.0,3.808,31.2,1752249835347
0.0,0.0,3.808,31.2,1752249835435
0.0,0.0,3.84,31.2,1752249835555
0.0,0.0,3.861,31.2,1752249835641
0.0,0.0,3.84,31.2,1752249835759
0.0,0.0,3.829,31.2,1752249835843
0.0,0.0,3.788,31.2,1752249835968
0.0,0.0,3.767,31.2,1752249836052
0.0,0.0,3.788,31.2,1752249836181
0.0,0.0,3.767,31.2,1752249836288
0.0,0.0,3.767,31.2,1752249836457
0.0,0.0,3.704,31.2,1752249836567
0.0,0.0,3.632,31.2,1752249836730
0.0,0.0,3.632,31.2,1752249836841
31.708389282226562,-97.18883514404297,3.611,31.2,1752249837000
0.0,0.0,3.611,31.2,1752249837009
0.0,0.0,3.6,31.2,1752249837403
0.0,0.0,3.6,31.2,1752249837527
0.0,0.0,3.58,31.2,1752249837605
0.0,0.0,3.559,31.2,1752249837721
0.0,0.0,3.527,31.2,1752249837796
0.0,0.0,3.496,31.2,1752249837911
0.0,0.0,3.496,31.2,1752249837990
31.708389282226562,-97.1888427734375,3.496,31.2,1752249838000
0.0,0.0,3.444,31.2,1752249838110
0.0,0.0,3.434,31.2,1752249838205
0.0,0.0,3.444,31.2,1752249838346
0.0,0.0,3.444,31.2,1752249838456
0.0,0.0,3.403,31.2,1752249838618
0.0,0.0,3.34,31.2,1752249838724
0.0,0.0,3.319,31.2,1752249838889
0.0,0.0,3.309,31.2,1752249839001
0.0,0.0,3.351,31.2,1752249839440
0.0,0.0,3.34,31.2,1752249839523
0.0,0.0,3.299,31.2,1752249839679
0.0,0.0,3.319,31.2,1752249839786
0.0,0.0,3.351,31.2,1752249839953
0.0,0.0,3.34,31.2,1752249840059
0.0,0.0,3.319,31.2,1752249840226
0.0,0.0,3.246,31.2,1752249840616
0.0,0.0,3.299,31.2,1752249840731
0.0,0.0,3.278,31.2,1752249840808
0.0,0.0,3.246,31.2,1752249840923
0.0,0.0,3.194,31.2,1752249841000
31.708389282226562,-97.18883514404297,3.194,31.2,1752249841000
0.0,0.0,3.132,31.2,1752249841116
0.0,0.0,3.111,31.2,1752249841212
0.0,0.0,3.101,31.2,1752249841337
0.0,0.0,3.038,31.2,1752249841417
0.0,0.0,2.986,31.2,1752249841540
0.0,0.0,2.945,31.2,1752249841624
0.0,0.0,2.924,31.2,1752249841745
0.0,0.0,2.913,31.2,1752249841826
31.708391189575195,-97.1888427734375,2.841,31.2,1752249842000
0.0,0.0,2.841,31.2,1752249842030
0.0,0.0,2.809,31.2,1752249842100
0.0,0.0,2.778,31.2,1752249842252
0.0,0.0,2.768,31.2,1752249842361
0.0,0.0,2.747,31.2,1752249842526
0.0,0.0,2.716,31.2,1752249842632
0.0,0.0,2.685,31.2,1752249842798
0.0,0.0,2.653,31.2,1752249842909
0.0,0.0,2.632,31.2,1752249843347
0.0,0.0,2.612,31.2,1752249843431
0.0,0.0,2.591,31.2,1752249843563
0.0,0.0,2.539,31.2,1752249843673
0.0,0.0,2.508,31.2,1752249843837
0.0,0.0,2.476,31.2,1752249843951
0.0,0.0,2.456,31.2,1752249844116
0.0,0.0,2.372,31.2,1752249844237
0.0,0.0,2.341,31.2,1752249844690
0.0,0.0,2.299,31.2,1752249844769
0.0,0.0,2.258,31.2,1752249844886
0.0,0.0,2.216,31.2,1752249844963
31.708393096923828,-97.1888427734375,2.216,31.2,1752249845000
0.0,0.0,2.185,31.2,1752249845081
0.0,0.0,2.154,31.2,1752249845233
0.0,0.0,2.123,31.2,1752249845306
0.0,0.0,2.102,31.2,1752249845432
0.0,0.0,2.07,31.2,1752249845513
0.0,0.0,2.06,31.2,1752249845635
0.0,0.0,2.039,31.2,1752249845715
0.0,0.0,2.029,31.2,1752249845837
0.0,0.0,2.018,31.2,1752249845920
31.708393096923828,-97.1888427734375,2.008,31.2,1752249846000
0.0,0.0,2.008,31.2,1752249846044
0.0,0.0,2.018,31.2,1752249846127
0.0,0.0,2.008,31.2,1752249846284
0.0,0.0,1.998,31.2,1752249846392
0.0,0.0,1.987,31.2,1752249846556
0.0,0.0,1.966,31.2,1752249846669
0.0,0.0,1.946,31.2,1752249846833
0.0,0.0,1.935,31.2,1752249846940
0.0,0.0,1.925,31.2,1752249847407
0.0,0.0,1.935,31.2,1752249847493
0.0,0.0,1.935,31.2,1752249847623
0.0,0.0,1.925,31.2,1752249847729
0.0,0.0,1.914,31.2,1752249847892
0.0,0.0,1.894,31.2,1752249847999
31.708393096923828,-97.1888427734375,1.894,31.2,1752249848000
0.0,0.0,1.883,31.2,1752249848161
0.0,0.0,1.873,31.2,1752249848282
0.0,0.0,1.883,31.2,1752249848740
0.0,0.0,1.904,31.2,1752249848817
0.0,0.0,1.904,31.2,1752249848932
0.0,0.0,1.904,31.2,1752249849012
0.0,0.0,1.914,31.2,1752249849128
0.0,0.0,1.904,31.2,1752249849233
0.0,0.0,1.894,31.2,1752249849395
0.0,0.0,1.914,31.2,1752249849505
0.0,0.0,1.904,31.2,1752249849667
0.0,0.0,1.914,31.2,1752249849774
0.0,0.0,1.904,31.2,1752249849937
31.708393096923828,-97.1888427734375,1.904,31.2,1752249850000
0.0,0.0,1.904,31.2,1752249850357
0.0,0.0,1.904,31.2,1752249850480
0.0,0.0,1.883,31.2,1752249850556
0.0,0.0,1.894,31.2,1752249850672
0.0,0.0,1.894,31.2,1752249850754
0.0,0.0,1.883,31.2,1752249850876
0.0,0.0,1.873,31.2,1752249850958
0.0,0.0,1.873,31.2,1752249851083
0.0,0.0,1.873,31.2,1752249851168
0.0,0.0,1.852,31.2,1752249851312
0.0,0.0,1.842,31.2,1752249851419
0.0,0.0,1.842,31.2,1752249851582
0.0,0.0,1.842,31.2,1752249851689
0.0,0.0,1.842,31.2,1752249851852
0.0,0.0,1.842,31.2,1752249851960
31.70839500427246,-97.18883514404297,1.842,31.2,1752249852000
0.0,0.0,1.831,31.2,1752249852411
0.0,0.0,1.831,31.2,1752249852495
0.0,0.0,1.821,31.2,1752249852611
0.0,0.0,1.831,31.2,1752249852689
0.0,0.0,1.831,31.2,1752249852809
0.0,0.0,1.831,31.2,1752249852885
0.0,0.0,1.852,31.2,1752249853002
0.0,0.0,1.842,31.2,1752249853083
0.0,0.0,1.831,31.2,1752249853231
0.0,0.0,1.831,31.2,1752249853350
0.0,0.0,1.821,31.2,1752249853514
0.0,0.0,1.8,31.2,1752249853620
0.0,0.0,1.8,31.2,1752249853783
0.0,0.0,1.81,31.2,1752249853890
31.70839500427246,-97.18882751464844,1.81,31.2,1752249854000
0.0,0.0,1.8,31.2,1752249854344
0.0,0.0,1.79,31.2,1752249854429
0.0,0.0,1.779,31.2,1752249854544
0.0,0.0,1.769,31.2,1752249854622
0.0,0.0,1.748,31.2,1752249854741
0.0,0.0,1.748,31.2,1752249854822
0.0,0.0,1.737,31.2,1752249854946
0.0,0.0,1.727,31.2,1752249855026
0.0,0.0,1.717,31.2,1752249855145
0.0,0.0,1.717,31.2,1752249855255
0.0,0.0,1.706,31.2,1752249855419
0.0,0.0,1.696,31.2,1752249855526
0.0,0.0,1.706,31.2,1752249855687
0.0,0.0,1.696,31.2,1752249855793
0.0,0.0,1.717,31.2,1752249855955
31.70839500427246,-97.18882751464844,1.717,31.2,1752249856000
0.0,0.0,1.717,31.2,1752249856360
0.0,0.0,1.717,31.2,1752249856483
0.0,0.0,1.706,31.2,1752249856560
0.0,0.0,1.696,31.2,1752249856684
0.0,0.0,1.706,31.2,1752249856767
0.0,0.0,1.706,31.2,1752249856891
0.0,0.0,1.706,31.2,1752249856977
0.0,0.0,1.696,31.2,1752249857100
0.0,0.0,1.696,31.2,1752249857190
0.0,0.0,1.696,31.2,1752249857333
0.0,0.0,1.696,31.2,1752249857442
0.0,0.0,1.675,31.2,1752249857605
0.0,0.0,1.665,31.2,1752249857712
0.0,0.0,1.665,31.2,1752249857874
0.0,0.0,1.665,31.2,1752249857982
31.708391189575195,-97.1888198852539,1.665,31.2,1752249858000
0.0,0.0,1.675,31.2,1752249858458
0.0,0.0,1.665,31.2,1752249858542
0.0,0.0,1.665,31.2,1752249858661
0.0,0.0,1.654,31.2,1752249858744
0.0,0.0,1.654,31.2,1752249858867
0.0,0.0,1.665,31.2,1752249858948
0.0,0.0,1.665,31.2,1752249859070
0.0,0.0,1.644,31.2,1752249859154
0.0,0.0,1.654,31.0,1752249859314
0.0,0.0,1.665,31.0,1752249859426
0.0,0.0,1.654,31.0,1752249859589
0.0,0.0,1.654,31.0,1752249859696
0.0,0.0,1.654,31.0,1752249859861
0.0,0.0,1.633,31.0,1752249859972
31.708389282226562,-97.1888198852539,1.633,31.0,1752249860000
0.0,0.0,1.633,31.0,1752249860435
0.0,0.0,1.633,31.0,1752249860519
0.0,0.0,1.613,31.0,1752249860635
0.0,0.0,1.613,31.0,1752249860716
0.0,0.0,1.613,31.0,1752249860843
0.0,0.0,1.602,31.0,1752249860924
0.0,0.0,1.602,31.0,1752249861051
0.0,0.0,1.592,31.0,1752249861131
0.0,0.0,1.602,31.0,1752249861289
0.0,0.0,1.592,31.0,1752249861396
0.0,0.0,1.571,31.0,1752249861559
0.0,0.0,1.581,31.0,1752249861666
0.0,0.0,1.581,31.0,1752249861828
0.0,0.0,1.581,31.0,1752249861935
31.70838737487793,-97.1888198852539,1.581,31.0,1752249862000
0.0,0.0,1.571,31.0,1752249862400
0.0,0.0,1.561,31.0,1752249862485
0.0,0.0,1.571,31.0,1752249862601
0.0,0.0,1.581,31.0,1752249862682
0.0,0.0,1.581,31.0,1752249862807
0.0,0.0,1.581,31.0,1752249862889
0.0,0.0,1.571,31.0,1752249863013
0.0,0.0,1.571,31.0,1752249863096
0.0,0.0,1.581,31.0,1752249863251
0.0,0.0,1.571,31.0,1752249863359
0.0,0.0,1.571,31.0,1752249863525
0.0,0.0,1.55,31.0,1752249863633
0.0,0.0,1.561,31.0,1752249863796
0.0,0.0,1.571,31.0,1752249863905
31.70838737487793,-97.1888198852539,1.571,31.0,1752249864000
0.0,0.0,1.561,31.0,1752249864394
0.0,0.0,1.54,31.0,1752249864479
0.0,0.0,1.529,31.0,1752249864597
0.0,0.0,1.509,31.0,1752249864674
0.0,0.0,1.498,31.0,1752249864798
0.0,0.0,1.488,31.0,1752249864883
0.0,0.0,1.467,31.0,1752249865007
0.0,0.0,1.456,31.0,1752249865092
0.0,0.0,1.456,31.0,1752249865251
0.0,0.0,1.467,31.0,1752249865359
0.0,0.0,1.467,31.0,1752249865524
0.0,0.0,1.436,31.0,1752249865715
0.0,0.0,1.436,31.0,1752249865843
0.0,0.0,1.425,31.0,1752249865951
31.708385467529297,-97.1888198852539,1.425,31.0,1752249866000
0.0,0.0,1.436,31.0,1752249866410
0.0,0.0,1.446,31.0,1752249866495
0.0,0.0,1.446,31.0,1752249866613
0.0,0.0,1.467,31.0,1752249866694
0.0,0.0,1.477,31.0,1752249866820
0.0,0.0,1.477,31.0,1752249866904
0.0,0.0,1.467,31.0,1752249867030
0.0,0.0,1.456,31.0,1752249867116
0.0,0.0,1.456,31.0,1752249867276
0.0,0.0,1.446,31.0,1752249867386
0.0,0.0,1.456,31.0,1752249867551
0.0,0.0,1.436,31.0,1752249867659
0.0,0.0,1.425,31.0,1752249867823
0.0,0.0,1.436,31.0,1752249867931
31.70838165283203,-97.1888198852539,1.436,31.0,1752249868000
0.0,0.0,1.404,31.0,1752249868403
0.0,0.0,1.384,31.0,1752249868488
0.0,0.0,1.363,31.0,1752249868606
0.0,0.0,1.342,31.0,1752249868686
0.0,0.0,1.332,31.0,1752249868813
0.0,0.0,1.311,31.0,1752249868899
0.0,0.0,1.311,31.0,1752249869023
0.0,0.0,1.3,31.0,1752249869107
0.0,0.0,1.29,31.0,1752249869264
0.0,0.0,1.311,31.0,1752249869373
0.0,0.0,1.311,31.0,1752249869538
0.0,0.0,1.28,31.0,1752249869645
0.0,0.0,1.3,31.0,1752249869811
0.0,0.0,1.3,31.0,1752249869918
31.7083797454834,-97.18881225585938,1.3,31.0,1752249870000
0.0,0.0,1.3,31.0,1752249870384
0.0,0.0,1.29,31.0,1752249870469
0.0,0.0,1.29,31.0,1752249870585
0.0,0.0,1.29,31.0,1752249870665
0.0,0.0,1.29,31.0,1752249870793
0.0,0.0,1.29,31.0,1752249870878
0.0,0.0,1.28,31.0,1752249871007
0.0,0.0,1.269,31.0,1752249871091
0.0,0.0,1.259,31.0,1752249871254
0.0,0.0,1.28,31.0,1752249871365
0.0,0.0,1.259,31.0,1752249871528
0.0,0.0,1.259,31.0,1752249871636
0.0,0.0,1.248,31.0,1752249871801
0.0,0.0,1.259,31.0,1752249871910
31.708375930786133,-97.18880462646484,1.259,31.0,1752249872000
0.0,0.0,1.269,31.0,1752249872398
0.0,0.0,1.269,31.0,1752249872484
0.0,0.0,1.259,31.0,1752249872600
0.0,0.0,1.259,31.0,1752249872688
0.0,0.0,1.269,31.0,1752249872812
0.0,0.0,1.259,31.0,1752249872898
0.0,0.0,1.269,31.0,1752249873025
0.0,0.0,1.259,31.0,1752249873107
0.0,0.0,1.28,31.0,1752249873265
0.0,0.0,1.29,31.0,1752249873373
0.0,0.0,1.311,31.0,1752249873537
0.0,0.0,1.311,31.0,1752249873647
0.0,0.0,1.321,31.0,1752249873812
0.0,0.0,1.342,31.0,1752249873920
31.708377838134766,-97.18880462646484,1.342,31.0,1752249874000
0.0,0.0,1.352,31.0,1752249874419
0.0,0.0,1.363,31.0,1752249874504
0.0,0.0,1.363,31.0,1752249874628
0.0,0.0,1.404,31.0,1752249874711
0.0,0.0,1.415,31.0,1752249874841
0.0,0.0,1.446,31.0,1752249874929
0.0,0.0,1.446,31.0,1752249875055
0.0,0.0,1.477,31.0,1752249875143
0.0,0.0,1.477,31.0,1752249875303
0.0,0.0,1.488,31.0,1752249875415
0.0,0.0,1.509,31.0,1752249875581
0.0,0.0,1.498,31.0,1752249875694
0.0,0.0,1.509,31.0,1752249875864
0.0,0.0,1.519,31.0,1752249875973
31.708375930786133,-97.18879699707031,1.519,31.0,1752249876000
0.0,0.0,1.529,31.0,1752249876472
0.0,0.0,1.54,31.0,1752249876565
0.0,0.0,1.54,31.0,1752249876692
0.0,0.0,1.54,31.0,1752249876780
0.0,0.0,1.55,31.0,1752249876910
0.0,0.0,1.561,31.0,1752249876996
0.0,0.0,1.571,31.0,1752249877125
0.0,0.0,1.571,31.0,1752249877227
0.0,0.0,1.581,31.0,1752249877372
0.0,0.0,1.602,31.0,1752249877483
0.0,0.0,1.613,31.0,1752249877650
0.0,0.0,1.623,31.0,1752249877760
0.0,0.0,1.633,31.0,1752249877927
31.7083740234375,-97.18879699707031,1.633,31.0,1752249878000
0.0,0.0,1.633,31.0,1752249878035
0.0,0.0,1.654,31.0,1752249878540
0.0,0.0,1.665,31.0,1752249878627
0.0,0.0,1.675,31.0,1752249878753
0.0,0.0,1.696,31.0,1752249878835
0.0,0.0,1.696,31.0,1752249878977
0.0,0.0,1.717,31.0,1752249879078
0.0,0.0,1.727,31.0,1752249879192
0.0,0.0,1.717,31.0,1752249879243
0.0,0.0,1.717,31.0,1752249879360
0.0,0.0,1.737,31.0,1752249879467
0.0,0.0,1.727,31.0,1752249879624
0.0,0.0,1.727,31.0,1752249879725
0.0,0.0,1.737,31.0,1752249879821
0.0,0.0,1.727,31.0,1752249879915
0.0,0.0,1.727,31.0,1752249880012
0.0,0.0,1.727,31.0,1752249880469
0.0,0.0,1.737,31.0,1752249880629
0.0,0.0,1.727,31.0,1752249880923
0.0,0.0,1.717,31.0,1752249881070
0.0,0.0,1.737,31.0,1752249881167
0.0,0.0,1.737,31.0,1752249881320
0.0,0.0,1.737,31.0,1752249881414
0.0,0.0,1.737,31.0,1752249881557
0.0,0.0,1.737,31.0,1752249881645
0.0,0.0,1.737,31.0,1752249881795
0.0,0.0,1.748,31.0,1752249881886
31.708372116088867,-97.18878936767578,1.748,31.0,1752249882000
0.0,0.0,1.748,31.0,1752249882032
0.0,0.0,1.748,31.0,1752249882122
0.0,0.0,1.758,31.0,1752249882284
0.0,0.0,1.758,31.0,1752249882379
0.0,0.0,1.758,31.0,1752249882525
0.0,0.0,1.748,31.0,1752249882617
0.0,0.0,1.737,31.0,1752249882812
0.0,0.0,1.737,31.0,1752249882899
0.0,0.0,1.727,31.0,1752249883043
0.0,0.0,1.727,31.0,1752249883129
0.0,0.0,1.727,31.0,1752249883325
0.0,0.0,1.737,31.0,1752249883430
0.0,0.0,1.727,31.0,1752249883610
0.0,0.0,1.727,31.0,1752249883616
0.0,0.0,1.727,31.0,1752249883748
0.0,0.0,1.727,31.0,1752249883886
0.0,0.0,1.737,31.0,1752249883993
31.7083683013916,-97.18878936767578,1.737,31.0,1752249884000
0.0,0.0,1.748,31.0,1752249884570
0.0,0.0,1.748,31.0,1752249884690
0.0,0.0,1.748,31.0,1752249884862
0.0,0.0,1.758,31.0,1752249884967
0.0,0.0,1.758,31.0,1752249885138
0.0,0.0,1.758,31.0,1752249885256
0.0,0.0,1.769,31.0,1752249885428
0.0,0.0,1.779,31.0,1752249885531
0.0,0.0,1.769,31.0,1752249885704
0.0,0.0,1.758,31.0,1752249885759
0.0,0.0,1.769,31.0,1752249885842
0.0,0.0,1.758,31.0,1752249886014
0.0,0.0,1.769,31.0,1752249886117
0.0,0.0,1.769,31.0,1752249886694
0.0,0.0,1.769,31.0,1752249886792
0.0,0.0,1.769,31.0,1752249886974
0.0,0.0,1.758,31.0,1752249886991
0.0,0.0,1.758,31.0,1752249887057
0.0,0.0,1.748,31.0,1752249887069
0.0,0.0,1.748,31.0,1752249887141
0.0,0.0,1.748,31.0,1752249887187
0.0,0.0,1.748,31.0,1752249887226
0.0,0.0,1.748,31.0,1752249887260
0.0,0.0,1.748,31.0,1752249887309
0.0,0.0,1.748,31.0,1752249887344
0.0,0.0,1.748,31.0,1752249887350
0.0,0.0,1.737,31.0,1752249887443
0.0,0.0,1.737,31.0,1752249887490
0.0,0.0,1.737,31.0,1752249887502
0.0,0.0,1.717,31.0,1752249887568
0.0,0.0,1.717,31.0,1752249887601
0.0,0.0,1.696,31.0,1752249887637
0.0,0.0,1.675,31.0,1752249887638
0.0,0.0,1.665,31.0,1752249887713
0.0,0.0,1.665,31.0,1752249887743
0.0,0.0,1.665,31.0,1752249887780
0.0,0.0,1.654,31.0,1752249887811
0.0,0.0,1.644,31.0,1752249887847
0.0,0.0,1.644,31.0,1752249887878
0.0,0.0,1.644,31.0,1752249887915
0.0,0.0,1.633,31.0,1752249887916
0.0,0.0,1.644,31.0,1752249887980
0.0,0.0,1.633,31.0,1752249888041
0.0,0.0,1.623,31.0,1752249888057
0.0,0.0,1.644,31.0,1752249888151
0.0,0.0,1.633,31.0,1752249888210
0.0,0.0,1.623,31.0,1752249888215
0.0,0.0,1.602,31.0,1752249888307
0.0,0.0,1.581,31.0,1752249888348
0.0,0.0,1.581,31.0,1752249888392
0.0,0.0,1.581,31.0,1752249888535
0.0,0.0,1.561,31.2,1752249888539
0.0,0.0,1.54,31.2,1752249888641
0.0,0.0,1.519,31.2,1752249888696
0.0,0.0,1.519,31.2,1752249888700
0.0,0.0,1.529,31.2,1752249888800
0.0,0.0,1.498,31.2,1752249888992
0.0,0.0,1.488,31.2,1752249889463
0.0,0.0,1.509,31.2,1752249889732
31.70836639404297,-97.18879699707031,1.509,31.2,1752249890000
0.0,0.0,1.509,31.2,1752249890095
0.0,0.0,1.519,31.2,1752249890156
0.0,0.0,1.498,31.2,1752249890208
0.0,0.0,1.467,31.2,1752249890221
0.0,0.0,1.477,31.2,1752249890302
0.0,0.0,1.509,31.2,1752249890317
0.0,0.0,1.519,31.2,1752249890400
0.0,0.0,1.529,31.2,1752249890411
0.0,0.0,1.561,31.2,1752249890488
0.0,0.0,1.55,31.2,1752249890498
0.0,0.0,1.529,31.2,1752249890575
0.0,0.0,1.498,31.2,1752249890591
0.0,0.0,1.446,31.2,1752249890668
0.0,0.0,1.436,31.2,1752249890679
0.0,0.0,1.415,31.2,1752249890756
0.0,0.0,1.415,31.2,1752249890766
0.0,0.0,1.373,31.2,1752249890842
0.0,0.0,1.3,31.2,1752249890883
0.0,0.0,1.238,31.2,1752249890960
31.7083683013916,-97.18880462646484,1.238,31.2,1752249891000
0.0,0.0,1.175,31.2,1752249891042
0.0,0.0,1.082,31.2,1752249891119
0.0,0.0,1.061,31.2,1752249891173
0.0,0.0,1.009,31.2,1752249891197
0.0,0.0,1.009,31.2,1752249891280
0.0,0.0,0.988,31.2,1752249891328
0.0,0.0,0.988,31.2,1752249891382
0.0,0.0,0.988,31.2,1752249891397
0.0,0.0,0.957,31.2,1752249891482
0.0,0.0,0.957,31.2,1752249891526
0.0,0.0,0.967,31.2,1752249891586
0.0,0.0,0.978,31.2,1752249891605
0.0,0.0,0.967,31.2,1752249891703
0.0,0.0,0.999,31.2,1752249891760
0.0,0.0,0.978,31.2,1752249891811
0.0,0.0,0.999,31.2,1752249891870
31.7083683013916,-97.18880462646484,0.999,31.2,1752249892000
0.0,0.0,0.967,31.2,1752249892131
0.0,0.0,0.957,31.2,1752249892140
0.0,0.0,0.905,31.2,1752249892238
0.0,0.0,0.853,31.2,1752249892285
0.0,0.0,0.842,31.2,1752249892298
0.0,0.0,0.78,31.2,1752249892388
0.0,0.0,0.77,31.2,1752249892404
0.0,0.0,0.749,31.2,1752249892504
0.0,0.0,0.749,31.2,1752249892519
0.0,0.0,0.718,31.2,1752249892617
0.0,0.0,0.707,31.2,1752249892671
0.0,0.0,0.686,31.2,1752249892725
0.0,0.0,0.686,31.2,1752249892966
31.70836639404297,-97.18880462646484,0.686,31.2,1752249893000
0.0,0.0,0.686,31.2,1752249893018
0.0,0.0,0.686,31.2,1752249893060
0.0,0.0,0.697,31.2,1752249893109
0.0,0.0,0.686,31.2,1752249893156
0.0,0.0,0.686,31.2,1752249893213
0.0,0.0,0.697,31.2,1752249893275
0.0,0.0,0.686,31.2,1752249893289
0.0,0.0,0.676,31.2,1752249893386
0.0,0.0,0.676,31.2,1752249893441
0.0,0.0,0.666,31.2,1752249893495
0.0,0.0,0.655,31.2,1752249893548
0.0,0.0,0.655,31.2,1752249893606
0.0,0.0,0.645,31.2,1752249893620
0.0,0.0,0.645,31.2,1752249893867
0.0,0.0,0.645,31.2,1752249893920
0.0,0.0,0.655,31.2,1752249893970
0.0,0.0,0.645,31.2,1752249893981
0.0,0.0,0.634,31.2,1752249894073
0.0,0.0,0.634,31.2,1752249894515
0.0,0.0,0.634,31.2,1752249895029
0.0,0.0,0.634,31.2,1752249895096
0.0,0.0,0.614,31.2,1752249895253
0.0,0.0,0.634,31.2,1752249895324
0.0,0.0,0.624,31.2,1752249895455
0.0,0.0,0.624,31.2,1752249895883
31.708362579345703,-97.18880462646484,0.614,31.2,1752249896000
0.0,0.0,0.614,31.2,1752249896019
0.0,0.0,0.614,31.2,1752249896079
0.0,0.0,0.603,31.2,1752249896144
0.0,0.0,0.603,31.2,1752249896251
0.0,0.0,0.614,31.2,1752249896345
0.0,0.0,0.634,31.2,1752249896369
0.0,0.0,0.666,31.2,1752249896388
0.0,0.0,0.686,31.2,1752249896437
0.0,0.0,0.707,31.2,1752249896559
0.0,0.0,0.707,31.2,1752249896584
0.0,0.0,0.728,31.2,1752249896609
0.0,0.0,0.728,31.2,1752249896685
0.0,0.0,0.738,31.2,1752249896733
0.0,0.0,0.749,31.2,1752249896761
0.0,0.0,0.738,31.2,1752249896809
0.0,0.0,0.749,31.2,1752249896884
0.0,0.0,0.728,31.2,1752249896935
0.0,0.0,0.707,31.2,1752249896961
31.708362579345703,-97.18880462646484,0.676,31.2,1752249897000
0.0,0.0,0.676,31.2,1752249897012
0.0,0.0,0.655,31.2,1752249897088
0.0,0.0,0.645,31.2,1752249897139
0.0,0.0,0.634,31.2,1752249897175
0.0,0.0,0.614,31.2,1752249897246
0.0,0.0,0.614,31.2,1752249897349
0.0,0.0,0.593,31.2,1752249897418
0.0,0.0,0.614,31.2,1752249897453
0.0,0.0,0.624,31.2,1752249897520
0.0,0.0,0.645,31.2,1752249897613
0.0,0.0,0.676,31.2,1752249897685
0.0,0.0,0.676,31.2,1752249897751
0.0,0.0,0.697,31.2,1752249897786
0.0,0.0,0.707,31.2,1752249897847
0.0,0.0,0.707,31.2,1752249897947
31.70836067199707,-97.18880462646484,0.707,31.2,1752249898000
0.0,0.0,0.738,31.2,1752249898407
0.0,0.0,0.718,31.2,1752249898438
0.0,0.0,0.718,31.2,1752249898458
0.0,0.0,0.728,31.2,1752249898505
0.0,0.0,0.686,31.2,1752249898604
0.0,0.0,0.676,31.2,1752249898671
0.0,0.0,0.645,31.2,1752249898705
0.0,0.0,0.614,31.2,1752249898767
0.0,0.0,0.603,31.2,1752249898867
0.0,0.0,0.582,31.2,1752249898939
31.708356857299805,-97.18880462646484,0.582,31.2,1752249899000
0.0,0.0,0.582,31.2,1752249899006
0.0,0.0,0.582,31.2,1752249899042
0.0,0.0,0.572,31.2,1752249899104
0.0,0.0,0.582,31.2,1752249899207
0.0,0.0,0.582,31.2,1752249899288
0.0,0.0,0.582,31.2,1752249899357
0.0,0.0,0.614,31.2,1752249899759
0.0,0.0,0.614,31.2,1752249899822
0.0,0.0,0.634,31.2,1752249899926
0.0,0.0,0.655,31.2,1752249900506
0.0,0.0,0.645,31.2,1752249900542
0.0,0.0,0.645,31.2,1752249900568
0.0,0.0,0.645,31.2,1752249900621
0.0,0.0,0.666,31.2,1752249900708
0.0,0.0,0.655,31.2,1752249900779
0.0,0.0,0.655,31.2,1752249900845
0.0,0.0,0.666,31.2,1752249900882
0.0,0.0,0.655,31.2,1752249900944
31.708354949951172,-97.18879699707031,0.666,31.2,1752249901000
0.0,0.0,0.666,31.2,1752249901043
0.0,0.0,0.676,31.2,1752249901120
0.0,0.0,0.666,31.2,1752249901191
0.0,0.0,0.655,31.2,1752249901422
0.0,0.0,0.666,31.2,1752249901777
0.0,0.0,0.676,31.2,1752249901796
0.0,0.0,0.676,31.2,1752249901842
0.0,0.0,0.655,31.2,1752249901912
0.0,0.0,0.666,31.2,1752249901964
0.0,0.0,0.676,31.2,1752249901988
31.708354949951172,-97.18879699707031,0.676,31.2,1752249902000
0.0,0.0,0.645,31.2,1752249902040
0.0,0.0,0.624,31.2,1752249902129
0.0,0.0,0.634,31.2,1752249902199
0.0,0.0,0.624,31.2,1752249902243
0.0,0.0,0.624,31.2,1752249902305
0.0,0.0,0.624,31.2,1752249902404
0.0,0.0,0.593,31.2,1752249902474
0.0,0.0,0.593,31.2,1752249902540
0.0,0.0,0.593,31.2,1752249902574
0.0,0.0,0.593,31.2,1752249902635
0.0,0.0,0.593,31.2,1752249902735
0.0,0.0,0.582,31.2,1752249902806
0.0,0.0,0.582,31.2,1752249902871
0.0,0.0,0.593,31.2,1752249902976
31.708354949951172,-97.18879699707031,0.593,31.2,1752249903000
0.0,0.0,0.593,31.2,1752249903286
0.0,0.0,0.603,31.2,1752249903383
0.0,0.0,0.603,31.2,1752249903451
0.0,0.0,0.593,31.2,1752249903486
0.0,0.0,0.603,31.2,1752249903553
0.0,0.0,0.603,31.2,1752249903646
0.0,0.0,0.614,31.2,1752249903719
0.0,0.0,0.624,31.2,1752249903786
0.0,0.0,0.624,31.2,1752249903819
0.0,0.0,0.624,31.2,1752249903881
0.0,0.0,0.624,31.2,1752249903981
31.708354949951172,-97.18879699707031,0.624,31.2,1752249904000
0.0,0.0,0.624,31.2,1752249904052
0.0,0.0,0.614,31.2,1752249904117
0.0,0.0,0.614,31.2,1752249904219
0.0,0.0,0.614,31.2,1752249904532
0.0,0.0,0.614,31.2,1752249904629
0.0,0.0,0.614,31.2,1752249904696
0.0,0.0,0.614,31.2,1752249904732
0.0,0.0,0.603,31.2,1752249904799
0.0,0.0,0.593,31.2,1752249904891
0.0,0.0,0.593,31.2,1752249904962
31.708354949951172,-97.18879699707031,0.593,31.2,1752249905000
0.0,0.0,0.593,31.2,1752249905028
0.0,0.0,0.593,31.2,1752249905062
0.0,0.0,0.593,31.2,1752249905124
0.0,0.0,0.593,31.2,1752249905230
0.0,0.0,0.593,31.2,1752249905305
0.0,0.0,0.593,31.2,1752249905372
0.0,0.0,0.593,31.2,1752249905477
0.0,0.0,0.593,31.2,1752249905830
0.0,0.0,0.593,31.2,1752249905929
0.0,0.0,0.603,31.2,1752249906001
0.0,0.0,0.614,31.2,1752249906069
0.0,0.0,0.614,31.2,1752249906104
0.0,0.0,0.614,31.2,1752249906169
0.0,0.0,0.624,31.2,1752249906629
0.0,0.0,0.614,31.2,1752249906701
0.0,0.0,0.614,31.2,1752249906768
0.0,0.0,0.614,31.2,1752249906802
0.0,0.0,0.614,31.2,1752249906862
0.0,0.0,0.614,31.2,1752249906960
31.70835304260254,-97.18879699707031,0.624,31.2,1752249907000
0.0,0.0,0.624,31.2,1752249907032
0.0,0.0,0.603,31.2,1752249907101
0.0,0.0,0.603,31.2,1752249907513
0.0,0.0,0.593,31.2,1752249907576
0.0,0.0,0.603,31.2,1752249907653
0.0,0.0,0.603,31.2,1752249907700
0.0,0.0,0.593,31.2,1752249907724
0.0,0.0,0.603,31.2,1752249907772
0.0,0.0,0.603,31.2,1752249907841
0.0,0.0,0.603,31.2,1752249907891
0.0,0.0,0.603,31.2,1752249907915
0.0,0.0,0.593,31.2,1752249907966
31.708349227905273,-97.18879699707031,0.593,31.2,1752249908000
31.708349227905273,-97.18878936767578,0.593,31.2,1752249908000
31.708351135253906,-97.18879699707031,0.593,31.2,1752249908000
0.0,0.0,0.645,31.2,1752249908038
0.0,0.0,0.645,31.2,1752249908085
0.0,0.0,0.645,31.2,1752249908113
0.0,0.0,0.686,31.2,1752249908169
0.0,0.0,0.686,31.2,1752249908266
0.0,0.0,1.946,31.2,1752249914967
0.0,0.0,3.278,31.2,1752249915200
0.0,0.0,4.579,31.2,1752249915901
0.0,0.0,5.911,31.2,1752249916139
0.0,0.0,7.232,31.2,1752249916389
0.0,0.0,8.554,31.6,1752249917500
0.0,0.0,9.917,31.6,1752249917739
0.0,0.0,11.218,31.6,1752249920616
0.0,0.0,12.561,31.6,1752249920838
0.0,0.0,13.903,31.6,1752249921353
0.0,0.0,15.215,31.6,1752249921816
0.0,0.0,16.557,31.6,1752249922502
31.708316802978516,-97.18904113769531,0.79,30.8,1752250033000
0.0,0.0,0.79,30.8,1752250033263
0.0,0.0,0.77,30.8,1752250033308
0.0,0.0,0.77,30.8,1752250033339
0.0,0.0,0.759,30.8,1752250033363
0.0,0.0,0.749,30.8,1752250033367
0.0,0.0,0.738,30.8,1752250033412
0.0,0.0,0.749,30.8,1752250033449
0.0,0.0,0.749,30.8,1752250033467
0.0,0.0,0.759,30.8,1752250033506
0.0,0.0,0.759,30.8,1752250033614
0.0,0.0,0.759,30.8,1752250033700
0.0,0.0,0.759,30.8,1752250033764
0.0,0.0,0.78,30.8,1752250033832
0.0,0.0,0.801,30.8,1752250034478
0.0,0.0,0.801,30.8,1752250034547
0.0,0.0,0.801,30.8,1752250034633
0.0,0.0,0.801,30.8,1752250034705
0.0,0.0,0.811,30.8,1752250034792
0.0,0.0,0.801,30.8,1752250034866
0.0,0.0,0.822,30.8,1752250034952
31.70831871032715,-97.18904113769531,0.801,30.8,1752250035000
0.0,0.0,0.801,30.8,1752250035031
0.0,0.0,0.811,30.8,1752250035159
0.0,0.0,0.811,30.8,1752250035563
0.0,0.0,0.822,30.8,1752250035670
0.0,0.0,0.822,30.8,1752250035746
0.0,0.0,0.822,30.8,1752250035834
0.0,0.0,0.822,30.8,1752250035909
0.0,0.0,0.842,30.8,1752250036002
0.0,0.0,0.842,30.8,1752250036078
0.0,0.0,0.842,30.8,1752250036171
0.0,0.0,0.853,30.8,1752250036263
0.0,0.0,0.863,30.8,1752250036389
0.0,0.0,0.884,30.8,1752250036496
0.0,0.0,0.895,30.8,1752250036614
0.0,0.0,0.915,30.8,1752250036716
0.0,0.0,0.926,30.8,1752250036835
31.708322525024414,-97.18904113769531,0.926,30.8,1752250037000
0.0,0.0,0.936,30.8,1752250037189
0.0,0.0,0.936,30.8,1752250037285
0.0,0.0,0.926,30.8,1752250037359
0.0,0.0,0.936,30.8,1752250037448
0.0,0.0,0.915,30.8,1752250037522
0.0,0.0,0.926,30.8,1752250037610
0.0,0.0,0.905,30.8,1752250037688
0.0,0.0,0.915,30.8,1752250037776
0.0,0.0,0.905,30.8,1752250037848
0.0,0.0,0.905,30.8,1752250037939
31.708322525024414,-97.18904113769531,0.895,30.8,1752250038000
0.0,0.0,0.895,30.8,1752250038011
0.0,0.0,0.884,30.8,1752250038100
0.0,0.0,0.874,30.8,1752250038178
0.0,0.0,0.874,30.8,1752250038273
0.0,0.0,0.884,30.8,1752250038370
0.0,0.0,0.863,30.8,1752250038496
0.0,0.0,0.874,30.8,1752250038598
0.0,0.0,0.884,30.8,1752250038717
0.0,0.0,0.905,30.8,1752250038821
0.0,0.0,0.915,30.8,1752250039200
0.0,0.0,0.936,30.8,1752250039282
0.0,0.0,0.936,30.8,1752250039373
0.0,0.0,0.947,30.8,1752250039454
0.0,0.0,0.967,30.8,1752250039579
0.0,0.0,0.978,30.8,1752250039677
0.0,0.0,0.988,30.8,1752250039800
0.0,0.0,0.988,30.8,1752250039901
31.708322525024414,-97.18903350830078,1.019,30.8,1752250040000
0.0,0.0,1.019,30.8,1752250040026
0.0,0.0,1.019,30.8,1752250040387
0.0,0.0,1.019,30.8,1752250040493
0.0,0.0,1.009,30.8,1752250040566
0.0,0.0,1.009,30.8,1752250040656
0.0,0.0,0.999,30.8,1752250040728
0.0,0.0,1.009,30.8,1752250040820
0.0,0.0,1.009,30.8,1752250040893
0.0,0.0,1.009,30.8,1752250040984
0.0,0.0,1.009,30.8,1752250041057
0.0,0.0,1.009,30.8,1752250041147
0.0,0.0,1.03,30.8,1752250041231
0.0,0.0,1.03,30.8,1752250041320
0.0,0.0,1.04,30.8,1752250041419
0.0,0.0,1.03,30.8,1752250041546
0.0,0.0,1.03,30.8,1752250041647
0.0,0.0,1.03,30.8,1752250041770
0.0,0.0,1.051,30.8,1752250041872
31.708322525024414,-97.18903350830078,1.051,30.8,1752250042000
0.0,0.0,1.061,30.8,1752250042226
0.0,0.0,1.082,30.8,1752250042307
0.0,0.0,1.082,30.8,1752250042402
0.0,0.0,1.061,30.8,1752250042475
0.0,0.0,1.061,30.8,1752250042567
0.0,0.0,1.071,30.8,1752250042639
0.0,0.0,1.061,30.8,1752250042731
0.0,0.0,1.082,30.8,1752250042851
0.0,0.0,1.082,30.8,1752250042920
31.70832061767578,-97.18903350830078,1.082,30.8,1752250043000
0.0,0.0,1.082,30.8,1752250043013
0.0,0.0,1.071,30.8,1752250043087
0.0,0.0,1.071,30.8,1752250043184
0.0,0.0,1.04,31.0,1752250043276
0.0,0.0,1.03,31.0,1752250043470
0.0,0.0,1.019,31.0,1752250043561
0.0,0.0,1.04,31.0,1752250043696
0.0,0.0,1.03,31.0,1752250043793
0.0,0.0,0.999,31.0,1752250043914
0.0,0.0,0.999,31.0,1752250044246
0.0,0.0,0.999,31.0,1752250044339
0.0,0.0,0.988,31.0,1752250044413
0.0,0.0,0.988,31.0,1752250044532
0.0,0.0,0.999,31.0,1752250044629
0.0,0.0,0.999,31.0,1752250044760
0.0,0.0,1.03,31.0,1752250044857
0.0,0.0,1.04,31.0,1752250044984
0.0,0.0,1.051,31.0,1752250045087
0.0,0.0,1.04,31.0,1752250045467
0.0,0.0,1.082,31.0,1752250045547
0.0,0.0,1.103,31.0,1752250045642
0.0,0.0,1.103,31.0,1752250045717
0.0,0.0,1.092,31.0,1752250045812
0.0,0.0,1.113,31.0,1752250045887
0.0,0.0,1.123,31.0,1752250045982
31.708322525024414,-97.18903350830078,1.123,31.0,1752250046000
0.0,0.0,1.134,31.0,1752250046055
0.0,0.0,1.155,31.0,1752250046152
0.0,0.0,1.144,31.0,1752250046235
0.0,0.0,1.123,31.0,1752250046331
0.0,0.0,1.113,31.0,1752250046403
0.0,0.0,1.123,31.0,1752250046499
0.0,0.0,1.123,31.0,1752250046572
0.0,0.0,1.123,31.0,1752250046666
0.0,0.0,1.144,31.0,1752250046738
0.0,0.0,1.155,31.0,1752250046831
0.0,0.0,1.144,31.0,1752250046903
31.708322525024414,-97.18903350830078,1.144,31.0,1752250047000
0.0,0.0,1.144,31.0,1752250047001
0.0,0.0,1.144,31.0,1752250047086
0.0,0.0,1.144,31.0,1752250047224
0.0,0.0,1.165,31.0,1752250047325
0.0,0.0,1.186,31.0,1752250047458
0.0,0.0,1.207,31.0,1752250047566
0.0,0.0,1.196,31.0,1752250047700
0.0,0.0,1.217,31.0,1752250047802
0.0,0.0,1.238,31.0,1752250047936
0.0,0.0,1.248,31.0,1752250048394
0.0,0.0,1.269,31.0,1752250048504
0.0,0.0,1.269,31.0,1752250048590
0.0,0.0,1.29,31.0,1752250048728
0.0,0.0,1.3,31.0,1752250048829
0.0,0.0,1.311,31.0,1752250048964
31.708322525024414,-97.18902587890625,1.311,31.0,1752250049000
0.0,0.0,1.311,31.0,1752250049065
0.0,0.0,1.311,31.0,1752250049205
0.0,0.0,1.311,31.0,1752250049316
0.0,0.0,1.332,31.0,1752250049760
0.0,0.0,1.311,31.0,1752250049841
0.0,0.0,1.311,31.0,1752250049947
0.0,0.0,1.321,31.0,1752250050026
0.0,0.0,1.3,31.0,1752250050130
0.0,0.0,1.321,31.0,1752250050306
0.0,0.0,1.311,31.0,1752250050401
0.0,0.0,1.332,31.0,1752250050538
0.0,0.0,1.342,31.0,1752250050640
0.0,0.0,1.332,31.0,1752250050776
0.0,0.0,1.342,31.0,1752250050878
31.70832061767578,-97.18901824951172,1.342,31.0,1752250051000
0.0,0.0,1.342,31.0,1752250051016
0.0,0.0,1.342,31.0,1752250051440
0.0,0.0,1.363,31.0,1752250051544
0.0,0.0,1.373,31.0,1752250051623
0.0,0.0,1.373,31.0,1752250051732
0.0,0.0,1.404,31.0,1752250051813
0.0,0.0,1.394,31.0,1752250051922
31.708316802978516,-97.18901824951172,1.415,31.0,1752250052000
0.0,0.0,1.415,31.0,1752250052002
0.0,0.0,1.404,31.0,1752250052109
0.0,0.0,1.404,31.0,1752250052215
0.0,0.0,1.415,31.0,1752250052354
0.0,0.0,1.415,31.0,1752250052455
0.0,0.0,1.415,31.0,1752250052593
0.0,0.0,1.415,31.0,1752250052696
0.0,0.0,1.436,31.0,1752250052833
0.0,0.0,1.425,31.0,1752250052935
0.0,0.0,1.404,31.0,1752250053399
0.0,0.0,1.415,31.0,1752250053482
0.0,0.0,1.404,31.0,1752250053607
0.0,0.0,1.404,31.0,1752250053710
0.0,0.0,1.394,31.0,1752250053853
0.0,0.0,1.373,31.0,1752250053956
0.0,0.0,1.384,31.0,1752250054099
0.0,0.0,1.352,31.0,1752250054214
0.0,0.0,1.352,31.0,1752250054354
0.0,0.0,1.342,31.0,1752250054762
0.0,0.0,1.332,31.0,1752250054869
0.0,0.0,1.342,31.0,1752250054949
31.708314895629883,-97.18901062011719,1.342,31.0,1752250055000
0.0,0.0,1.342,31.0,1752250055060
0.0,0.0,1.332,31.0,1752250055145
0.0,0.0,1.332,31.0,1752250055267
0.0,0.0,1.311,31.0,1752250055347
0.0,0.0,1.321,31.0,1752250055460
0.0,0.0,1.332,31.0,1752250055551
0.0,0.0,1.321,31.0,1752250055663
0.0,0.0,1.332,31.0,1752250055747
0.0,0.0,1.332,31.0,1752250055849
0.0,0.0,1.321,31.0,1752250055922
31.70831298828125,-97.18901062011719,1.332,31.0,1752250056000
0.0,0.0,1.332,31.0,1752250056023
0.0,0.0,1.311,31.0,1752250056096
0.0,0.0,1.311,31.0,1752250056219
0.0,0.0,1.29,31.0,1752250056322
0.0,0.0,1.29,31.0,1752250056462
0.0,0.0,1.3,31.0,1752250056565
0.0,0.0,1.28,31.0,1752250056704
0.0,0.0,1.28,31.0,1752250056806
0.0,0.0,1.269,31.0,1752250056979
0.0,0.0,1.248,31.0,1752250057403
0.0,0.0,1.248,31.0,1752250057515
0.0,0.0,1.238,31.0,1752250057613
0.0,0.0,1.238,31.0,1752250057713
0.0,0.0,1.238,31.0,1752250057860
0.0,0.0,1.259,31.0,1752250057961
0.0,0.0,1.269,31.0,1752250058106
0.0,0.0,1.248,31.0,1752250058223
0.0,0.0,1.238,31.0,1752250058363
0.0,0.0,1.228,31.0,1752250058707
0.0,0.0,1.217,31.0,1752250058811
0.0,0.0,1.196,31.0,1752250058884
0.0,0.0,1.186,31.0,1752250058987
31.708303451538086,-97.18900299072266,1.186,31.0,1752250059000
0.0,0.0,1.186,31.0,1752250059063
0.0,0.0,1.165,31.0,1752250059169
0.0,0.0,1.144,31.0,1752250059250
0.0,0.0,1.113,31.0,1752250059356
0.0,0.0,1.082,31.0,1752250059429
0.0,0.0,1.092,31.0,1752250059536
0.0,0.0,1.082,31.0,1752250059611
0.0,0.0,1.092,31.0,1752250059718
0.0,0.0,1.061,31.0,1752250059791
0.0,0.0,1.051,31.0,1752250059897
0.0,0.0,1.051,31.0,1752250059970
0.0,0.0,1.04,31.0,1752250060079
0.0,0.0,1.019,31.0,1752250060155
0.0,0.0,1.009,31.0,1752250060270
0.0,0.0,1.009,31.0,1752250060342
0.0,0.0,1.019,31.0,1752250060485
0.0,0.0,1.009,31.0,1752250060587
0.0,0.0,0.967,31.0,1752250060734
0.0,0.0,0.947,31.0,1752250060836
0.0,0.0,0.926,31.0,1752250060981
31.708303451538086,-97.18900299072266,0.926,31.0,1752250061000
0.0,0.0,0.926,31.0,1752250061331
0.0,0.0,0.926,31.0,1752250061438
0.0,0.0,0.905,31.0,1752250061511
0.0,0.0,0.895,31.0,1752250061618
0.0,0.0,0.905,31.0,1752250061692
0.0,0.0,0.895,31.0,1752250061802
0.0,0.0,0.884,31.0,1752250061876
0.0,0.0,0.874,31.0,1752250061982
0.0,0.0,0.884,31.0,1752250062055
0.0,0.0,0.905,31.0,1752250062161
0.0,0.0,0.926,31.0,1752250062246
0.0,0.0,0.905,31.0,1752250062372
0.0,0.0,0.884,31.0,1752250062473
0.0,0.0,0.874,31.0,1752250062625
0.0,0.0,0.853,31.0,1752250062730
0.0,0.0,0.863,31.0,1752250062883
0.0,0.0,0.842,31.0,1752250062986
0.0,0.0,0.863,31.0,1752250063382
0.0,0.0,0.832,31.0,1752250063459
0.0,0.0,0.79,31.0,1752250063571
0.0,0.0,0.77,31.0,1752250063646
0.0,0.0,0.728,31.0,1752250063754
0.0,0.0,0.718,31.0,1752250063827
0.0,0.0,0.759,31.0,1752250063937
31.708295822143555,-97.18899536132812,0.759,31.0,1752250064000
0.0,0.0,0.749,31.0,1752250064071
0.0,0.0,0.738,31.0,1752250064140
0.0,0.0,0.749,31.0,1752250064257
0.0,0.0,0.707,31.0,1752250064331
0.0,0.0,0.697,31.0,1752250064440
0.0,0.0,0.666,31.0,1752250064514
0.0,0.0,0.676,31.0,1752250064626
0.0,0.0,0.697,31.0,1752250064701
0.0,0.0,0.697,31.0,1752250064810
0.0,0.0,0.707,31.0,1752250064882
0.0,0.0,0.697,31.0,1752250064994
31.708288192749023,-97.18899536132812,0.697,31.0,1752250065000
0.0,0.0,0.655,31.0,1752250065068
0.0,0.0,0.655,31.0,1752250065180
0.0,0.0,0.645,31.0,1752250065264
0.0,0.0,0.645,31.0,1752250065376
0.0,0.0,0.655,31.0,1752250065484
0.0,0.0,0.655,31.0,1752250065642
0.0,0.0,0.666,31.0,1752250065750
0.0,0.0,0.655,31.0,1752250065907
0.0,0.0,0.624,31.0,1752250066020
0.0,0.0,0.624,31.0,1752250066414
0.0,0.0,0.614,31.0,1752250066490
0.0,0.0,0.645,31.0,1752250066622
0.0,0.0,0.666,31.0,1752250066725
0.0,0.0,0.666,31.0,1752250066874
0.0,0.0,0.666,31.0,1752250066977
0.0,0.0,0.676,31.0,1752250067126
0.0,0.0,0.676,31.0,1752250067242
0.0,0.0,0.697,31.0,1752250067609
0.0,0.0,0.697,31.0,1752250067683
0.0,0.0,0.686,31.0,1752250067794
0.0,0.0,0.686,31.0,1752250067867
0.0,0.0,0.686,31.0,1752250067925
31.708282470703125,-97.1889877319336,0.707,31.0,1752250068000
31.70827865600586,-97.18898010253906,0.707,31.0,1752250068000
0.0,0.0,0.707,31.0,1752250068017
0.0,0.0,0.728,31.0,1752250068077
0.0,0.0,0.738,31.0,1752250068135
0.0,0.0,0.79,31.0,1752250068194
0.0,0.0,0.811,31.0,1752250068242
0.0,0.0,0.842,31.0,1752250068418
0.0,0.0,0.842,31.0,1752250068545
31.70827865600586,-97.18898010253906,0.832,31.0,1752250069000
0.0,0.0,0.832,31.0,1752250069278
0.0,0.0,0.842,31.0,1752250069378
0.0,0.0,0.853,31.0,1752250069496
0.0,0.0,0.842,31.0,1752250069577
0.0,0.0,0.853,31.0,1752250069636
0.0,0.0,0.842,31.0,1752250069743
0.0,0.0,0.801,31.0,1752250069909
0.0,0.0,0.78,31.0,1752250070016
0.0,0.0,0.707,31.0,1752250070177
0.0,0.0,0.666,31.0,1752250070639
0.0,0.0,0.624,31.0,1752250070801
0.0,0.0,0.614,31.0,1752250070907
0.0,0.0,0.614,31.0,1752250071397
0.0,0.0,0.593,31.0,1752250071473
0.0,0.0,0.582,31.0,1752250071549
0.0,0.0,0.572,31.0,1752250071673
31.708274841308594,-97.18897247314453,0.551,31.0,1752250072000
0.0,0.0,0.551,31.0,1752250072082
0.0,0.0,0.551,31.0,1752250072172
0.0,0.0,0.572,31.0,1752250072305
0.0,0.0,0.572,31.0,1752250072388
0.0,0.0,0.614,31.0,1752250072509
0.0,0.0,0.634,31.0,1752250072583
0.0,0.0,0.655,31.0,1752250072699
0.0,0.0,0.676,31.0,1752250072775
0.0,0.0,0.666,31.0,1752250072892
0.0,0.0,0.666,31.0,1752250072968
31.708271026611328,-97.18897247314453,0.666,31.0,1752250073000
0.0,0.0,0.655,31.0,1752250073087
0.0,0.0,0.634,31.0,1752250073166
0.0,0.0,0.634,31.0,1752250073291
0.0,0.0,0.634,31.0,1752250073389
0.0,0.0,0.614,31.0,1752250073549
0.0,0.0,0.603,31.0,1752250073601
0.0,0.0,0.603,31.0,1752250073650
0.0,0.0,0.603,31.0,1752250073730
0.0,0.0,0.603,31.0,1752250073843
0.0,0.0,0.603,31.0,1752250073934
0.0,0.0,0.593,31.0,1752250074013
0.0,0.0,0.593,31.0,1752250074103
0.0,0.0,0.593,31.0,1752250074383
0.0,0.0,0.593,31.0,1752250074474
0.0,0.0,0.593,31.0,1752250074542
0.0,0.0,0.572,31.0,1752250074548
0.0,0.0,0.582,31.0,1752250074635
0.0,0.0,0.572,31.0,1752250074745
0.0,0.0,0.593,31.0,1752250074834
0.0,0.0,0.603,31.0,1752250074977
31.708269119262695,-97.18896484375,0.603,31.0,1752250075000
0.0,0.0,0.614,31.0,1752250075148
0.0,0.0,0.614,31.2,1752250075213
0.0,0.0,0.614,31.2,1752250075270
0.0,0.0,0.634,31.2,1752250075623
0.0,0.0,0.634,31.2,1752250075712
0.0,0.0,0.707,31.2,1752250075879
0.0,0.0,0.718,31.2,1752250075951
31.708269119262695,-97.18896484375,0.718,31.2,1752250076000
31.708269119262695,-97.18895721435547,0.718,31.2,1752250076000
0.0,0.0,0.728,31.2,1752250076370
0.0,0.0,0.738,31.2,1752250076417
0.0,0.0,0.759,31.2,1752250076465
0.0,0.0,0.738,31.2,1752250076656
0.0,0.0,0.749,31.2,1752250076752
31.708269119262695,-97.18894958496094,0.759,31.2,1752250077000
0.0,0.0,0.759,31.2,1752250077031
0.0,0.0,0.759,31.2,1752250077344
0.0,0.0,0.749,31.2,1752250077385
0.0,0.0,0.728,31.2,1752250077446
0.0,0.0,0.738,31.2,1752250077532
0.0,0.0,0.666,31.2,1752250077617
0.0,0.0,0.655,31.2,1752250077985
0.0,0.0,0.666,31.2,1752250078033
0.0,0.0,0.666,31.2,1752250078268
0.0,0.0,0.634,31.2,1752250078661
0.0,0.0,0.655,31.2,1752250078784
0.0,0.0,0.624,31.2,1752250078870
0.0,0.0,0.624,31.2,1752250078950
0.0,0.0,0.634,31.2,1752250078986
31.70826530456543,-97.18894958496094,0.634,31.2,1752250079000
0.0,0.0,0.645,31.2,1752250079111
0.0,0.0,0.655,31.2,1752250079477
0.0,0.0,1.082,31.2,1752250080543
0.0,0.0,2.008,31.2,1752250082008
0.0,0.0,2.57,31.2,1752250082395
0.0,0.0,3.902,31.2,1752250088854
0.0,0.0,5.276,31.2,1752250090558
0.0,0.0,6.65,31.2,1752250091557
0.0,0.0,6.858,31.2,1752250092271
0.0,0.0,7.097,31.2,1752250092802
0.0,0.0,7.326,31.2,1752250092896
0.0,0.0,7.534,31.2,1752250092996
0.0,0.0,7.784,31.2,1752250093098
0.0,0.0,8.034,31.2,1752250093205
0.0,0.0,7.805,31.2,1752250093309
0.0,0.0,7.014,31.2,1752250093410
0.0,0.0,6.598,31.2,1752250093512
0.0,0.0,5.286,31.2,1752250093613
0.0,0.0,3.944,31.2,1752250093714
0.0,0.0,2.622,31.2,1752250093816
0.0,0.0,2.612,31.2,1752250093917
0.0,0.0,2.57,31.2,1752250094061
0.0,0.0,2.539,31.2,1752250094151
0.0,0.0,2.56,31.2,1752250094303
0.0,0.0,2.508,31.2,1752250094393
0.0,0.0,2.466,31.2,1752250094493
0.0,0.0,2.695,31.2,1752250094594
0.0,0.0,3.194,31.2,1752250094693
0.0,0.0,3.486,31.2,1752250094794
0.0,0.0,4.214,31.2,1752250094896
0.0,0.0,4.974,31.2,1752250094997
0.0,0.0,5.734,31.2,1752250095098
0.0,0.0,5.817,31.2,1752250095202
0.0,0.0,5.931,31.2,1752250095307
0.0,0.0,5.838,31.2,1752250095408
0.0,0.0,5.494,31.2,1752250095513
0.0,0.0,5.328,31.2,1752250095591
0.0,0.0,4.828,31.2,1752250095715
0.0,0.0,4.298,31.2,1752250095793
0.0,0.0,3.756,31.2,1752250095916
0.0,0.0,3.777,31.2,1752250095995
0.0,0.0,3.788,31.2,1752250096119
0.0,0.0,3.788,31.2,1752250096206
0.0,0.0,3.767,31.2,1752250096327
0.0,0.0,3.756,31.2,1752250096404
0.0,0.0,3.725,31.2,1752250096526
0.0,0.0,3.704,31.2,1752250096603
0.0,0.0,3.736,31.2,1752250096726
0.0,0.0,3.756,31.2,1752250096803
0.0,0.0,3.798,31.2,1752250096925
31.70829200744629,-97.18932342529297,3.819,31.2,1752250097000
0.0,0.0,3.819,31.2,1752250097003
0.0,0.0,3.85,31.2,1752250097125
0.0,0.0,3.85,31.2,1752250097212
0.0,0.0,3.829,31.2,1752250097334
0.0,0.0,3.829,31.2,1752250097411
0.0,0.0,3.798,31.2,1752250097534
0.0,0.0,3.788,31.2,1752250097610
0.0,0.0,3.788,31.2,1752250097734
0.0,0.0,3.777,31.2,1752250097810
0.0,0.0,3.767,31.2,1752250097934
0.0,0.0,3.767,31.2,1752250098014
0.0,0.0,3.736,31.2,1752250098136
0.0,0.0,3.725,31.2,1752250098225
0.0,0.0,3.704,31.2,1752250098346
0.0,0.0,3.704,31.2,1752250098423
0.0,0.0,3.725,31.2,1752250098544
0.0,0.0,3.736,31.2,1752250098621
0.0,0.0,3.756,31.2,1752250098742
31.708293914794922,-97.18932342529297,3.767,31.2,1752250099000
0.0,0.0,3.767,31.2,1752250099118
0.0,0.0,3.767,31.2,1752250099255
0.0,0.0,3.756,31.2,1752250099340
0.0,0.0,3.756,31.2,1752250099463
0.0,0.0,3.756,31.2,1752250099543
0.0,0.0,3.756,31.2,1752250099669
0.0,0.0,3.767,31.2,1752250099750
0.0,0.0,3.777,31.2,1752250099873
0.0,0.0,3.788,31.2,1752250099951
0.0,0.0,3.777,31.2,1752250100073
0.0,0.0,3.767,31.2,1752250100149
0.0,0.0,3.746,31.2,1752250100303
0.0,0.0,3.725,31.2,1752250100413
0.0,0.0,3.736,31.2,1752250100587
0.0,0.0,3.756,31.2,1752250100694
0.0,0.0,3.767,31.2,1752250100871
0.0,0.0,3.777,31.2,1752250100981
31.708295822143555,-97.18932342529297,3.777,31.2,1752250101000
0.0,0.0,3.788,31.2,1752250101388
0.0,0.0,3.788,31.2,1752250101474
0.0,0.0,3.767,31.2,1752250101644
0.0,0.0,3.756,31.2,1752250101719
0.0,0.0,3.756,31.2,1752250101844
0.0,0.0,3.767,31.2,1752250101923
0.0,0.0,3.788,31.2,1752250102048
0.0,0.0,3.798,31.2,1752250102125
0.0,0.0,3.788,31.2,1752250102259
0.0,0.0,3.767,31.2,1752250102367
0.0,0.0,3.756,31.2,1752250102544
0.0,0.0,3.736,31.2,1752250102652
0.0,0.0,3.725,31.2,1752250102824
0.0,0.0,3.736,31.2,1752250102928
0.0,0.0,3.746,31.2,1752250103347
0.0,0.0,3.767,31.2,1752250103432
0.0,0.0,3.767,31.2,1752250103554
0.0,0.0,3.756,31.2,1752250103633
0.0,0.0,3.746,31.2,1752250103756
0.0,0.0,3.736,31.2,1752250103833
0.0,0.0,3.756,31.2,1752250103956
31.70830535888672,-97.1893310546875,3.777,31.2,1752250104000
0.0,0.0,3.777,31.2,1752250104033
0.0,0.0,3.788,31.2,1752250104155
0.0,0.0,3.808,31.2,1752250104243
0.0,0.0,3.829,31.2,1752250104366
0.0,0.0,3.829,31.2,1752250104442
0.0,0.0,3.819,31.2,1752250104565
0.0,0.0,3.819,31.2,1752250104642
0.0,0.0,3.819,31.2,1752250104765
0.0,0.0,3.84,31.2,1752250104842
0.0,0.0,3.85,31.2,1752250104969
0.0,0.0,3.85,31.2,1752250105046
0.0,0.0,3.84,31.2,1752250105170
0.0,0.0,3.829,31.2,1752250105260
0.0,0.0,3.829,31.2,1752250105433
0.0,0.0,3.819,31.2,1752250105541
0.0,0.0,3.819,31.2,1752250105714
0.0,0.0,3.819,31.2,1752250105823
0.0,0.0,3.808,31.2,1752250105997
31.708309173583984,-97.1893310546875,3.808,31.2,1752250106000
0.0,0.0,3.808,31.2,1752250106383
0.0,0.0,3.798,31.2,1752250106514
0.0,0.0,3.788,31.2,1752250106591
0.0,0.0,3.767,31.2,1752250106717
0.0,0.0,3.756,31.2,1752250106799
0.0,0.0,3.756,31.2,1752250106929
0.0,0.0,3.746,31.2,1752250107010
0.0,0.0,3.725,31.2,1752250107140
0.0,0.0,3.715,31.2,1752250107260
0.0,0.0,3.704,31.2,1752250107433
0.0,0.0,3.704,31.2,1752250107628
0.0,0.0,3.704,31.2,1752250107821
0.0,0.0,3.704,31.2,1752250107916
31.708309173583984,-97.1893310546875,3.704,31.2,1752250108000
0.0,0.0,3.704,31.2,1752250108159
0.0,0.0,3.704,31.2,1752250108479
0.0,0.0,3.704,31.2,1752250108602
0.0,0.0,3.725,31.2,1752250108682
0.0,0.0,3.736,31.2,1752250108806
0.0,0.0,3.736,31.2,1752250108883
0.0,0.0,3.756,31.2,1752250109007
0.0,0.0,3.788,31.2,1752250109083
0.0,0.0,3.798,31.2,1752250109248
0.0,0.0,3.808,31.2,1752250109356
0.0,0.0,3.829,31.2,1752250109528
0.0,0.0,3.829,31.2,1752250109636
0.0,0.0,3.829,31.2,1752250109811
0.0,0.0,3.84,31.2,1752250109919
31.708309173583984,-97.1893310546875,3.84,31.2,1752250110000
0.0,0.0,3.84,31.2,1752250110366
0.0,0.0,3.829,31.2,1752250110451
0.0,0.0,3.829,31.2,1752250110574
0.0,0.0,3.819,31.2,1752250110654
0.0,0.0,3.808,31.2,1752250110778
0.0,0.0,3.808,31.2,1752250110856
0.0,0.0,3.808,31.2,1752250110988
0.0,0.0,3.819,31.2,1752250111072
0.0,0.0,3.798,31.2,1752250111209
0.0,0.0,3.819,31.2,1752250111305
0.0,0.0,3.808,31.2,1752250111479
0.0,0.0,3.798,31.2,1752250111586
0.0,0.0,3.808,31.2,1752250111759
0.0,0.0,3.819,31.2,1752250111868
0.0,0.0,3.829,31.2,1752250112042
0.0,0.0,3.829,31.2,1752250112446
0.0,0.0,3.85,31.2,1752250112577
0.0,0.0,3.85,31.2,1752250112655
0.0,0.0,3.85,31.2,1752250112781
0.0,0.0,3.85,31.2,1752250112858
0.0,0.0,3.871,31.2,1752250112986
0.0,0.0,3.861,31.2,1752250113071
0.0,0.0,3.871,31.2,1752250113211
0.0,0.0,3.881,31.2,1752250113302
0.0,0.0,3.881,31.2,1752250113436
0.0,0.0,3.871,31.2,1752250113519
0.0,0.0,3.881,31.2,1752250113655
0.0,0.0,3.871,31.2,1752250113740
0.0,0.0,3.881,31.2,1752250113875
0.0,0.0,3.881,31.2,1752250113960
31.708314895629883,-97.1893310546875,3.881,31.2,1752250114000
0.0,0.0,3.892,31.2,1752250114095
0.0,0.0,3.892,31.2,1752250114187
0.0,0.0,3.881,31.2,1752250114329
0.0,0.0,3.881,31.2,1752250114409
0.0,0.0,3.871,31.2,1752250114624
0.0,0.0,3.861,31.2,1752250114709
0.0,0.0,3.881,31.2,1752250114844
0.0,0.0,3.861,31.2,1752250114928
31.708316802978516,-97.1893310546875,3.861,31.2,1752250115000
0.0,0.0,3.861,31.2,1752250115055
0.0,0.0,3.871,31.2,1752250115156
0.0,0.0,3.871,31.2,1752250115339
0.0,0.0,3.871,31.2,1752250115458
0.0,0.0,3.871,31.2,1752250115622
0.0,0.0,3.871,31.2,1752250115738
0.0,0.0,3.871,31.2,1752250115903
0.0,0.0,3.881,31.2,1752250116022
0.0,0.0,3.881,31.2,1752250116502
0.0,0.0,3.881,31.2,1752250116599
0.0,0.0,3.871,31.2,1752250116764
0.0,0.0,3.881,31.2,1752250116877
0.0,0.0,3.881,31.2,1752250117041
0.0,0.0,3.871,31.2,1752250117156
0.0,0.0,3.881,31.2,1752250117328
0.0,0.0,3.902,31.2,1752250117764
0.0,0.0,3.871,31.2,1752250117878
0.0,0.0,3.871,31.2,1752250117956
31.70832061767578,-97.1893310546875,3.871,31.2,1752250118000
0.0,0.0,3.871,31.2,1752250118077
0.0,0.0,3.871,31.2,1752250118165
0.0,0.0,3.85,31.2,1752250118297
0.0,0.0,3.861,31.2,1752250118383
0.0,0.0,3.85,31.2,1752250118510
0.0,0.0,3.85,31.2,1752250118595
0.0,0.0,3.85,31.2,1752250118721
0.0,0.0,3.861,31.2,1752250118806
0.0,0.0,3.85,31.2,1752250118928
0.0,0.0,3.84,31.2,1752250119013
0.0,0.0,3.85,31.2,1752250119139
0.0,0.0,3.84,31.2,1752250119249
0.0,0.0,3.861,31.2,1752250119411
0.0,0.0,3.861,31.2,1752250119519
0.0,0.0,3.881,31.2,1752250119680
0.0,0.0,3.871,31.2,1752250119789
0.0,0.0,3.881,31.2,1752250119953
31.708322525024414,-97.1893310546875,3.881,31.2,1752250120000
0.0,0.0,3.861,31.2,1752250120389
0.0,0.0,3.85,31.2,1752250120516
0.0,0.0,3.861,31.2,1752250120593
0.0,0.0,3.881,31.2,1752250120720
0.0,0.0,3.892,31.2,1752250120806
0.0,0.0,3.881,31.2,1752250120932
0.0,0.0,3.881,31.2,1752250121013
0.0,0.0,3.871,31.2,1752250121138
0.0,0.0,3.871,31.2,1752250121246
0.0,0.0,3.861,31.2,1752250121410
0.0,0.0,3.861,31.2,1752250121520
0.0,0.0,3.861,31.2,1752250121681
0.0,0.0,3.861,31.2,1752250121789
0.0,0.0,3.861,31.2,1752250121953
31.708322525024414,-97.18932342529297,3.861,31.2,1752250122000
0.0,0.0,3.861,31.2,1752250122394
0.0,0.0,3.861,31.2,1752250122521
0.0,0.0,3.84,31.2,1752250122599
0.0,0.0,3.85,31.2,1752250122719
0.0,0.0,3.85,31.2,1752250122806
0.0,0.0,3.829,31.2,1752250122929
0.0,0.0,3.819,31.2,1752250123014
0.0,0.0,3.808,31.2,1752250123137
0.0,0.0,3.808,31.2,1752250123247
0.0,0.0,3.798,31.2,1752250123410
0.0,0.0,3.788,31.2,1752250123518
0.0,0.0,3.777,31.2,1752250123677
0.0,0.0,3.767,31.2,1752250123786
0.0,0.0,3.756,31.2,1752250123948
31.708322525024414,-97.18932342529297,3.756,31.2,1752250124000
0.0,0.0,3.756,31.2,1752250124380
0.0,0.0,3.746,31.2,1752250124505
0.0,0.0,3.746,31.2,1752250124582
0.0,0.0,3.746,31.2,1752250124704
0.0,0.0,3.756,31.2,1752250124788
0.0,0.0,3.756,31.2,1752250124913
0.0,0.0,3.756,31.2,1752250124997
31.708324432373047,-97.18932342529297,3.756,31.2,1752250125000
0.0,0.0,3.746,31.2,1752250125122
0.0,0.0,3.756,31.2,1752250125220
0.0,0.0,3.756,31.2,1752250125425
0.0,0.0,3.767,31.2,1752250125554
0.0,0.0,3.767,31.2,1752250125664
0.0,0.0,3.767,31.2,1752250125826
0.0,0.0,3.767,31.2,1752250125936
0.0,0.0,3.767,31.2,1752250126098
0.0,0.0,3.777,31.2,1752250126542
0.0,0.0,3.777,31.2,1752250126675
0.0,0.0,3.767,31.2,1752250126785
0.0,0.0,3.767,31.2,1752250126948
31.708322525024414,-97.18931579589844,3.767,31.2,1752250127000
0.0,0.0,3.767,31.2,1752250127059
0.0,0.0,3.767,31.2,1752250127225
0.0,0.0,3.756,31.2,1752250127425
0.0,0.0,3.756,31.2,1752250127876
0.0,0.0,3.756,31.2,1752250127957
0.0,0.0,3.767,31.2,1752250128123
0.0,0.0,3.767,31.2,1752250128213
0.0,0.0,3.767,31.2,1752250128350
0.0,0.0,3.777,31.2,1752250128455
0.0,0.0,3.777,31.2,1752250128615
0.0,0.0,3.777,31.2,1752250128723
0.0,0.0,3.788,31.2,1752250128884
0.0,0.0,3.798,31.2,1752250128991
31.708322525024414,-97.1893081665039,3.798,31.2,1752250129000
0.0,0.0,3.819,31.2,1752250129150
0.0,0.0,3.819,31.2,1752250129578
0.0,0.0,3.819,31.2,1752250129691
0.0,0.0,3.829,31.2,1752250129838
0.0,0.0,3.829,31.2,1752250129915
0.0,0.0,3.829,31.2,1752250130040
0.0,0.0,3.819,31.2,1752250130123
0.0,0.0,3.829,31.2,1752250130279
0.0,0.0,3.829,31.2,1752250130390
0.0,0.0,3.829,31.2,1752250130551
0.0,0.0,3.85,31.2,1752250130658
0.0,0.0,3.84,31.2,1752250130821
0.0,0.0,3.819,31.2,1752250130931
0.0,0.0,3.819,31.2,1752250131432
0.0,0.0,3.819,31.2,1752250131519
0.0,0.0,3.819,31.2,1752250131642
0.0,0.0,3.819,31.2,1752250131786
0.0,0.0,3.829,31.2,1752250131862
0.0,0.0,3.84,31.2,1752250131988
31.708322525024414,-97.18930053710938,3.84,31.2,1752250132000
0.0,0.0,3.84,31.2,1752250132072
0.0,0.0,3.84,31.2,1752250132207
0.0,0.0,3.829,31.2,1752250132297
0.0,0.0,3.819,31.2,1752250132421
0.0,0.0,3.819,31.2,1752250132570
0.0,0.0,3.84,31.2,1752250132646
0.0,0.0,3.84,31.2,1752250132772
0.0,0.0,3.829,31.2,1752250132855
0.0,0.0,3.84,31.2,1752250132986
0.0,0.0,3.84,31.2,1752250133070
31.708297729492188,-97.18909454345703,3.423,31.0,1752250148000
0.0,0.0,3.423,31.0,1752250148017
0.0,0.0,3.413,31.0,1752250148140
0.0,0.0,3.423,31.0,1752250148247
0.0,0.0,3.423,31.0,1752250148394
0.0,0.0,3.423,31.0,1752250148484
0.0,0.0,3.434,31.0,1752250148631
0.0,0.0,3.434,31.0,1752250148722
0.0,0.0,3.434,31.0,1752250148866
0.0,0.0,3.434,31.0,1752250148956
0.0,0.0,3.434,31.0,1752250149099
0.0,0.0,3.444,31.0,1752250149197
0.0,0.0,3.444,31.0,1752250149371
0.0,0.0,3.444,31.0,1752250149478
0.0,0.0,3.444,31.0,1752250149649
0.0,0.0,3.444,31.0,1752250149759
0.0,0.0,3.444,31.0,1752250149932
0.0,0.0,3.434,31.0,1752250150041
0.0,0.0,3.434,31.0,1752250150585
0.0,0.0,3.434,31.0,1752250150705
0.0,0.0,3.434,31.0,1752250150862
0.0,0.0,3.434,31.0,1752250150940
0.0,0.0,3.423,31.0,1752250151083
0.0,0.0,3.444,31.0,1752250151177
0.0,0.0,3.434,31.0,1752250151329
0.0,0.0,3.434,31.0,1752250151415
0.0,0.0,3.444,31.0,1752250151562
0.0,0.0,3.444,31.0,1752250151652
0.0,0.0,3.444,31.0,1752250151800
0.0,0.0,3.444,31.0,1752250151890
31.708295822143555,-97.1890869140625,3.465,31.0,1752250152000
0.0,0.0,3.465,31.0,1752250152038
0.0,0.0,3.465,31.0,1752250152128
0.0,0.0,3.465,31.0,1752250152289
0.0,0.0,3.465,31.0,1752250152377
0.0,0.0,3.465,31.0,1752250152523
0.0,0.0,3.455,31.0,1752250152615
0.0,0.0,3.455,31.0,1752250152758
0.0,0.0,3.455,31.0,1752250152918
0.0,0.0,3.455,31.0,1752250153003
0.0,0.0,3.444,31.0,1752250153209
0.0,0.0,3.423,31.0,1752250153313
0.0,0.0,3.413,31.0,1752250153483
0.0,0.0,3.413,31.0,1752250153670
0.0,0.0,3.413,31.0,1752250153803
0.0,0.0,3.413,31.0,1752250153908
31.708295822143555,-97.1890869140625,3.413,31.0,1752250154000
0.0,0.0,3.413,31.0,1752250154077
0.0,0.0,3.403,31.0,1752250154555
0.0,0.0,3.403,31.0,1752250154773
0.0,0.0,3.392,31.0,1752250154853
0.0,0.0,3.392,31.0,1752250154985
0.0,0.0,3.392,31.0,1752250155069
0.0,0.0,3.371,31.0,1752250155217
0.0,0.0,3.382,31.0,1752250155336
0.0,0.0,3.392,31.0,1752250155507
0.0,0.0,3.392,31.0,1752250155612
0.0,0.0,3.361,31.0,1752250155780
0.0,0.0,3.351,31.0,1752250155885
31.708295822143555,-97.1890869140625,3.34,31.0,1752250156000
0.0,0.0,3.34,31.0,1752250156056
0.0,0.0,3.34,31.0,1752250156528
0.0,0.0,3.33,31.0,1752250156708
0.0,0.0,3.319,31.0,1752250156814
0.0,0.0,3.309,31.0,1752250156967
0.0,0.0,3.288,31.0,1752250157058
0.0,0.0,3.299,31.2,1752250157206
0.0,0.0,3.278,31.2,1752250157326
0.0,0.0,3.267,31.2,1752250157499
0.0,0.0,3.257,31.2,1752250157604
0.0,0.0,3.257,31.2,1752250157773
0.0,0.0,3.257,31.2,1752250157881
0.0,0.0,3.246,31.2,1752250158050
0.0,0.0,3.236,31.2,1752250158519
0.0,0.0,3.226,31.2,1752250158699
0.0,0.0,3.226,31.2,1752250158805
0.0,0.0,3.215,31.2,1752250158964
0.0,0.0,3.205,31.2,1752250159056
0.0,0.0,3.194,31.2,1752250159200
0.0,0.0,3.184,31.2,1752250159300
0.0,0.0,3.184,31.2,1752250159448
0.0,0.0,3.163,31.2,1752250159543
0.0,0.0,3.163,31.2,1752250159681
0.0,0.0,3.163,31.2,1752250159771
0.0,0.0,3.153,31.2,1752250159915
0.0,0.0,3.132,31.2,1752250159995
31.708295822143555,-97.18907165527344,3.132,31.2,1752250160000
0.0,0.0,3.132,31.2,1752250160156
0.0,0.0,3.132,31.2,1752250160264
0.0,0.0,3.122,31.2,1752250160408
0.0,0.0,3.122,31.2,1752250160498
0.0,0.0,3.122,31.2,1752250160647
0.0,0.0,3.101,31.2,1752250160738
0.0,0.0,3.111,31.2,1752250160884
0.0,0.0,3.101,31.2,1752250160977
0.0,0.0,3.111,31.2,1752250161119
0.0,0.0,3.101,31.2,1752250161228
0.0,0.0,3.09,31.2,1752250161394
0.0,0.0,3.08,31.2,1752250161499
0.0,0.0,3.09,31.2,1752250161668
0.0,0.0,3.08,31.2,1752250161773
0.0,0.0,3.08,31.2,1752250161942
0.0,0.0,3.07,31.2,1752250162047
0.0,0.0,3.07,31.2,1752250162591
0.0,0.0,3.07,31.2,1752250162708
0.0,0.0,3.059,31.2,1752250162878
0.0,0.0,3.049,31.2,1752250163058
0.0,0.0,3.049,31.2,1752250163140
0.0,0.0,3.028,31.2,1752250163296
0.0,0.0,3.028,31.2,1752250163390
0.0,0.0,3.018,31.2,1752250163530
0.0,0.0,2.997,31.2,1752250163620
0.0,0.0,2.986,31.2,1752250163760
0.0,0.0,2.976,31.2,1752250163856
0.0,0.0,2.976,31.2,1752250163995
31.708295822143555,-97.18905639648438,2.976,31.2,1752250164000
0.0,0.0,2.986,31.2,1752250164088
0.0,0.0,2.965,31.2,1752250164251
0.0,0.0,2.965,31.2,1752250164352
0.0,0.0,2.955,31.2,1752250164496
0.0,0.0,2.934,31.2,1752250164587
0.0,0.0,2.934,31.2,1752250164734
0.0,0.0,2.945,31.2,1752250164830
0.0,0.0,2.913,31.2,1752250164971
0.0,0.0,2.903,31.2,1752250165063
0.0,0.0,2.913,31.2,1752250165220
0.0,0.0,2.903,31.2,1752250165341
0.0,0.0,2.893,31.2,1752250165514
0.0,0.0,2.861,31.2,1752250165619
0.0,0.0,2.851,31.2,1752250165787
0.0,0.0,2.82,31.2,1752250165892
0.0,0.0,2.778,31.2,1752250166062
0.0,0.0,2.778,31.2,1752250166537
0.0,0.0,2.747,31.2,1752250166720
0.0,0.0,2.705,31.2,1752250166825
0.0,0.0,2.716,31.2,1752250166997
0.0,0.0,2.716,31.2,1752250167099
0.0,0.0,2.716,31.2,1752250167262
0.0,0.0,2.716,31.2,1752250167353
0.0,0.0,2.716,31.2,1752250167490
0.0,0.0,2.705,31.2,1752250167585
0.0,0.0,2.685,31.2,1752250167727
0.0,0.0,2.685,31.2,1752250167819
0.0,0.0,2.685,31.2,1752250167963
31.708293914794922,-97.18904876708984,2.685,31.2,1752250168000
0.0,0.0,2.674,31.2,1752250168055
0.0,0.0,2.664,31.2,1752250168215
0.0,0.0,2.664,31.2,1752250168318
0.0,0.0,2.601,31.2,1752250168466
0.0,0.0,2.549,31.2,1752250168559
0.0,0.0,2.487,31.2,1752250168707
0.0,0.0,2.424,31.2,1752250168803
0.0,0.0,2.372,31.2,1752250168949
0.0,0.0,2.351,31.2,1752250169049
0.0,0.0,2.299,31.2,1752250169199
0.0,0.0,2.258,31.2,1752250169324
0.0,0.0,2.247,31.2,1752250169496
0.0,0.0,2.185,31.2,1752250169604
0.0,0.0,2.133,31.2,1752250169773
0.0,0.0,2.112,31.2,1752250169878
31.708290100097656,-97.18904876708984,2.091,31.2,1752250170000
0.0,0.0,2.091,31.2,1752250170051
0.0,0.0,2.081,31.2,1752250170527
0.0,0.0,2.091,31.2,1752250170715
0.0,0.0,2.102,31.2,1752250170821
0.0,0.0,2.081,31.2,1752250170993
0.0,0.0,2.05,31.2,1752250171091
0.0,0.0,2.05,31.2,1752250171237
0.0,0.0,2.018,31.2,1752250171340
0.0,0.0,1.977,31.2,1752250171507
0.0,0.0,1.946,31.2,1752250171613
0.0,0.0,1.894,31.2,1752250171783
0.0,0.0,1.831,31.2,1752250171888
31.708288192749023,-97.18904113769531,1.779,31.2,1752250172000
0.0,0.0,1.779,31.2,1752250172061
0.0,0.0,1.748,31.2,1752250172528
0.0,0.0,1.685,31.2,1752250172711
0.0,0.0,1.644,31.2,1752250172817
0.0,0.0,1.613,31.2,1752250172972
0.0,0.0,1.571,31.2,1752250173064
0.0,0.0,1.498,31.2,1752250173205
0.0,0.0,1.467,31.2,1752250173321
0.0,0.0,1.446,31.2,1752250173492
0.0,0.0,1.415,31.2,1752250173599
0.0,0.0,1.394,31.2,1752250173770
0.0,0.0,1.373,31.2,1752250173875
0.0,0.0,1.352,31.2,1752250174046
0.0,0.0,1.311,31.2,1752250174518
0.0,0.0,1.29,31.2,1752250174698
0.0,0.0,1.28,31.2,1752250174804
0.0,0.0,1.248,31.2,1752250174956
31.708288192749023,-97.18903350830078,1.248,31.2,1752250175000
0.0,0.0,1.238,31.2,1752250175048
0.0,0.0,1.217,31.2,1752250175192
0.0,0.0,1.217,31.2,1752250175293
0.0,0.0,1.186,31.2,1752250175431
0.0,0.0,1.175,31.2,1752250175520
0.0,0.0,1.144,31.2,1752250175667
0.0,0.0,1.144,31.2,1752250175759
0.0,0.0,1.123,31.2,1752250175904
31.708288192749023,-97.18903350830078,1.123,31.2,1752250176000
0.0,0.0,1.123,31.2,1752250176001
0.0,0.0,1.123,31.2,1752250176145
0.0,0.0,1.113,31.2,1752250176270
0.0,0.0,1.123,31.2,1752250176442
0.0,0.0,1.113,31.2,1752250176549
0.0,0.0,1.103,31.2,1752250176717
0.0,0.0,1.092,31.2,1752250176828
0.0,0.0,1.092,31.2,1752250176998
0.0,0.0,1.082,31.2,1752250177477
0.0,0.0,1.082,31.2,1752250177657
0.0,0.0,1.071,31.2,1752250177778
0.0,0.0,1.061,31.2,1752250177950
0.0,0.0,1.061,31.2,1752250178059
0.0,0.0,1.051,31.2,1752250178240
0.0,0.0,1.03,31.2,1752250178348
0.0,0.0,1.009,31.2,1752250178516
0.0,0.0,1.009,31.2,1752250178987
31.708284378051758,-97.18902587890625,1.009,31.2,1752250179000
0.0,0.0,0.999,31.2,1752250179158
0.0,0.0,0.999,31.2,1752250179279
0.0,0.0,0.988,31.2,1752250179446
0.0,0.0,0.988,31.2,1752250179556
0.0,0.0,0.978,31.2,1752250179726
0.0,0.0,0.957,31.2,1752250179834
0.0,0.0,0.967,31.2,1752250180005
0.0,0.0,0.947,31.2,1752250180102
0.0,0.0,0.947,31.2,1752250180276
0.0,0.0,0.957,31.2,1752250180381
0.0,0.0,0.957,31.2,1752250180548
0.0,0.0,0.947,31.2,1752250180654
0.0,0.0,0.947,31.2,1752250180821
0.0,0.0,0.936,31.2,1752250180926
0.0,0.0,0.936,31.2,1752250181466
0.0,0.0,0.947,31.2,1752250181583
0.0,0.0,0.947,31.2,1752250181755
0.0,0.0,0.947,31.2,1752250181851
0.0,0.0,0.936,31.2,1752250182038
0.0,0.0,0.936,31.2,1752250182116
0.0,0.0,0.947,31.2,1752250182277
0.0,0.0,0.947,31.2,1752250182364
0.0,0.0,0.947,31.2,1752250182511
0.0,0.0,0.957,31.2,1752250182600
0.0,0.0,0.947,31.2,1752250182746
0.0,0.0,0.947,31.2,1752250182839
0.0,0.0,0.957,31.2,1752250182987
31.708282470703125,-97.18901824951172,0.957,31.2,1752250183000
0.0,0.0,0.936,31.2,1752250183076
0.0,0.0,0.915,31.2,1752250183247
0.0,0.0,0.915,31.2,1752250183338
0.0,0.0,0.915,31.2,1752250183487
0.0,0.0,0.895,31.2,1752250183573
0.0,0.0,0.895,31.2,1752250183722
0.0,0.0,0.884,31.2,1752250183812
0.0,0.0,0.884,31.2,1752250183977
31.708282470703125,-97.18901824951172,0.884,31.2,1752250184000
0.0,0.0,0.874,31.2,1752250184064
0.0,0.0,0.884,31.2,1752250184227
0.0,0.0,0.874,31.2,1752250184340
0.0,0.0,0.853,31.2,1752250184513
0.0,0.0,0.874,31.2,1752250184620
0.0,0.0,0.874,31.2,1752250184789
0.0,0.0,0.874,31.2,1752250184895
0.0,0.0,0.863,31.2,1752250185069
0.0,0.0,0.874,31.2,1752250185547
0.0,0.0,0.874,31.2,1752250185739
0.0,0.0,0.884,31.2,1752250185845
0.0,0.0,0.895,31.2,1752250186013
0.0,0.0,0.895,31.2,1752250186118
0.0,0.0,0.895,31.2,1752250186299
0.0,0.0,0.895,31.2,1752250186407
0.0,0.0,0.926,31.2,1752250186942
31.70827865600586,-97.18901062011719,0.926,31.2,1752250187000
0.0,0.0,0.926,31.2,1752250187051
0.0,0.0,0.926,31.2,1752250187235
0.0,0.0,0.936,31.2,1752250187342
0.0,0.0,0.957,31.2,1752250187507
0.0,0.0,0.957,31.2,1752250187590
0.0,0.0,0.978,31.2,1752250187733
0.0,0.0,0.988,31.2,1752250187817
0.0,0.0,0.999,31.2,1752250187957
0.0,0.0,1.009,31.2,1752250188049
0.0,0.0,1.009,31.2,1752250188203
0.0,0.0,1.019,31.2,1752250188316
0.0,0.0,1.061,31.2,1752250188485
0.0,0.0,1.071,31.2,1752250188591
0.0,0.0,1.061,31.2,1752250188760
0.0,0.0,1.071,31.2,1752250188869
0.0,0.0,1.051,31.2,1752250189036
0.0,0.0,1.061,31.2,1752250189517
0.0,0.0,1.051,31.2,1752250189702
0.0,0.0,1.051,31.2,1752250189815
31.708280563354492,-97.18901062011719,1.061,31.2,1752250190000
0.0,0.0,1.061,31.2,1752250190077
0.0,0.0,1.082,31.2,1752250190244
0.0,0.0,1.103,31.2,1752250190329
0.0,0.0,1.092,31.2,1752250190466
0.0,0.0,1.061,31.2,1752250190576
0.0,0.0,1.071,31.2,1752250190709
0.0,0.0,1.103,31.2,1752250190819
0.0,0.0,1.123,31.2,1752250190961
31.70827865600586,-97.18901062011719,1.123,31.2,1752250191000
0.0,0.0,1.144,31.2,1752250191140
0.0,0.0,1.155,31.2,1752250191307
0.0,0.0,1.155,31.2,1752250191410
0.0,0.0,1.165,31.2,1752250191466
0.0,0.0,1.175,31.2,1752250191527
0.0,0.0,1.175,31.2,1752250191587
0.0,0.0,1.186,31.2,1752250191693
0.0,0.0,1.217,31.2,1752250191796
0.0,0.0,1.248,31.2,1752250191900
31.70827865600586,-97.18900299072266,1.238,31.2,1752250192000
31.70827865600586,-97.18900299072266,1.238,31.2,1752250192000
0.0,0.0,1.238,31.2,1752250192002
0.0,0.0,1.217,31.2,1752250192103
0.0,0.0,1.217,31.2,1752250192216
0.0,0.0,1.217,31.2,1752250192358
0.0,0.0,1.217,31.2,1752250192893
0.0,0.0,1.217,31.2,1752250192906
0.0,0.0,1.207,31.2,1752250192908
0.0,0.0,1.165,31.2,1752250192913
0.0,0.0,1.165,31.2,1752250192917
0.0,0.0,1.134,31.2,1752250192922
0.0,0.0,1.092,31.2,1752250192933
0.0,0.0,1.082,31.2,1752250192935
0.0,0.0,1.082,31.2,1752250192940
0.0,0.0,1.051,31.2,1752250192944
0.0,0.0,1.019,31.2,1752250192949
0.0,0.0,1.009,31.2,1752250192949
0.0,0.0,0.988,31.2,1752250192955
0.0,0.0,0.978,31.2,1752250192959
0.0,0.0,0.978,31.2,1752250192962
0.0,0.0,0.988,31.2,1752250192966
0.0,0.0,0.988,31.2,1752250192971
0.0,0.0,0.999,31.2,1752250192971
0.0,0.0,0.988,31.2,1752250192978
0.0,0.0,0.988,31.2,1752250192979
0.0,0.0,0.988,31.2,1752250192992
0.0,0.0,0.999,31.2,1752250192996
0.0,0.0,1.03,31.2,1752250192997
31.70827865600586,-97.18899536132812,1.03,31.2,1752250193000
31.70827865600586,-97.18899536132812,1.03,31.2,1752250193000
31.708274841308594,-97.1889877319336,1.03,31.2,1752250193000
0.0,0.0,1.04,31.2,1752250193020
0.0,0.0,1.061,31.2,1752250193052
0.0,0.0,1.03,31.2,1752250193068
0.0,0.0,1.019,31.2,1752250193075
0.0,0.0,0.999,31.2,1752250193109
0.0,0.0,0.999,31.2,1752250193150
0.0,0.0,0.978,31.2,1752250193238
0.0,0.0,0.978,31.2,1752250193267
0.0,0.0,1.009,31.2,1752250193280
0.0,0.0,0.967,31.2,1752250193326
0.0,0.0,0.936,31.2,1752250193339
0.0,0.0,0.905,31.2,1752250193375
0.0,0.0,0.905,31.2,1752250193446
0.0,0.0,0.863,31.2,1752250193459
0.0,0.0,0.874,31.2,1752250193502
0.0,0.0,0.842,31.2,1752250193512
0.0,0.0,0.832,31.2,1752250193554
0.0,0.0,0.811,31.2,1752250193592
0.0,0.0,0.822,31.2,1752250193607
0.0,0.0,0.79,31.2,1752250193630
0.0,0.0,0.718,31.2,1752250193632
0.0,0.0,0.738,31.2,1752250193653
0.0,0.0,0.738,31.2,1752250193655
0.0,0.0,0.738,31.2,1752250193680
0.0,0.0,0.697,31.2,1752250193688
0.0,0.0,0.718,31.2,1752250193693
0.0,0.0,0.666,31.2,1752250193727
0.0,0.0,0.666,31.2,1752250193733
0.0,0.0,0.666,31.2,1752250193750
0.0,0.0,0.666,31.2,1752250193755
0.0,0.0,0.655,31.2,1752250193778
0.0,0.0,0.645,31.2,1752250193779
0.0,0.0,0.655,31.2,1752250193802
0.0,0.0,0.624,31.2,1752250193822
0.0,0.0,0.624,31.2,1752250193823
0.0,0.0,0.614,31.2,1752250193844
0.0,0.0,0.666,31.2,1752250193845
0.0,0.0,0.655,31.2,1752250193867
0.0,0.0,0.686,31.2,1752250193868
0.0,0.0,0.666,31.2,1752250193907
0.0,0.0,0.655,31.2,1752250193909
0.0,0.0,0.655,31.2,1752250193926
0.0,0.0,0.655,31.2,1752250193931
0.0,0.0,0.697,31.2,1752250193953
0.0,0.0,0.676,31.2,1752250193959
0.0,0.0,0.676,31.2,1752250193979
0.0,0.0,0.686,31.2,1752250193988
31.708271026611328,-97.18898010253906,0.697,31.2,1752250194000
31.708269119262695,-97.18897247314453,0.697,31.2,1752250194000
31.708267211914062,-97.18897247314453,0.697,31.2,1752250194000
0.0,0.0,0.697,31.2,1752250194009
0.0,0.0,0.666,31.2,1752250194021
0.0,0.0,0.655,31.2,1752250194037
0.0,0.0,0.666,31.2,1752250194048
0.0,0.0,0.645,31.2,1752250194077
0.0,0.0,0.624,31.2,1752250194083
0.0,0.0,0.624,31.2,1752250194101
0.0,0.0,0.624,31.2,1752250194106
0.0,0.0,0.603,31.2,1752250194138
0.0,0.0,0.603,31.2,1752250194209
0.0,0.0,0.593,31.2,1752250194215
0.0,0.0,0.572,31.2,1752250194220
0.0,0.0,0.572,31.2,1752250194245
0.0,0.0,0.593,31.2,1752250194248
0.0,0.0,0.624,31.2,1752250194286
0.0,0.0,0.614,31.2,1752250194287
0.0,0.0,0.624,31.2,1752250194288
0.0,0.0,0.645,31.2,1752250194325
0.0,0.0,0.634,31.2,1752250194327
0.0,0.0,0.645,31.2,1752250194343
0.0,0.0,0.666,31.2,1752250194384
0.0,0.0,0.676,31.2,1752250194389
0.0,0.0,0.707,31.2,1752250194390
0.0,0.0,0.697,31.2,1752250194397
0.0,0.0,0.728,31.2,1752250194428
0.0,0.0,0.728,31.2,1752250194448
0.0,0.0,0.697,31.2,1752250194461
0.0,0.0,0.697,31.2,1752250194473
0.0,0.0,0.697,31.2,1752250194485
0.0,0.0,0.676,31.2,1752250194492
0.0,0.0,0.676,31.2,1752250194537
0.0,0.0,0.655,31.2,1752250194544
0.0,0.0,0.655,31.2,1752250194546
0.0,0.0,0.645,31.2,1752250194561
0.0,0.0,0.614,31.2,1752250194606
0.0,0.0,0.614,31.2,1752250194614
0.0,0.0,0.593,31.2,1752250194628
0.0,0.0,0.582,31.2,1752250194633
0.0,0.0,0.593,31.2,1752250194639
0.0,0.0,0.603,31.2,1752250194655
31.708267211914062,-97.18896484375,0.603,31.2,1752250195000
0.0,0.0,0.603,31.2,1752250195761
0.0,0.0,0.624,31.2,1752250195844
0.0,0.0,0.645,31.2,1752250195899
0.0,0.0,0.655,31.2,1752250195913
0.0,0.0,0.666,31.2,1752250195955
0.0,0.0,0.666,31.2,1752250195970
0.0,0.0,0.676,31.2,1752250195981
0.0,0.0,0.676,31.2,1752250196012
0.0,0.0,0.697,31.2,1752250196031
0.0,0.0,0.697,31.2,1752250196093
0.0,0.0,0.697,31.2,1752250197110
31.70826530456543,-97.18895721435547,0.686,31.2,1752250200000
0.0,0.0,0.686,31.2,1752250200607
0.0,0.0,0.676,31.2,1752250200615
0.0,0.0,0.666,31.2,1752250200625
0.0,0.0,0.645,31.2,1752250200664
0.0,0.0,0.624,31.2,1752250200678
0.0,0.0,0.603,31.2,1752250200679
0.0,0.0,0.614,31.2,1752250200690
0.0,0.0,0.614,31.2,1752250200747
0.0,0.0,0.603,31.2,1752250200757
0.0,0.0,0.593,31.2,1752250200776
0.0,0.0,0.593,31.2,1752250200810
0.0,0.0,0.614,31.2,1752250200844
0.0,0.0,0.624,31.2,1752250200856
0.0,0.0,0.634,31.2,1752250200862
0.0,0.0,0.624,31.2,1752250200880
0.0,0.0,0.634,31.2,1752250200896
0.0,0.0,0.645,31.2,1752250200913
0.0,0.0,0.655,31.2,1752250200928
0.0,0.0,0.655,31.2,1752250200944
0.0,0.0,0.634,31.2,1752250200953
0.0,0.0,0.655,31.2,1752250200980
0.0,0.0,0.676,31.2,1752250200996
31.70826530456543,-97.18895721435547,0.676,31.2,1752250201000
0.0,0.0,0.686,31.2,1752250201013
0.0,0.0,0.655,31.2,1752250201024
0.0,0.0,0.645,31.2,1752250201028
0.0,0.0,0.655,31.2,1752250201054
0.0,0.0,0.676,31.2,1752250201094
0.0,0.0,0.655,31.2,1752250201143
0.0,0.0,0.655,31.2,1752250201208
0.0,0.0,0.655,31.2,1752250204818
0.0,0.0,0.655,31.2,1752250204834
0.0,0.0,0.676,31.2,1752250204852
0.0,0.0,0.655,31.2,1752250204868
0.0,0.0,0.655,31.2,1752250204918
0.0,0.0,0.655,31.2,1752250204934
0.0,0.0,0.655,31.2,1752250204959
31.708267211914062,-97.18894958496094,0.655,31.2,1752250205000
0.0,0.0,0.655,31.2,1752250205012
0.0,0.0,0.645,31.2,1752250205016
0.0,0.0,0.645,31.2,1752250205038
0.0,0.0,0.645,31.2,1752250205089
0.0,0.0,0.645,31.2,1752250205147
0.0,0.0,0.666,31.2,1752250205164
0.0,0.0,0.676,31.2,1752250205215
0.0,0.0,0.666,31.2,1752250206903
0.0,0.0,0.676,31.2,1752250206958
0.0,0.0,0.676,31.2,1752250206959
0.0,0.0,0.676,31.2,1752250206973
31.70826530456543,-97.1889419555664,0.676,31.2,1752250207000
0.0,0.0,0.676,31.2,1752250207020
0.0,0.0,0.697,31.2,1752250207027
0.0,0.0,0.707,31.2,1752250207209
0.0,0.0,0.728,31.2,1752250207259
0.0,0.0,0.718,31.2,1752250207568
0.0,0.0,1.123,31.0,1752250444492
0.0,0.0,1.092,31.0,1752250444845
0.0,0.0,1.061,31.0,1752250445262
0.0,0.0,1.03,31.0,1752250445927
0.0,0.0,0.999,31.0,1752250446284
0.0,0.0,0.957,31.0,1752250446635
0.0,0.0,0.957,31.0,1752250446990
0.0,0.0,0.926,31.0,1752250447356
0.0,0.0,0.895,31.0,1752250447709
0.0,0.0,0.853,31.0,1752250448061
0.0,0.0,0.811,31.0,1752250448416
0.0,0.0,0.78,31.0,1752250449115
0.0,0.0,0.79,31.0,1752250449484
0.0,0.0,0.78,31.0,1752250449835
0.0,0.0,0.79,31.0,1752250450535
0.0,0.0,0.77,31.0,1752250451237
0.0,0.0,0.78,31.0,1752250451653
0.0,0.0,0.832,31.0,1752250452002
0.0,0.0,0.811,31.0,1752250452964
31.708171844482422,-97.18888092041016,0.811,31.0,1752250453000
0.0,0.0,0.801,31.0,1752250453324
0.0,0.0,0.811,31.0,1752250453672
0.0,0.0,0.811,31.0,1752250454029
0.0,0.0,0.811,31.0,1752250454474
0.0,0.0,0.801,31.0,1752250455898
0.0,0.0,0.78,31.0,1752250456264
0.0,0.0,0.77,31.0,1752250456617
0.0,0.0,0.79,31.0,1752250456968
0.0,0.0,0.801,31.0,1752250457331
0.0,0.0,0.863,31.0,1752250457683
0.0,0.0,0.863,31.0,1752250458041
0.0,0.0,0.863,31.0,1752250458449
0.0,0.0,0.863,31.0,1752250458860
0.0,0.0,0.874,31.0,1752250459288
0.0,0.0,0.874,31.0,1752250459644
0.0,0.0,0.905,31.0,1752250460003
0.0,0.0,0.915,31.0,1752250460403
0.0,0.0,0.936,31.0,1752250460775
0.0,0.0,0.967,31.0,1752250461183
0.0,0.0,0.926,31.0,1752250461581
0.0,0.0,0.936,31.0,1752250461940
0.0,0.0,0.863,31.0,1752250462321
0.0,0.0,0.842,31.0,1752250462676
31.708154678344727,-97.18888092041016,0.874,31.0,1752250463000
0.0,0.0,0.874,31.0,1752250463041
0.0,0.0,0.884,31.0,1752250463415
0.0,0.0,0.905,31.0,1752250463764
0.0,0.0,0.915,31.0,1752250464121
0.0,0.0,0.926,31.0,1752250464487
0.0,0.0,0.947,31.0,1752250464957
0.0,0.0,0.978,31.0,1752250465658
0.0,0.0,0.967,31.0,1752250466040
0.0,0.0,1.009,31.0,1752250466413
0.0,0.0,1.03,31.0,1752250466766
0.0,0.0,1.092,31.0,1752250467120
0.0,0.0,1.134,31.0,1752250467482
0.0,0.0,1.113,31.0,1752250468290
0.0,0.0,1.134,31.0,1752250468690
0.0,0.0,1.175,31.0,1752250469057
0.0,0.0,1.175,31.0,1752250469427
0.0,0.0,1.155,31.0,1752250469781
0.0,0.0,1.196,31.0,1752250470137
0.0,0.0,1.123,31.0,1752250470506
0.0,0.0,1.071,31.0,1752250470875
0.0,0.0,1.071,31.0,1752250471252
0.0,0.0,1.061,31.0,1752250471609
0.0,0.0,1.061,31.0,1752250471977
0.0,0.0,1.071,31.0,1752250472343
0.0,0.0,1.092,31.0,1752250472697
0.0,0.0,1.123,31.0,1752250473086
0.0,0.0,1.061,31.0,1752250473459
0.0,0.0,1.113,31.0,1752250473821
0.0,0.0,1.123,31.0,1752250474180
0.0,0.0,1.071,31.0,1752250474553
0.0,0.0,1.144,31.0,1752250474911
0.0,0.0,1.155,31.0,1752250475284
0.0,0.0,1.155,31.0,1752250475647
0.0,0.0,1.165,31.0,1752250475717
0.0,0.0,1.196,31.0,1752250475819
0.0,0.0,1.238,31.0,1752250475894
0.0,0.0,1.238,31.0,1752250475995
31.708110809326172,-97.18887329101562,1.238,31.0,1752250476000
0.0,0.0,1.248,31.0,1752250476070
0.0,0.0,1.321,31.0,1752250476172
0.0,0.0,1.29,31.0,1752250476260
0.0,0.0,1.311,31.0,1752250476362
0.0,0.0,1.373,31.0,1752250476436
0.0,0.0,1.363,31.0,1752250476539
0.0,0.0,1.373,31.0,1752250476613
0.0,0.0,1.404,31.0,1752250476720
0.0,0.0,1.425,31.0,1752250476795
0.0,0.0,1.404,31.0,1752250476938
0.0,0.0,1.394,31.0,1752250477007
0.0,0.0,1.404,31.0,1752250477113
0.0,0.0,1.404,31.0,1752250477197
0.0,0.0,1.404,31.0,1752250477353
0.0,0.0,1.425,31.0,1752250477452
0.0,0.0,1.425,31.0,1752250477597
0.0,0.0,1.415,31.0,1752250477694
0.0,0.0,1.425,31.0,1752250477836
0.0,0.0,1.436,31.0,1752250477938
0.0,0.0,1.425,31.0,1752250478328
0.0,0.0,1.436,31.0,1752250478402
0.0,0.0,1.456,31.0,1752250478507
0.0,0.0,1.467,31.0,1752250478580
0.0,0.0,1.477,31.0,1752250478684
0.0,0.0,1.498,31.0,1752250478758
0.0,0.0,1.488,31.0,1752250478862
0.0,0.0,1.509,31.0,1752250478937
31.708101272583008,-97.1888656616211,1.498,31.0,1752250479000
0.0,0.0,1.498,31.0,1752250479041
0.0,0.0,1.509,31.0,1752250479115
0.0,0.0,1.498,31.0,1752250479230
0.0,0.0,1.488,31.0,1752250479304
0.0,0.0,1.488,31.0,1752250479409
0.0,0.0,1.477,31.0,1752250479483
0.0,0.0,1.477,31.0,1752250479593
0.0,0.0,1.467,31.0,1752250479667
0.0,0.0,1.467,31.0,1752250479772
0.0,0.0,1.446,31.0,1752250479847
0.0,0.0,1.446,31.0,1752250479954
31.708097457885742,-97.1888656616211,1.446,31.0,1752250480000
0.0,0.0,1.446,31.0,1752250480028
0.0,0.0,1.446,31.0,1752250480136
0.0,0.0,1.446,31.0,1752250480229
0.0,0.0,1.436,31.0,1752250480379
0.0,0.0,1.436,31.0,1752250480480
0.0,0.0,1.425,31.0,1752250480628
0.0,0.0,1.404,31.0,1752250480732
0.0,0.0,1.394,31.0,1752250480884
0.0,0.0,1.394,31.0,1752250480981
0.0,0.0,1.384,31.0,1752250481385
0.0,0.0,1.394,31.0,1752250481458
0.0,0.0,1.373,31.0,1752250481568
0.0,0.0,1.384,31.0,1752250481654
0.0,0.0,1.384,31.0,1752250481808
0.0,0.0,1.373,31.0,1752250481911
0.0,0.0,1.373,31.0,1752250482059
0.0,0.0,1.373,31.0,1752250482166
0.0,0.0,1.384,31.0,1752250482314
0.0,0.0,1.394,31.0,1752250482672
0.0,0.0,1.384,31.0,1752250482780
0.0,0.0,1.373,31.0,1752250482853
0.0,0.0,1.363,31.0,1752250482962
31.70808982849121,-97.18885803222656,1.373,31.0,1752250483000
0.0,0.0,1.373,31.0,1752250483037
0.0,0.0,1.373,31.0,1752250483145
0.0,0.0,1.363,31.0,1752250483232
0.0,0.0,1.342,31.0,1752250483341
0.0,0.0,1.342,31.0,1752250483415
0.0,0.0,1.332,31.0,1752250483524
0.0,0.0,1.321,31.0,1752250483598
0.0,0.0,1.311,31.0,1752250483708
0.0,0.0,1.3,31.0,1752250483781
0.0,0.0,1.29,31.0,1752250483891
0.0,0.0,1.29,31.0,1752250483964
31.708086013793945,-97.18885803222656,1.29,31.0,1752250484000
0.0,0.0,1.28,31.0,1752250484074
0.0,0.0,1.269,31.0,1752250484147
0.0,0.0,1.259,31.0,1752250484267
0.0,0.0,1.259,31.0,1752250484353
0.0,0.0,1.269,31.0,1752250484507
0.0,0.0,1.269,31.0,1752250484616
0.0,0.0,1.269,31.0,1752250484772
0.0,0.0,1.259,31.0,1752250484875
0.0,0.0,1.248,31.0,1752250485032
0.0,0.0,1.228,31.0,1752250485430
0.0,0.0,1.238,31.0,1752250485543
0.0,0.0,1.238,31.0,1752250485624
0.0,0.0,1.238,31.0,1752250485778
0.0,0.0,1.248,31.0,1752250485886
31.70808219909668,-97.18885803222656,1.228,31.0,1752250486000
0.0,0.0,1.228,31.0,1752250486039
0.0,0.0,1.217,31.0,1752250486142
0.0,0.0,1.217,31.0,1752250486295
0.0,0.0,1.207,31.0,1752250486656
0.0,0.0,1.196,31.0,1752250486772
0.0,0.0,1.196,31.0,1752250486853
0.0,0.0,1.207,31.0,1752250486969
0.0,0.0,1.196,31.0,1752250487047
0.0,0.0,1.196,31.0,1752250487163
0.0,0.0,1.196,31.0,1752250487250
0.0,0.0,1.196,31.0,1752250487387
0.0,0.0,1.207,31.0,1752250487493
0.0,0.0,1.217,31.0,1752250487653
0.0,0.0,1.228,31.0,1752250487756
0.0,0.0,1.228,31.0,1752250487912
31.708080291748047,-97.18885803222656,1.228,31.0,1752250488000
0.0,0.0,1.217,31.0,1752250488294
0.0,0.0,1.238,31.0,1752250488415
0.0,0.0,1.238,31.0,1752250488490
0.0,0.0,1.248,31.0,1752250488603
0.0,0.0,1.248,31.0,1752250488679
0.0,0.0,1.248,31.0,1752250488795
0.0,0.0,1.238,31.0,1752250488869
0.0,0.0,1.238,31.0,1752250488982
0.0,0.0,1.217,31.0,1752250489056
0.0,0.0,1.207,31.0,1752250489169
0.0,0.0,1.196,31.0,1752250489257
0.0,0.0,1.186,31.0,1752250489401
0.0,0.0,1.196,31.0,1752250489509
0.0,0.0,1.175,31.0,1752250489672
0.0,0.0,1.165,31.0,1752250489780
0.0,0.0,1.155,31.0,1752250489944
31.708080291748047,-97.18885803222656,1.155,31.0,1752250490000
0.0,0.0,1.155,31.0,1752250490367
0.0,0.0,1.155,31.0,1752250490453
0.0,0.0,1.155,31.0,1752250490531
0.0,0.0,1.165,31.0,1752250490652
0.0,0.0,1.165,31.0,1752250490730
0.0,0.0,1.175,31.0,1752250490848
0.0,0.0,1.186,31.0,1752250490925
0.0,0.0,1.186,31.0,1752250491044
0.0,0.0,1.175,31.0,1752250491122
0.0,0.0,1.186,31.0,1752250491256
0.0,0.0,1.186,31.0,1752250491366
0.0,0.0,1.186,31.0,1752250491531
0.0,0.0,1.186,31.0,1752250491639
0.0,0.0,1.186,31.0,1752250491799
0.0,0.0,1.186,31.0,1752250491858
0.0,0.0,1.175,31.0,1752250492016
0.0,0.0,1.186,31.0,1752250492377
0.0,0.0,1.186,31.0,1752250492460
0.0,0.0,1.165,31.0,1752250492537
0.0,0.0,1.165,31.0,1752250492657
0.0,0.0,1.155,31.0,1752250492732
0.0,0.0,1.155,31.0,1752250492852
0.0,0.0,1.155,31.0,1752250492929
31.70807456970215,-97.1888656616211,1.165,31.0,1752250493000
0.0,0.0,1.165,31.0,1752250493049
0.0,0.0,1.175,31.0,1752250493128
0.0,0.0,1.175,31.0,1752250493256
0.0,0.0,1.165,31.0,1752250493332
0.0,0.0,1.165,31.0,1752250493452
0.0,0.0,1.165,31.0,1752250493529
0.0,0.0,1.165,31.0,1752250493649
0.0,0.0,1.165,31.0,1752250493775
0.0,0.0,1.175,31.0,1752250493926
0.0,0.0,1.175,31.0,1752250494011
0.0,0.0,1.155,31.0,1752250494144
0.0,0.0,1.155,31.0,1752250494260
0.0,0.0,1.144,31.0,1752250494433
0.0,0.0,1.165,31.0,1752250494571
0.0,0.0,1.144,31.0,1752250494741
0.0,0.0,1.134,31.0,1752250494844
31.708072662353516,-97.18887329101562,1.134,31.0,1752250495000
0.0,0.0,1.134,31.0,1752250495013
0.0,0.0,1.155,31.0,1752250495384
0.0,0.0,1.155,31.0,1752250495512
0.0,0.0,1.155,31.0,1752250495555
0.0,0.0,1.144,31.0,1752250495641
0.0,0.0,1.155,31.0,1752250495720
0.0,0.0,1.155,31.0,1752250495839
0.0,0.0,1.175,31.0,1752250495918
0.0,0.0,1.175,31.0,1752250496040
0.0,0.0,1.165,31.0,1752250496119
0.0,0.0,1.175,31.0,1752250496216
0.0,0.0,1.196,31.0,1752250496274
0.0,0.0,1.196,31.0,1752250496443
0.0,0.0,1.186,31.0,1752250496548
0.0,0.0,1.186,31.0,1752250496709
0.0,0.0,1.196,31.0,1752250496812
0.0,0.0,1.207,31.0,1752250496964
31.708070755004883,-97.18888092041016,1.207,31.0,1752250497000
0.0,0.0,1.196,31.0,1752250497334
0.0,0.0,1.186,31.0,1752250497457
0.0,0.0,1.196,31.0,1752250497533
0.0,0.0,1.196,31.0,1752250497653
0.0,0.0,1.217,31.0,1752250497731
0.0,0.0,1.217,31.0,1752250497850
0.0,0.0,1.196,31.0,1752250497930
31.70806884765625,-97.18888092041016,1.196,31.0,1752250498000
0.0,0.0,1.196,31.0,1752250498018
0.0,0.0,1.217,31.0,1752250498059
0.0,0.0,1.228,31.0,1752250498166
0.0,0.0,1.228,31.0,1752250498232
0.0,0.0,1.228,31.0,1752250498337
0.0,0.0,1.228,31.0,1752250498437
0.0,0.0,1.248,31.0,1752250498534
0.0,0.0,1.248,31.0,1752250498633
0.0,0.0,1.248,31.0,1752250498728
0.0,0.0,1.238,31.0,1752250498826
0.0,0.0,1.228,31.0,1752250498921
0.0,0.0,1.259,31.0,1752250499027
0.0,0.0,1.259,31.0,1752250499122
0.0,0.0,1.248,31.0,1752250499601
0.0,0.0,1.228,31.0,1752250499697
0.0,0.0,1.207,31.0,1752250499795
0.0,0.0,1.207,31.0,1752250499891
0.0,0.0,1.196,31.0,1752250500003
0.0,0.0,1.186,31.0,1752250500489
0.0,0.0,1.196,31.0,1752250500655
31.708065032958984,-97.18888854980469,1.196,31.0,1752250501000
0.0,0.0,1.196,31.0,1752250501009
0.0,0.0,1.196,31.0,1752250501141
0.0,0.0,1.217,31.0,1752250501227
0.0,0.0,1.207,31.0,1752250501346
0.0,0.0,1.217,31.0,1752250501422
0.0,0.0,1.207,31.0,1752250501542
0.0,0.0,1.248,31.0,1752250501624
0.0,0.0,1.259,31.0,1752250501746
0.0,0.0,1.269,31.0,1752250501825
0.0,0.0,1.28,31.0,1752250501947
0.0,0.0,1.29,31.0,1752250502023
0.0,0.0,1.3,31.0,1752250502142
0.0,0.0,1.311,31.0,1752250502228
0.0,0.0,1.311,31.0,1752250502380
0.0,0.0,1.3,31.0,1752250502488
0.0,0.0,1.311,31.0,1752250502656
0.0,0.0,1.311,31.0,1752250502763
0.0,0.0,1.332,31.0,1752250502930
0.0,0.0,1.332,31.0,1752250503306
0.0,0.0,1.321,31.0,1752250503433
0.0,0.0,1.332,31.0,1752250503511
0.0,0.0,1.332,31.0,1752250503632
0.0,0.0,1.332,31.0,1752250503675
0.0,0.0,1.332,31.0,1752250503797
0.0,0.0,1.332,31.0,1752250503875
0.0,0.0,1.342,31.0,1752250503994
31.708059310913086,-97.18888854980469,1.342,31.0,1752250504000
0.0,0.0,1.352,31.0,1752250504072
0.0,0.0,1.363,31.0,1752250504193
0.0,0.0,1.363,31.0,1752250504278
0.0,0.0,1.363,31.0,1752250504397
0.0,0.0,1.373,31.0,1752250504475
0.0,0.0,1.363,31.0,1752250504592
0.0,0.0,1.373,31.0,1752250504667
0.0,0.0,1.373,31.0,1752250504783
0.0,0.0,1.373,31.0,1752250504861
0.0,0.0,1.373,31.0,1752250504978
0.0,0.0,1.363,31.0,1752250505052
0.0,0.0,1.373,31.0,1752250505167
0.0,0.0,1.363,31.0,1752250505260
0.0,0.0,1.384,31.0,1752250505423
0.0,0.0,1.373,31.0,1752250505528
0.0,0.0,1.373,31.0,1752250505688
0.0,0.0,1.373,31.0,1752250505794
0.0,0.0,1.373,31.0,1752250505947
31.708059310913086,-97.18888854980469,1.384,31.0,1752250506000
0.0,0.0,1.384,31.0,1752250506044
0.0,0.0,1.394,31.0,1752250506452
0.0,0.0,1.394,31.0,1752250506526
0.0,0.0,1.384,31.0,1752250506637
0.0,0.0,1.384,31.0,1752250506715
0.0,0.0,1.384,31.0,1752250506828
0.0,0.0,1.394,31.0,1752250506905
0.0,0.0,1.384,31.0,1752250507020
0.0,0.0,1.394,31.0,1752250507095
0.0,0.0,1.394,31.0,1752250507219
0.0,0.0,1.394,31.0,1752250507368
0.0,0.0,1.394,31.0,1752250507472
0.0,0.0,1.404,31.0,1752250507630
0.0,0.0,1.404,31.0,1752250507736
0.0,0.0,1.394,31.0,1752250507893
0.0,0.0,1.415,31.0,1752250507998
31.708059310913086,-97.18888854980469,1.415,31.0,1752250508000
0.0,0.0,1.415,31.0,1752250508446
0.0,0.0,1.425,31.0,1752250508521
0.0,0.0,1.425,31.0,1752250508633
0.0,0.0,1.425,31.0,1752250508724
0.0,0.0,1.425,31.0,1752250508845
0.0,0.0,1.436,31.0,1752250508925
0.0,0.0,1.436,31.0,1752250509045
0.0,0.0,1.436,31.0,1752250509126
0.0,0.0,1.436,31.0,1752250509282
0.0,0.0,1.446,31.0,1752250509387
0.0,0.0,1.446,31.0,1752250509540
0.0,0.0,1.436,31.0,1752250509645
0.0,0.0,1.436,31.0,1752250509800
0.0,0.0,1.425,31.0,1752250509909
31.708059310913086,-97.18888854980469,1.425,31.0,1752250510000
0.0,0.0,1.425,31.0,1752250510054
0.0,0.0,1.436,31.0,1752250510413
0.0,0.0,1.436,31.0,1752250510525
0.0,0.0,1.436,31.0,1752250510606
0.0,0.0,1.456,31.0,1752250510720
0.0,0.0,1.446,31.0,1752250510798
0.0,0.0,1.467,31.0,1752250510912
0.0,0.0,1.467,31.0,1752250510991
0.0,0.0,1.467,31.0,1752250511117
0.0,0.0,1.477,31.0,1752250511201
0.0,0.0,1.467,31.0,1752250511318
0.0,0.0,1.467,31.0,1752250511426
0.0,0.0,1.488,31.0,1752250511586
0.0,0.0,1.488,31.0,1752250511694
0.0,0.0,1.477,31.0,1752250511852
0.0,0.0,1.477,31.0,1752250511957
31.708057403564453,-97.18888854980469,1.477,31.0,1752250512000
0.0,0.0,1.456,31.0,1752250512062
0.0,0.0,1.456,31.0,1752250512158
0.0,0.0,1.456,31.0,1752250512508
0.0,0.0,1.456,31.0,1752250512581
0.0,0.0,1.456,31.0,1752250512693
0.0,0.0,1.446,31.0,1752250512768
0.0,0.0,1.446,31.0,1752250512880
0.0,0.0,1.446,31.0,1752250512955
31.70805549621582,-97.18888092041016,1.446,31.0,1752250513000
0.0,0.0,1.467,31.0,1752250513066
0.0,0.0,1.456,31.0,1752250513141
0.0,0.0,1.477,31.0,1752250513263
0.0,0.0,1.488,31.0,1752250513360
0.0,0.0,1.498,31.0,1752250513517
0.0,0.0,1.498,31.0,1752250513621
0.0,0.0,1.498,31.0,1752250513779
0.0,0.0,1.498,31.0,1752250513884
0.0,0.0,1.498,31.0,1752250514032
0.0,0.0,1.498,31.0,1752250514399
0.0,0.0,1.509,31.0,1752250514475
0.0,0.0,1.509,31.0,1752250514635
0.0,0.0,1.498,31.0,1752250514737
0.0,0.0,1.498,31.0,1752250514892
0.0,0.0,1.488,31.0,1752250514997
0.0,0.0,1.488,31.0,1752250515149
0.0,0.0,1.498,31.0,1752250515265
0.0,0.0,1.488,31.0,1752250515659
0.0,0.0,1.498,31.0,1752250515733
0.0,0.0,1.498,31.0,1752250515845
0.0,0.0,1.488,31.0,1752250515919
31.708053588867188,-97.18888092041016,1.498,31.0,1752250516000
0.0,0.0,1.498,31.0,1752250516029
0.0,0.0,1.488,31.0,1752250516106
0.0,0.0,1.488,31.0,1752250516227
0.0,0.0,1.498,31.0,1752250516301
0.0,0.0,1.498,31.0,1752250516412
0.0,0.0,1.498,31.0,1752250516486
0.0,0.0,1.488,31.0,1752250516598
0.0,0.0,1.498,31.0,1752250516676
0.0,0.0,1.509,31.0,1752250516787
0.0,0.0,1.509,31.0,1752250516864
0.0,0.0,1.509,31.0,1752250516975
31.708049774169922,-97.18888092041016,1.509,31.0,1752250517000
0.0,0.0,1.509,31.0,1752250517053
0.0,0.0,1.498,31.0,1752250517165
0.0,0.0,1.498,31.0,1752250517251
0.0,0.0,1.498,31.0,1752250517396
0.0,0.0,1.509,31.0,1752250517510
0.0,0.0,1.509,31.0,1752250517671
0.0,0.0,1.509,31.0,1752250517781
0.0,0.0,1.529,31.0,1752250517939
0.0,0.0,1.529,31.0,1752250518002
0.0,0.0,1.529,31.0,1752250518410
0.0,0.0,1.54,31.0,1752250518486
0.0,0.0,1.54,31.0,1752250518626
0.0,0.0,1.54,31.0,1752250518734
0.0,0.0,1.54,31.0,1752250518893
0.0,0.0,1.529,31.0,1752250518954
31.708049774169922,-97.18888092041016,1.529,31.0,1752250519000
0.0,0.0,1.529,31.0,1752250519064
0.0,0.0,1.529,31.0,1752250519124
0.0,0.0,1.519,31.0,1752250519184
0.0,0.0,1.519,31.0,1752250519590
0.0,0.0,1.509,31.0,1752250519704
0.0,0.0,1.498,31.0,1752250519782
0.0,0.0,1.488,31.0,1752250519894
0.0,0.0,1.488,31.0,1752250519973
0.0,0.0,1.488,31.0,1752250520086
0.0,0.0,1.477,31.0,1752250520167
0.0,0.0,1.488,31.0,1752250520289
0.0,0.0,1.498,31.0,1752250520398
0.0,0.0,1.498,31.0,1752250520510
0.0,0.0,1.509,31.0,1752250520618
0.0,0.0,1.509,31.0,1752250520777
0.0,0.0,1.509,31.0,1752250520884
31.70804786682129,-97.18888854980469,1.509,31.0,1752250521000
0.0,0.0,1.509,31.0,1752250521043
0.0,0.0,1.519,31.0,1752250521422
0.0,0.0,1.54,31.0,1752250521546
0.0,0.0,1.54,31.0,1752250521624
0.0,0.0,1.54,31.0,1752250521737
0.0,0.0,1.55,31.0,1752250521814
0.0,0.0,1.55,31.0,1752250521929
0.0,0.0,1.55,31.0,1752250522006
0.0,0.0,1.561,31.0,1752250522121
0.0,0.0,1.571,31.0,1752250522206
0.0,0.0,1.561,31.0,1752250522355
0.0,0.0,1.561,31.0,1752250522464
0.0,0.0,1.561,31.0,1752250522622
0.0,0.0,1.561,31.0,1752250522726
0.0,0.0,1.561,31.0,1752250522975
31.70804786682129,-97.18888854980469,1.561,31.0,1752250523000
0.0,0.0,1.561,31.0,1752250523333
0.0,0.0,1.561,31.0,1752250523460
0.0,0.0,1.571,31.0,1752250523538
0.0,0.0,1.561,31.0,1752250523616
0.0,0.0,1.55,31.0,1752250523698
0.0,0.0,1.561,31.0,1752250523814
0.0,0.0,1.55,31.0,1752250523904
31.70804786682129,-97.18888854980469,1.55,31.0,1752250524000
0.0,0.0,1.55,31.0,1752250524020
0.0,0.0,1.571,31.0,1752250524175
0.0,0.0,1.561,31.0,1752250524315
0.0,0.0,1.571,31.0,1752250524418
0.0,0.0,1.581,31.0,1752250524587
0.0,0.0,1.581,31.0,1752250524693
0.0,0.0,1.571,31.0,1752250524862
0.0,0.0,1.571,31.0,1752250524966
0.0,0.0,1.571,31.0,1752250525402
0.0,0.0,1.571,31.0,1752250525483
0.0,0.0,1.571,31.0,1752250525607
0.0,0.0,1.571,31.0,1752250525712
0.0,0.0,1.561,31.0,1752250525885
0.0,0.0,1.55,31.0,1752250525987
0.0,0.0,1.54,31.0,1752250526161
0.0,0.0,1.55,31.0,1752250526280
0.0,0.0,1.54,31.0,1752250526704
0.0,0.0,1.54,31.0,1752250526781
0.0,0.0,1.54,31.0,1752250526901
0.0,0.0,1.55,31.0,1752250526977
31.708049774169922,-97.18888854980469,1.55,31.0,1752250527000
0.0,0.0,1.561,31.0,1752250527098
0.0,0.0,1.561,31.0,1752250527174
0.0,0.0,1.55,31.0,1752250527310
0.0,0.0,1.55,31.0,1752250527400
0.0,0.0,1.55,31.0,1752250527534
0.0,0.0,1.55,31.0,1752250527617
0.0,0.0,1.55,31.0,1752250527749
0.0,0.0,1.54,31.0,1752250527829
0.0,0.0,1.55,31.0,1752250527956
31.708049774169922,-97.18888854980469,1.55,31.0,1752250528000
0.0,0.0,1.55,31.0,1752250528035
0.0,0.0,1.55,31.0,1752250528166
0.0,0.0,1.529,31.0,1752250528273
0.0,0.0,1.529,31.0,1752250528442
0.0,0.0,1.519,31.0,1752250528544
0.0,0.0,1.54,31.0,1752250528713
0.0,0.0,1.529,31.0,1752250528817
0.0,0.0,1.509,31.0,1752250528985
0.0,0.0,1.477,31.0,1752250529399
0.0,0.0,1.509,31.0,1752250529527
0.0,0.0,1.509,31.0,1752250529601
0.0,0.0,1.509,31.0,1752250529752
0.0,0.0,1.456,31.0,1752250529850
31.708049774169922,-97.18888854980469,1.456,31.0,1752250530000
0.0,0.0,1.456,31.0,1752250530019
0.0,0.0,1.436,31.0,1752250530269
0.0,0.0,1.394,31.0,1752250530366
0.0,0.0,1.394,31.0,1752250530772
0.0,0.0,1.384,31.0,1752250530826
0.0,0.0,1.394,31.0,1752250530929
0.0,0.0,1.394,31.0,1752250530944
0.0,0.0,1.373,31.0,1752250531078
0.0,0.0,1.3,31.0,1752250531183
0.0,0.0,1.238,31.0,1752250531366
0.0,0.0,1.186,31.0,1752250531423
0.0,0.0,1.186,31.0,1752250531546
0.0,0.0,1.144,31.0,1752250531565
0.0,0.0,1.144,31.0,1752250531712
0.0,0.0,1.123,31.0,1752250531791
0.0,0.0,1.082,31.0,1752250531946
31.70805549621582,-97.18888854980469,1.04,31.0,1752250532000
0.0,0.0,1.04,31.0,1752250532046
0.0,0.0,1.009,31.0,1752250532207
0.0,0.0,0.978,31.0,1752250532620
0.0,0.0,0.957,31.0,1752250532752
0.0,0.0,0.978,31.0,1752250532827
0.0,0.0,0.978,31.0,1752250532987
0.0,0.0,0.999,31.0,1752250533055
0.0,0.0,0.978,31.0,1752250533186
0.0,0.0,0.999,31.0,1752250533285
0.0,0.0,0.988,31.0,1752250533454
0.0,0.0,0.988,31.0,1752250533558
0.0,0.0,1.019,31.0,1752250533723
0.0,0.0,1.019,31.0,1752250533825
0.0,0.0,1.009,31.0,1752250533989
31.708057403564453,-97.18888092041016,1.009,31.0,1752250534000
0.0,0.0,0.999,31.0,1752250534359
0.0,0.0,0.988,31.0,1752250534491
0.0,0.0,0.978,31.0,1752250534565
0.0,0.0,0.978,31.0,1752250534684
0.0,0.0,0.957,31.0,1752250534757
0.0,0.0,0.957,31.0,1752250534877
0.0,0.0,0.915,31.0,1752250534951
31.708059310913086,-97.18888092041016,0.915,31.0,1752250535000
0.0,0.0,0.874,31.0,1752250535070
0.0,0.0,0.863,31.0,1752250535144
0.0,0.0,0.863,31.0,1752250535277
0.0,0.0,0.874,31.0,1752250535374
0.0,0.0,0.884,31.0,1752250535542
0.0,0.0,0.895,31.0,1752250535645
0.0,0.0,0.884,31.0,1752250535812
0.0,0.0,0.853,31.0,1752250535920
0.0,0.0,0.832,31.0,1752250536353
0.0,0.0,0.863,31.0,1752250536434
0.0,0.0,0.822,31.0,1752250536578
0.0,0.0,0.822,31.0,1752250536681
0.0,0.0,0.822,31.0,1752250536850
0.0,0.0,0.822,31.0,1752250536953
31.70806121826172,-97.18888092041016,0.822,31.0,1752250537000
0.0,0.0,0.801,31.0,1752250537125
0.0,0.0,0.79,31.0,1752250537242
0.0,0.0,0.78,31.0,1752250537697
0.0,0.0,0.78,31.0,1752250537773
0.0,0.0,0.77,31.0,1752250537894
0.0,0.0,0.78,31.0,1752250537968
0.0,0.0,0.801,31.0,1752250538094
0.0,0.0,0.79,31.0,1752250538172
0.0,0.0,0.801,31.0,1752250538326
0.0,0.0,0.801,31.0,1752250538429
0.0,0.0,0.78,31.0,1752250538598
0.0,0.0,0.759,31.0,1752250538701
0.0,0.0,0.77,31.0,1752250538871
0.0,0.0,0.749,31.0,1752250538974
31.70806121826172,-97.18888092041016,0.749,31.0,1752250539000
0.0,0.0,0.77,31.0,1752250539444
0.0,0.0,0.78,31.0,1752250539526
0.0,0.0,0.79,31.0,1752250539646
0.0,0.0,0.811,31.0,1752250539719
0.0,0.0,0.801,31.0,1752250539839
0.0,0.0,0.811,31.0,1752250539912
31.708065032958984,-97.18887329101562,0.79,31.0,1752250540000
0.0,0.0,0.79,31.0,1752250540043
0.0,0.0,0.811,31.0,1752250540122
0.0,0.0,0.832,31.0,1752250540288
0.0,0.0,0.842,31.0,1752250540391
0.0,0.0,0.895,31.0,1752250540562
0.0,0.0,0.936,31.0,1752250540666
0.0,0.0,0.936,31.0,1752250540836
31.708208084106445,-97.18917846679688,5.016,31.0,1752250564000
0.0,0.0,5.016,31.0,1752250564195
0.0,0.0,5.016,31.0,1752250564237
0.0,0.0,5.016,31.0,1752250564340
0.0,0.0,5.016,31.0,1752250564384
0.0,0.0,5.005,31.0,1752250564483
0.0,0.0,5.005,31.0,1752250564527
0.0,0.0,5.005,31.0,1752250564626
0.0,0.0,5.005,31.0,1752250564675
0.0,0.0,5.005,31.0,1752250564774
0.0,0.0,5.005,31.0,1752250564818
0.0,0.0,5.005,31.0,1752250564919
0.0,0.0,5.005,31.0,1752250564964
31.708208084106445,-97.18917846679688,5.005,31.0,1752250565000
0.0,0.0,5.005,31.0,1752250565065
0.0,0.0,4.995,31.0,1752250565111
0.0,0.0,4.984,31.0,1752250565264
0.0,0.0,4.974,31.0,1752250565326
0.0,0.0,5.005,31.0,1752250565467
0.0,0.0,4.984,31.0,1752250565530
0.0,0.0,4.974,31.0,1752250565672
0.0,0.0,4.964,31.0,1752250565734
0.0,0.0,4.953,31.0,1752250565874
0.0,0.0,4.943,31.0,1752250565942
0.0,0.0,4.922,31.0,1752250566400
0.0,0.0,4.922,31.0,1752250566452
0.0,0.0,4.932,31.0,1752250566571
0.0,0.0,4.932,31.0,1752250566633
0.0,0.0,4.932,31.0,1752250566771
0.0,0.0,4.932,31.0,1752250566834
0.0,0.0,4.901,31.0,1752250566976
31.708208084106445,-97.18917846679688,4.901,31.0,1752250567000
0.0,0.0,4.922,31.0,1752250567057
0.0,0.0,4.932,31.0,1752250567204
0.0,0.0,4.943,31.0,1752250567275
0.0,0.0,4.943,31.0,1752250567729
0.0,0.0,4.984,31.0,1752250567774
0.0,0.0,4.984,31.0,1752250567875
0.0,0.0,4.964,31.0,1752250567924
0.0,0.0,4.964,31.0,1752250568025
0.0,0.0,4.964,31.0,1752250568069
0.0,0.0,4.964,31.0,1752250568211
0.0,0.0,4.943,31.0,1752250568283
0.0,0.0,4.953,31.0,1752250568426
0.0,0.0,4.943,31.0,1752250568490
0.0,0.0,4.943,31.0,1752250568633
0.0,0.0,4.943,31.0,1752250568702
0.0,0.0,4.922,31.0,1752250568844
0.0,0.0,4.912,31.0,1752250568907
31.708209991455078,-97.18917846679688,4.912,31.0,1752250569000
0.0,0.0,4.912,31.0,1752250569360
0.0,0.0,4.912,31.0,1752250569412
0.0,0.0,4.912,31.0,1752250569514
0.0,0.0,4.922,31.0,1752250569558
0.0,0.0,4.932,31.0,1752250569664
0.0,0.0,4.953,31.0,1752250569709
0.0,0.0,4.943,31.0,1752250569818
0.0,0.0,4.943,31.0,1752250569867
0.0,0.0,4.932,31.2,1752250569985
31.708213806152344,-97.18917846679688,4.932,31.2,1752250570000
0.0,0.0,4.922,31.2,1752250570094
0.0,0.0,4.943,31.2,1752250570135
0.0,0.0,4.932,31.2,1752250570287
0.0,0.0,4.912,31.2,1752250570349
0.0,0.0,4.891,31.2,1752250570495
0.0,0.0,4.87,31.2,1752250570557
0.0,0.0,4.87,31.2,1752250570701
0.0,0.0,4.87,31.2,1752250570763
0.0,0.0,4.87,31.2,1752250570910
0.0,0.0,4.87,31.2,1752250570973
0.0,0.0,4.86,31.2,1752250571434
0.0,0.0,4.87,31.2,1752250571486
0.0,0.0,4.87,31.2,1752250571603
0.0,0.0,4.86,31.2,1752250571664
0.0,0.0,4.88,31.2,1752250571805
0.0,0.0,4.891,31.2,1752250571867
0.0,0.0,4.912,31.2,1752250572013
0.0,0.0,4.922,31.2,1752250572075
0.0,0.0,4.922,31.2,1752250572221
0.0,0.0,4.901,31.2,1752250572294
0.0,0.0,4.901,31.2,1752250572750
0.0,0.0,4.912,31.2,1752250572796
0.0,0.0,4.901,31.2,1752250572899
0.0,0.0,4.901,31.2,1752250572944
0.0,0.0,4.901,31.2,1752250573049
0.0,0.0,4.891,31.2,1752250573096
0.0,0.0,4.88,31.2,1752250573212
0.0,0.0,4.86,31.2,1752250573266
0.0,0.0,4.849,31.2,1752250573375
0.0,0.0,4.849,31.2,1752250573429
0.0,0.0,4.87,31.2,1752250573535
0.0,0.0,4.88,31.2,1752250573580
0.0,0.0,4.87,31.2,1752250573694
0.0,0.0,4.88,31.2,1752250573743
0.0,0.0,4.88,31.2,1752250573850
0.0,0.0,4.88,31.2,1752250573899
31.708215713500977,-97.18917083740234,4.912,31.2,1752250574000
0.0,0.0,4.912,31.2,1752250574008
0.0,0.0,4.912,31.2,1752250574056
0.0,0.0,4.912,31.2,1752250574173
0.0,0.0,4.912,31.2,1752250574235
0.0,0.0,4.912,31.2,1752250574343
0.0,0.0,4.901,31.2,1752250574395
0.0,0.0,4.901,31.2,1752250574501
0.0,0.0,4.932,31.2,1752250574546
0.0,0.0,4.912,31.2,1752250574659
0.0,0.0,4.891,31.2,1752250574705
0.0,0.0,4.87,31.2,1752250574812
0.0,0.0,4.87,31.2,1752250574862
0.0,0.0,4.849,31.2,1752250574969
31.70821762084961,-97.18916320800781,4.839,31.2,1752250575000
0.0,0.0,4.839,31.2,1752250575017
0.0,0.0,4.839,31.2,1752250575129
0.0,0.0,4.839,31.2,1752250575216
0.0,0.0,4.839,31.2,1752250575366
0.0,0.0,4.849,31.2,1752250575428
0.0,0.0,4.849,31.2,1752250575573
0.0,0.0,4.839,31.2,1752250575642
0.0,0.0,4.849,31.2,1752250575791
0.0,0.0,4.86,31.2,1752250575858
31.708219528198242,-97.18916320800781,4.891,31.2,1752250576000
0.0,0.0,4.891,31.2,1752250576006
0.0,0.0,4.87,31.2,1752250576385
0.0,0.0,4.88,31.2,1752250576521
0.0,0.0,4.891,31.2,1752250576584
0.0,0.0,4.891,31.2,1752250576728
0.0,0.0,4.901,31.2,1752250576791
0.0,0.0,4.901,31.2,1752250576938
0.0,0.0,4.88,31.2,1752250577012
0.0,0.0,4.86,31.2,1752250577153
0.0,0.0,4.86,31.2,1752250577240
0.0,0.0,4.839,31.2,1752250577762
0.0,0.0,4.828,31.2,1752250577825
0.0,0.0,4.818,31.2,1752250577969
31.708219528198242,-97.18916320800781,4.818,31.2,1752250578000
0.0,0.0,4.808,31.2,1752250578034
0.0,0.0,4.808,31.2,1752250578519
0.0,0.0,4.787,31.2,1752250578571
0.0,0.0,4.766,31.2,1752250578677
0.0,0.0,4.735,31.2,1752250578723
0.0,0.0,4.724,31.2,1752250578827
0.0,0.0,4.735,31.2,1752250578875
0.0,0.0,4.735,31.2,1752250578988
0.0,0.0,4.745,31.2,1752250579040
0.0,0.0,4.745,31.2,1752250579145
0.0,0.0,4.745,31.2,1752250579228
0.0,0.0,4.756,31.2,1752250579373
0.0,0.0,4.756,31.2,1752250579434
0.0,0.0,4.756,31.2,1752250579580
0.0,0.0,4.745,31.2,1752250579643
0.0,0.0,4.745,31.2,1752250579789
0.0,0.0,4.745,31.2,1752250579852
0.0,0.0,4.756,31.2,1752250579997
31.708219528198242,-97.18916320800781,4.756,31.2,1752250580000
0.0,0.0,4.756,31.2,1752250580397
0.0,0.0,4.745,31.2,1752250580508
0.0,0.0,4.745,31.2,1752250580552
0.0,0.0,4.745,31.2,1752250580666
0.0,0.0,4.735,31.2,1752250580710
0.0,0.0,4.724,31.2,1752250580824
0.0,0.0,4.714,31.2,1752250580876
0.0,0.0,4.714,31.2,1752250580984
0.0,0.0,4.714,31.2,1752250581032
0.0,0.0,4.714,31.2,1752250581141
0.0,0.0,4.714,31.2,1752250581223
0.0,0.0,4.724,31.2,1752250581368
0.0,0.0,4.724,31.2,1752250581429
0.0,0.0,4.714,31.2,1752250581576
0.0,0.0,4.714,31.2,1752250581638
0.0,0.0,4.724,31.2,1752250581782
0.0,0.0,4.745,31.2,1752250581844
0.0,0.0,4.745,31.2,1752250581990
31.70821762084961,-97.18916320800781,4.745,31.2,1752250582000
0.0,0.0,4.745,31.2,1752250582386
0.0,0.0,4.735,31.2,1752250582501
0.0,0.0,4.735,31.2,1752250582547
0.0,0.0,4.745,31.2,1752250582657
0.0,0.0,4.735,31.2,1752250582707
0.0,0.0,4.724,31.2,1752250582814
0.0,0.0,4.714,31.2,1752250582867
0.0,0.0,4.714,31.2,1752250582975
31.70821762084961,-97.18915557861328,4.735,31.2,1752250583000
0.0,0.0,4.735,31.2,1752250583023
0.0,0.0,4.766,31.2,1752250583138
0.0,0.0,4.724,31.2,1752250583218
0.0,0.0,4.724,31.2,1752250583364
0.0,0.0,4.724,31.2,1752250583426
0.0,0.0,4.724,31.2,1752250583571
0.0,0.0,4.745,31.2,1752250583634
0.0,0.0,4.724,31.2,1752250583784
0.0,0.0,4.724,31.2,1752250583846
0.0,0.0,4.724,31.2,1752250584096
0.0,0.0,4.735,31.2,1752250584412
0.0,0.0,4.735,31.2,1752250584537
0.0,0.0,4.714,31.2,1752250584601
0.0,0.0,4.672,31.2,1752250584744
0.0,0.0,4.683,31.2,1752250584806
0.0,0.0,4.693,31.2,1752250584952
0.0,0.0,4.693,31.2,1752250585016
0.0,0.0,4.703,31.2,1752250585161
0.0,0.0,4.662,31.2,1752250585238
0.0,0.0,4.672,31.2,1752250585708
0.0,0.0,4.683,31.2,1752250585754
0.0,0.0,4.683,31.2,1752250585857
0.0,0.0,4.672,31.2,1752250585901
31.708215713500977,-97.18914794921875,4.672,31.2,1752250586000
0.0,0.0,4.672,31.2,1752250586006
0.0,0.0,4.683,31.2,1752250586057
0.0,0.0,4.703,31.2,1752250586172
0.0,0.0,4.703,31.2,1752250586233
0.0,0.0,4.683,31.2,1752250586341
0.0,0.0,4.683,31.2,1752250586392
0.0,0.0,4.672,31.2,1752250586503
0.0,0.0,4.672,31.2,1752250586552
0.0,0.0,4.672,31.2,1752250586667
0.0,0.0,4.662,31.2,1752250586715
0.0,0.0,4.662,31.2,1752250586825
0.0,0.0,4.662,31.2,1752250586881
0.0,0.0,4.662,31.2,1752250586992
0.0,0.0,4.662,31.2,1752250587039
0.0,0.0,4.683,31.2,1752250587160
0.0,0.0,4.672,31.2,1752250587250
0.0,0.0,4.683,31.2,1752250587394
0.0,0.0,4.703,31.2,1752250587458
0.0,0.0,4.714,31.2,1752250587605
0.0,0.0,4.714,31.2,1752250587666
0.0,0.0,4.724,31.2,1752250587815
0.0,0.0,4.714,31.2,1752250587877
0.0,0.0,4.714,31.2,1752250588023
0.0,0.0,4.714,31.2,1752250588432
0.0,0.0,4.735,31.2,1752250588547
0.0,0.0,4.724,31.2,1752250588591
0.0,0.0,4.735,31.2,1752250588694
0.0,0.0,4.724,31.2,1752250588803
0.0,0.0,4.724,31.2,1752250588844
0.0,0.0,4.724,31.2,1752250588955
31.70821762084961,-97.18914794921875,4.724,31.2,1752250589000
0.0,0.0,4.724,31.2,1752250589004
0.0,0.0,4.724,31.2,1752250589113
0.0,0.0,4.735,31.2,1752250589171
0.0,0.0,4.724,31.2,1752250589290
0.0,0.0,4.724,31.2,1752250589337
0.0,0.0,4.703,31.2,1752250589505
0.0,0.0,4.683,31.2,1752250589551
0.0,0.0,4.683,31.2,1752250589665
0.0,0.0,4.662,31.2,1752250589712
0.0,0.0,4.683,31.2,1752250589824
0.0,0.0,4.672,31.2,1752250589876
0.0,0.0,4.683,31.2,1752250589986
31.70821762084961,-97.18914031982422,4.683,31.2,1752250590000
0.0,0.0,4.672,31.2,1752250590035
0.0,0.0,4.662,31.2,1752250590193
0.0,0.0,4.651,31.2,1752250590328
0.0,0.0,4.662,31.2,1752250590432
0.0,0.0,4.672,31.2,1752250590566
0.0,0.0,4.672,31.2,1752250590664
0.0,0.0,4.683,31.2,1752250590728
0.0,0.0,4.683,31.2,1752250590875
0.0,0.0,4.683,31.2,1752250590938
31.70821762084961,-97.18914031982422,4.683,31.2,1752250591000
0.0,0.0,4.662,31.2,1752250591422
0.0,0.0,4.651,31.2,1752250591559
0.0,0.0,4.62,31.2,1752250591610
0.0,0.0,4.599,31.2,1752250591760
0.0,0.0,4.599,31.2,1752250591825
0.0,0.0,4.589,31.2,1752250591973
0.0,0.0,4.568,31.2,1752250592037
0.0,0.0,4.558,31.2,1752250592181
0.0,0.0,4.537,31.2,1752250592269
0.0,0.0,4.527,31.2,1752250592783
0.0,0.0,4.527,31.2,1752250592846
0.0,0.0,4.547,31.2,1752250592994
31.70821762084961,-97.18914031982422,4.547,31.2,1752250593000
0.0,0.0,4.568,31.2,1752250593056
0.0,0.0,4.579,31.2,1752250593206
0.0,0.0,4.599,31.2,1752250593628
0.0,0.0,4.61,31.2,1752250593732
0.0,0.0,4.62,31.2,1752250593779
0.0,0.0,4.62,31.2,1752250593888
0.0,0.0,4.62,31.2,1752250593938
31.70821762084961,-97.18913269042969,4.631,31.2,1752250594000
31.708215713500977,-97.18913269042969,4.631,31.2,1752250594000
0.0,0.0,4.631,31.2,1752250594048
0.0,0.0,4.62,31.2,1752250594101
0.0,0.0,4.61,31.2,1752250594251
0.0,0.0,4.579,31.2,1752250594393
0.0,0.0,4.547,31.2,1752250594612
0.0,0.0,4.527,31.2,1752250594793
0.0,0.0,4.495,31.2,1752250594858
31.708215713500977,-97.18912506103516,4.485,31.2,1752250595000
0.0,0.0,4.485,31.2,1752250595005
0.0,0.0,4.475,31.2,1752250595392
0.0,0.0,4.475,31.2,1752250595540
0.0,0.0,4.454,31.2,1752250595604
0.0,0.0,4.454,31.2,1752250595749
0.0,0.0,4.443,31.2,1752250595813
0.0,0.0,4.443,31.2,1752250595959
31.70821189880371,-97.18912506103516,4.443,31.2,1752250596000
0.0,0.0,4.443,31.2,1752250596185
0.0,0.0,4.443,31.2,1752250596246
0.0,0.0,4.443,31.2,1752250596753
0.0,0.0,4.464,31.2,1752250596816
0.0,0.0,4.475,31.2,1752250596963
0.0,0.0,4.464,31.2,1752250597027
0.0,0.0,4.464,31.2,1752250597551
0.0,0.0,4.454,31.2,1752250597634
0.0,0.0,4.454,31.2,1752250597817
0.0,0.0,4.443,31.2,1752250597869
31.708200454711914,-97.18912506103516,4.443,31.2,1752250598000
0.0,0.0,4.433,31.2,1752250598390
0.0,0.0,4.433,31.2,1752250598468
0.0,0.0,4.412,31.2,1752250598612
0.0,0.0,4.402,31.2,1752250598674
0.0,0.0,4.402,31.2,1752250599206
0.0,0.0,4.391,31.2,1752250599285
0.0,0.0,4.37,31.2,1752250599465
0.0,0.0,4.37,31.2,1752250599520
0.0,0.0,4.37,31.2,1752250599659
0.0,0.0,4.37,31.2,1752250599721
0.0,0.0,4.37,31.2,1752250599867
0.0,0.0,4.35,31.2,1752250599929
31.708200454711914,-97.18911743164062,4.35,31.2,1752250600000
0.0,0.0,4.35,31.2,1752250600077
0.0,0.0,4.339,31.2,1752250600144
0.0,0.0,4.339,31.2,1752250600593
0.0,0.0,4.35,31.2,1752250600637
0.0,0.0,4.339,31.2,1752250600743
0.0,0.0,4.329,31.2,1752250600796
0.0,0.0,4.329,31.2,1752250600938
0.0,0.0,4.329,31.2,1752250600980
31.70820426940918,-97.1891098022461,4.329,31.2,1752250601000
0.0,0.0,4.318,31.2,1752250601097
0.0,0.0,4.318,31.2,1752250601145
0.0,0.0,4.308,31.2,1752250601303
0.0,0.0,4.308,31.2,1752250601366
0.0,0.0,4.308,31.2,1752250601511
0.0,0.0,4.298,31.2,1752250601574
0.0,0.0,4.298,31.2,1752250601722
0.0,0.0,4.287,31.2,1752250601789
0.0,0.0,4.287,31.2,1752250601938
0.0,0.0,4.287,31.2,1752250602000
0.0,0.0,4.277,31.2,1752250602224
0.0,0.0,4.277,31.2,1752250602527
0.0,0.0,4.277,31.2,1752250602674
0.0,0.0,4.277,31.2,1752250602736
0.0,0.0,4.266,31.2,1752250602882
0.0,0.0,4.266,31.2,1752250602945
0.0,0.0,4.266,31.2,1752250603152
0.0,0.0,4.277,31.2,1752250603218
0.0,0.0,4.256,31.2,1752250603366
0.0,0.0,4.256,31.2,1752250603756
0.0,0.0,4.246,31.2,1752250603863
0.0,0.0,4.246,31.2,1752250603907
31.708206176757812,-97.18910217285156,4.256,31.2,1752250604000
0.0,0.0,4.256,31.2,1752250604021
0.0,0.0,4.235,31.2,1752250604070
0.0,0.0,4.235,31.2,1752250604232
0.0,0.0,4.225,31.2,1752250604277
0.0,0.0,4.225,31.2,1752250604389
0.0,0.0,4.225,31.2,1752250604438
0.0,0.0,4.225,31.2,1752250604602
0.0,0.0,4.204,31.2,1752250604650
0.0,0.0,4.204,31.2,1752250604764
0.0,0.0,4.194,31.2,1752250604816
0.0,0.0,4.204,31.2,1752250604930
0.0,0.0,4.194,31.2,1752250604982
0.0,0.0,4.194,31.2,1752250605095
0.0,0.0,4.183,31.2,1752250605143
0.0,0.0,4.183,31.2,1752250605306
0.0,0.0,4.183,31.2,1752250605369
0.0,0.0,4.173,31.2,1752250605515
0.0,0.0,4.173,31.2,1752250605650
0.0,0.0,4.173,31.2,1752250605751
0.0,0.0,4.162,31.2,1752250605813
0.0,0.0,4.152,31.2,1752250605960
31.70820426940918,-97.18909454345703,4.152,31.2,1752250606000
0.0,0.0,4.152,31.2,1752250606023
0.0,0.0,4.131,31.2,1752250606515
0.0,0.0,4.141,31.2,1752250606578
0.0,0.0,4.141,31.2,1752250606692
0.0,0.0,4.131,31.2,1752250606744
0.0,0.0,4.131,31.2,1752250606861
0.0,0.0,4.11,31.2,1752250606909
31.708206176757812,-97.18909454345703,4.11,31.2,1752250607000
0.0,0.0,4.11,31.2,1752250607027
0.0,0.0,4.1,31.2,1752250607076
0.0,0.0,4.1,31.2,1752250607247
0.0,0.0,4.1,31.2,1752250607314
0.0,0.0,4.1,31.2,1752250607462
0.0,0.0,4.1,31.2,1752250607598
0.0,0.0,4.1,31.2,1752250607698
0.0,0.0,4.1,31.2,1752250607766
0.0,0.0,4.089,31.2,1752250607915
0.0,0.0,4.089,31.2,1752250607978
0.0,0.0,4.079,31.2,1752250608472
0.0,0.0,4.089,31.2,1752250608518
0.0,0.0,4.089,31.2,1752250608658
0.0,0.0,4.1,31.2,1752250608721
0.0,0.0,4.089,31.2,1752250608870
0.0,0.0,4.069,31.2,1752250608932
0.0,0.0,4.069,31.2,1752250609082
0.0,0.0,4.079,31.2,1752250609144
0.0,0.0,4.079,31.2,1752250609320
0.0,0.0,4.058,31.2,1752250609382
0.0,0.0,4.058,31.2,1752250609872
0.0,0.0,4.058,31.2,1752250609918
0.0,0.0,4.058,31.2,1752250610029
0.0,0.0,4.058,31.2,1752250610083
0.0,0.0,4.069,31.2,1752250610202
0.0,0.0,4.048,31.2,1752250610259
0.0,0.0,4.048,31.2,1752250610379
0.0,0.0,4.037,31.2,1752250610428
0.0,0.0,4.037,31.2,1752250610542
0.0,0.0,4.037,31.2,1752250610594
0.0,0.0,4.027,31.2,1752250610716
0.0,0.0,4.017,31.2,1752250610771
0.0,0.0,4.017,31.2,1752250610896
0.0,0.0,4.017,31.2,1752250610945
31.70819854736328,-97.1890869140625,4.017,31.2,1752250611000
0.0,0.0,4.017,31.2,1752250611061
0.0,0.0,3.996,31.2,1752250611216
0.0,0.0,3.975,31.2,1752250611267
0.0,0.0,3.975,31.2,1752250611381
0.0,0.0,3.985,31.2,1752250611430
0.0,0.0,3.985,31.2,1752250611548
0.0,0.0,3.985,31.2,1752250611600
0.0,0.0,3.985,31.2,1752250611716
0.0,0.0,3.985,31.2,1752250611766
0.0,0.0,3.975,31.2,1752250611889
0.0,0.0,3.975,31.2,1752250611937
31.708194732666016,-97.18907928466797,3.965,31.2,1752250612000
0.0,0.0,3.965,31.2,1752250612054
0.0,0.0,3.975,31.2,1752250612106
0.0,0.0,3.975,31.2,1752250612263
0.0,0.0,3.965,31.2,1752250612331
0.0,0.0,3.965,31.2,1752250612477
0.0,0.0,3.954,31.2,1752250612542
0.0,0.0,3.954,31.2,1752250612689
0.0,0.0,3.944,31.2,1752250612752
0.0,0.0,3.933,31.2,1752250612900
0.0,0.0,3.933,31.2,1752250612964
0.0,0.0,3.923,31.2,1752250613468
0.0,0.0,3.923,31.2,1752250613589
0.0,0.0,3.913,31.2,1752250613645
0.0,0.0,3.913,31.2,1752250613793
0.0,0.0,3.913,31.2,1752250613855
31.70819091796875,-97.18907165527344,3.892,31.2,1752250614000
0.0,0.0,3.892,31.2,1752250614004
0.0,0.0,3.902,31.2,1752250614072
0.0,0.0,3.881,31.2,1752250614222
0.0,0.0,3.881,31.2,1752250614295
0.0,0.0,3.892,31.2,1752250614443
0.0,0.0,3.881,31.2,1752250614856
0.0,0.0,3.871,31.2,1752250614962
31.708189010620117,-97.18907165527344,3.881,31.2,1752250615000
0.0,0.0,3.881,31.2,1752250615008
0.0,0.0,3.871,31.2,1752250615123
0.0,0.0,3.871,31.2,1752250615206
0.0,0.0,3.871,31.2,1752250615358
0.0,0.0,3.861,31.2,1752250615420
0.0,0.0,3.861,31.2,1752250615568
0.0,0.0,3.871,31.2,1752250615630
0.0,0.0,3.861,31.2,1752250615801
0.0,0.0,3.861,31.2,1752250615864
0.0,0.0,3.871,31.2,1752250616016
0.0,0.0,3.871,31.2,1752250616426
0.0,0.0,3.861,31.2,1752250616557
0.0,0.0,3.861,31.2,1752250616619
0.0,0.0,3.861,31.2,1752250616764
0.0,0.0,3.861,31.2,1752250616825
0.0,0.0,3.85,31.2,1752250616974
31.70818519592285,-97.1890640258789,3.85,31.2,1752250617000
0.0,0.0,3.85,31.2,1752250617039
0.0,0.0,3.85,31.2,1752250617196
0.0,0.0,3.84,31.2,1752250617274
0.0,0.0,3.84,31.2,1752250617764
0.0,0.0,3.84,31.2,1752250617811
0.0,0.0,3.819,31.2,1752250617915
0.0,0.0,3.819,31.2,1752250617967
0.0,0.0,3.819,31.2,1752250618084
0.0,0.0,3.819,31.2,1752250618133
0.0,0.0,3.819,31.2,1752250618331
0.0,0.0,3.808,31.2,1752250618383
0.0,0.0,3.808,31.2,1752250618528
0.0,0.0,3.808,31.2,1752250618590
0.0,0.0,3.808,31.2,1752250618734
0.0,0.0,3.798,31.2,1752250618798
0.0,0.0,3.788,31.2,1752250618949
31.708179473876953,-97.18905639648438,3.798,31.2,1752250619000
0.0,0.0,3.798,31.2,1752250619012
0.0,0.0,3.798,31.2,1752250619507
0.0,0.0,3.788,31.2,1752250619561
0.0,0.0,3.788,31.2,1752250619671
0.0,0.0,3.788,31.2,1752250619727
0.0,0.0,3.788,31.2,1752250619839
0.0,0.0,3.777,31.2,1752250619887
0.0,0.0,3.777,31.2,1752250620007
0.0,0.0,3.777,31.2,1752250620055
0.0,0.0,3.767,31.2,1752250620204
0.0,0.0,3.767,31.2,1752250620280
0.0,0.0,3.767,31.2,1752250620427
0.0,0.0,3.777,31.2,1752250620489
0.0,0.0,3.767,31.2,1752250620638
0.0,0.0,3.767,31.2,1752250620700
0.0,0.0,3.756,31.2,1752250620849
0.0,0.0,3.767,31.2,1752250620911
0.0,0.0,3.767,31.2,1752250621427
0.0,0.0,3.756,31.2,1752250621483
0.0,0.0,3.756,31.2,1752250621596
0.0,0.0,3.756,31.2,1752250621652
0.0,0.0,3.756,31.2,1752250621764
0.0,0.0,3.746,31.2,1752250621814
0.0,0.0,3.746,31.2,1752250621931
0.0,0.0,3.736,31.2,1752250621980
31.708171844482422,-97.18905639648438,3.736,31.2,1752250622000
0.0,0.0,3.736,31.2,1752250622099
0.0,0.0,3.736,31.2,1752250622152
0.0,0.0,3.736,31.2,1752250622288
0.0,0.0,3.725,31.2,1752250622339
0.0,0.0,3.725,31.2,1752250622459
0.0,0.0,3.725,31.2,1752250622509
0.0,0.0,3.725,31.2,1752250622628
0.0,0.0,3.715,31.2,1752250622685
0.0,0.0,3.704,31.2,1752250622803
0.0,0.0,3.715,31.2,1752250622856
0.0,0.0,3.715,31.2,1752250622976
0.0,0.0,3.715,31.2,1752250623026
0.0,0.0,3.715,31.2,1752250623145
0.0,0.0,3.715,31.2,1752250623235
0.0,0.0,3.715,31.2,1752250623382
0.0,0.0,3.715,31.2,1752250623444
0.0,0.0,3.704,31.2,1752250623589
0.0,0.0,3.715,31.2,1752250623651
0.0,0.0,3.704,31.2,1752250623802
0.0,0.0,3.704,31.2,1752250623864
31.708166122436523,-97.18904876708984,3.704,31.2,1752250624000
0.0,0.0,3.704,31.2,1752250624011
0.0,0.0,3.704,31.2,1752250624461
0.0,0.0,3.684,31.2,1752250624581
0.0,0.0,3.684,31.2,1752250624629
0.0,0.0,3.694,31.2,1752250624746
0.0,0.0,3.684,31.2,1752250624796
0.0,0.0,3.684,31.2,1752250624908
0.0,0.0,3.673,31.2,1752250624962
31.70816421508789,-97.18904876708984,3.673,31.2,1752250625000
0.0,0.0,3.673,31.2,1752250625077
0.0,0.0,3.673,31.2,1752250625127
0.0,0.0,3.673,31.2,1752250625288
0.0,0.0,3.652,31.2,1752250625351
0.0,0.0,3.652,31.2,1752250625495
0.0,0.0,3.663,31.2,1752250625557
0.0,0.0,3.663,31.2,1752250625706
0.0,0.0,3.663,31.2,1752250625769
0.0,0.0,3.652,31.2,1752250625919
0.0,0.0,3.652,31.2,1752250625982
0.0,0.0,3.652,31.2,1752250626508
0.0,0.0,3.652,31.2,1752250626563
0.0,0.0,3.652,31.2,1752250626699
0.0,0.0,3.642,31.2,1752250626761
0.0,0.0,3.642,31.2,1752250626905
0.0,0.0,3.642,31.2,1752250626969
0.0,0.0,3.652,31.2,1752250627114
0.0,0.0,3.632,31.2,1752250627183
0.0,0.0,3.632,31.2,1752250627340
0.0,0.0,3.632,31.2,1752250627403
0.0,0.0,3.632,31.2,1752250627913
0.0,0.0,3.621,31.2,1752250627958
31.708160400390625,-97.18904876708984,3.621,31.2,1752250628000
0.0,0.0,3.621,31.2,1752250628069
0.0,0.0,3.621,31.2,1752250628129
0.0,0.0,3.621,31.2,1752250628259
0.0,0.0,3.621,31.2,1752250628309
0.0,0.0,3.611,31.2,1752250628427
0.0,0.0,3.611,31.2,1752250628474
0.0,0.0,3.611,31.2,1752250628591
0.0,0.0,3.621,31.2,1752250628647
0.0,0.0,3.621,31.2,1752250628763
0.0,0.0,3.611,31.2,1752250628811
0.0,0.0,3.6,31.2,1752250628930
0.0,0.0,3.6,31.2,1752250628980
31.70815658569336,-97.18904113769531,3.6,31.2,1752250629000
0.0,0.0,3.611,31.2,1752250629093
0.0,0.0,3.611,31.2,1752250629148
0.0,0.0,3.611,31.2,1752250629313
0.0,0.0,3.59,31.2,1752250629380
0.0,0.0,3.59,31.2,1752250629587
0.0,0.0,3.6,31.2,1752250629639
0.0,0.0,3.6,31.2,1752250629786
0.0,0.0,3.6,31.2,1752250629848
0.0,0.0,3.59,31.2,1752250629994
31.70815086364746,-97.18904113769531,3.59,31.2,1752250630000
0.0,0.0,3.59,31.2,1752250630056
0.0,0.0,3.59,31.2,1752250630569
0.0,0.0,3.59,31.2,1752250630629
0.0,0.0,3.59,31.2,1752250630776
0.0,0.0,3.58,31.2,1752250630838
0.0,0.0,3.58,31.2,1752250630987
0.0,0.0,3.58,31.2,1752250631050
0.0,0.0,3.58,31.2,1752250631203
0.0,0.0,3.58,31.2,1752250631295
0.0,0.0,3.569,31.2,1752250631441
0.0,0.0,3.58,31.2,1752250631886
0.0,0.0,3.569,31.2,1752250632033
0.0,0.0,3.559,31.2,1752250632094
0.0,0.0,3.559,31.2,1752250632256
0.0,0.0,3.559,31.2,1752250632705
0.0,0.0,3.559,31.2,1752250632851
0.0,0.0,3.569,31.2,1752250632914
31.708147048950195,-97.18904113769531,3.569,31.2,1752250633000
0.0,0.0,3.569,31.2,1752250633060
0.0,0.0,3.569,31.2,1752250633122
0.0,0.0,3.569,31.2,1752250633264
0.0,0.0,3.559,31.2,1752250633313
0.0,0.0,3.559,31.2,1752250633428
0.0,0.0,3.559,31.2,1752250633476
0.0,0.0,3.559,31.2,1752250633589
0.0,0.0,3.559,31.2,1752250633642
0.0,0.0,3.548,31.2,1752250633757
0.0,0.0,3.548,31.2,1752250633868
0.0,0.0,3.548,31.2,1752250633916
31.708141326904297,-97.18903350830078,3.538,31.2,1752250634000
0.0,0.0,3.538,31.2,1752250634032
0.0,0.0,3.527,31.2,1752250634081
0.0,0.0,3.527,31.2,1752250634244
0.0,0.0,3.527,31.2,1752250634312
0.0,0.0,3.527,31.2,1752250634463
0.0,0.0,3.527,31.2,1752250634527
0.0,0.0,3.527,31.2,1752250634673
0.0,0.0,3.527,31.2,1752250634736
0.0,0.0,3.517,31.2,1752250634881
0.0,0.0,3.517,31.2,1752250634944
0.0,0.0,3.517,31.2,1752250635475
0.0,0.0,3.517,31.2,1752250635542
0.0,0.0,3.507,31.2,1752250635672
0.0,0.0,3.507,31.2,1752250635734
0.0,0.0,3.517,31.2,1752250635882
0.0,0.0,3.507,31.2,1752250635944
31.70813751220703,-97.18903350830078,3.507,31.2,1752250636000
0.0,0.0,3.507,31.2,1752250636090
0.0,0.0,3.496,31.2,1752250636152
0.0,0.0,3.496,31.2,1752250636324
0.0,0.0,3.496,31.2,1752250636385
0.0,0.0,3.496,31.2,1752250636915
0.0,0.0,3.486,31.2,1752250636966
0.0,0.0,3.486,31.2,1752250637079
0.0,0.0,3.486,31.2,1752250637131
0.0,0.0,3.486,31.2,1752250637287
0.0,0.0,3.475,31.2,1752250637350
0.0,0.0,3.475,31.2,1752250637497
0.0,0.0,3.475,31.2,1752250637559
0.0,0.0,3.475,31.2,1752250637704
0.0,0.0,3.465,31.2,1752250637767
0.0,0.0,3.465,31.2,1752250637913
0.0,0.0,3.465,31.2,1752250637975
31.708133697509766,-97.18902587890625,3.465,31.2,1752250638000
0.0,0.0,3.465,31.2,1752250638504
0.0,0.0,3.465,31.2,1752250638563
0.0,0.0,3.465,31.2,1752250638679
0.0,0.0,3.455,31.2,1752250638730
0.0,0.0,3.455,31.2,1752250638842
0.0,0.0,3.455,31.2,1752250638893
31.708127975463867,-97.18902587890625,3.465,31.2,1752250639000
0.0,0.0,3.465,31.2,1752250639011
0.0,0.0,3.455,31.2,1752250639060
0.0,0.0,3.465,31.2,1752250639201
0.0,0.0,3.455,31.2,1752250639274
0.0,0.0,3.465,31.2,1752250639452
0.0,0.0,3.465,31.2,1752250639504
0.0,0.0,3.465,31.2,1752250639645
0.0,0.0,3.465,31.2,1752250639706
0.0,0.0,3.465,31.2,1752250639859
0.0,0.0,3.455,31.2,1752250639921
0.0,0.0,3.455,31.2,1752250640439
0.0,0.0,3.455,31.2,1752250640512
0.0,0.0,3.455,31.2,1752250640666
0.0,0.0,3.455,31.2,1752250640729
0.0,0.0,3.434,31.2,1752250640874
0.0,0.0,3.423,31.2,1752250640936
0.0,0.0,3.423,31.2,1752250641080
0.0,0.0,3.423,31.2,1752250641142
0.0,0.0,3.423,31.2,1752250641296
0.0,0.0,3.423,31.2,1752250641384
0.0,0.0,3.423,31.2,1752250641912
0.0,0.0,3.413,31.2,1752250641974
0.0,0.0,3.403,31.2,1752250642120
0.0,0.0,3.413,31.2,1752250642185
0.0,0.0,3.413,31.2,1752250642338
0.0,0.0,3.413,31.2,1752250642399
0.0,0.0,3.403,31.2,1752250642544
0.0,0.0,3.403,31.2,1752250642605
0.0,0.0,3.413,31.2,1752250642747
0.0,0.0,3.413,31.2,1752250642883
0.0,0.0,3.413,31.2,1752250642936
31.7081241607666,-97.18901824951172,3.413,31.2,1752250643000
0.0,0.0,3.413,31.2,1752250643077
0.0,0.0,3.413,31.2,1752250643128
0.0,0.0,3.413,31.2,1752250643271
0.0,0.0,3.403,31.2,1752250643319
0.0,0.0,3.403,31.2,1752250643445
0.0,0.0,3.403,31.2,1752250643506
0.0,0.0,3.403,31.2,1752250643625
0.0,0.0,3.392,31.2,1752250643743
0.0,0.0,3.392,31.2,1752250643787
0.0,0.0,3.392,31.2,1752250643904
0.0,0.0,3.382,31.2,1752250643956
31.70812225341797,-97.18901062011719,3.382,31.2,1752250644000
0.0,0.0,3.371,31.2,1752250644078
0.0,0.0,3.361,31.2,1752250644129
0.0,0.0,3.361,31.2,1752250644296
0.0,0.0,3.351,31.2,1752250644358
0.0,0.0,3.351,31.2,1752250644505
0.0,0.0,3.351,31.2,1752250644568
0.0,0.0,3.351,31.2,1752250644714
0.0,0.0,3.351,31.2,1752250644781
0.0,0.0,3.34,31.2,1752250644925
0.0,0.0,3.34,31.2,1752250644987
0.0,0.0,3.34,31.2,1752250645516
0.0,0.0,3.34,31.2,1752250645590
0.0,0.0,3.33,31.2,1752250645746
0.0,0.0,3.33,31.2,1752250645808
0.0,0.0,3.33,31.2,1752250645952
31.708118438720703,-97.18900299072266,3.33,31.2,1752250646000
0.0,0.0,3.33,31.2,1752250646015
0.0,0.0,3.319,31.2,1752250646160
0.0,0.0,3.319,31.2,1752250646238
0.0,0.0,3.33,31.2,1752250646416
0.0,0.0,3.319,31.2,1752250646469
0.0,0.0,3.319,31.2,1752250646996
0.0,0.0,3.309,31.2,1752250647059
0.0,0.0,3.309,31.2,1752250647210
0.0,0.0,3.309,31.2,1752250647285
0.0,0.0,3.309,31.2,1752250647428
0.0,0.0,3.309,31.2,1752250647490
0.0,0.0,3.309,31.2,1752250647636
0.0,0.0,3.309,31.2,1752250647697
0.0,0.0,3.309,31.2,1752250647841
0.0,0.0,3.309,31.2,1752250647906
31.708114624023438,-97.18900299072266,3.309,31.2,1752250648000
0.0,0.0,3.309,31.2,1752250648051
0.0,0.0,3.309,31.2,1752250648500
0.0,0.0,3.299,31.2,1752250648658
0.0,0.0,3.288,31.2,1752250648720
0.0,0.0,3.288,31.2,1752250648851
0.0,0.0,3.288,31.2,1752250648899
0.0,0.0,3.299,31.2,1752250649018
0.0,0.0,3.288,31.2,1752250649071
0.0,0.0,3.278,31.2,1752250649214
0.0,0.0,3.278,31.2,1752250649286
0.0,0.0,3.278,31.2,1752250649431
0.0,0.0,3.267,31.2,1752250649492
0.0,0.0,3.267,31.2,1752250649639
0.0,0.0,3.257,31.2,1752250649701
0.0,0.0,3.257,31.2,1752250649847
0.0,0.0,3.257,31.2,1752250649910
0.0,0.0,3.257,31.2,1752250650436
0.0,0.0,3.236,31.2,1752250650509
0.0,0.0,3.236,31.2,1752250650654
0.0,0.0,3.236,31.2,1752250650716
0.0,0.0,3.236,31.2,1752250650865
0.0,0.0,3.246,31.2,1752250650927
31.708110809326172,-97.18899536132812,3.246,31.2,1752250651000
0.0,0.0,3.246,31.2,1752250651049
0.0,0.0,3.257,31.0,1752250651105
0.0,0.0,3.236,31.0,1752250651252
0.0,0.0,3.215,31.0,1752250651306
0.0,0.0,3.215,31.0,1752250651432
0.0,0.0,3.194,31.0,1752250651482
0.0,0.0,3.184,31.0,1752250651608
0.0,0.0,3.174,31.0,1752250651663
0.0,0.0,3.174,31.0,1752250651783
0.0,0.0,3.163,31.0,1752250651840
0.0,0.0,3.142,31.0,1752250651966
0.0,0.0,3.122,31.0,1752250652020
0.0,0.0,3.101,31.0,1752250652147
0.0,0.0,3.09,31.0,1752250652237
0.0,0.0,3.09,31.0,1752250652389
0.0,0.0,3.09,31.0,1752250652458
0.0,0.0,3.09,31.0,1752250652606
0.0,0.0,3.09,31.0,1752250652670
0.0,0.0,3.101,31.0,1752250652816
0.0,0.0,3.09,31.0,1752250652823
0.0,0.0,3.08,31.0,1752250652973
0.0,0.0,3.08,31.0,1752250653036
0.0,0.0,3.08,31.0,1752250653563
0.0,0.0,3.08,31.0,1752250653627
0.0,0.0,3.09,31.0,1752250653776
0.0,0.0,3.08,31.0,1752250653839
0.0,0.0,3.08,31.0,1752250653953
31.70810317993164,-97.1889877319336,3.07,31.0,1752250654000
0.0,0.0,3.07,31.0,1752250654009
0.0,0.0,3.059,31.0,1752250654124
0.0,0.0,3.059,31.0,1752250654180
0.0,0.0,3.049,31.0,1752250654310
0.0,0.0,3.038,31.0,1752250654362
0.0,0.0,3.049,31.0,1752250654479
0.0,0.0,3.038,31.0,1752250654538
0.0,0.0,3.038,31.0,1752250654655
0.0,0.0,3.038,31.0,1752250654775
0.0,0.0,3.028,31.0,1752250654824
0.0,0.0,3.028,31.0,1752250654940
0.0,0.0,3.028,31.0,1752250654993
0.0,0.0,3.028,31.0,1752250655118
0.0,0.0,3.028,31.0,1752250655178
0.0,0.0,3.018,31.0,1752250655327
0.0,0.0,3.018,31.0,1752250655389
0.0,0.0,3.007,31.0,1752250655535
0.0,0.0,2.997,31.0,1752250655669
0.0,0.0,2.976,31.0,1752250655766
0.0,0.0,2.986,31.0,1752250655829
31.708099365234375,-97.1889877319336,2.976,31.0,1752250656000
0.0,0.0,2.976,31.0,1752250656009
0.0,0.0,2.965,31.0,1752250656063
0.0,0.0,2.965,31.0,1752250656591
0.0,0.0,2.945,31.0,1752250656664
0.0,0.0,2.945,31.0,1752250656806
0.0,0.0,2.945,31.0,1752250656868
0.0,0.0,2.934,31.0,1752250656999
31.708097457885742,-97.18898010253906,2.934,31.0,1752250657000
0.0,0.0,2.924,31.0,1752250657050
0.0,0.0,2.913,31.0,1752250657171
0.0,0.0,2.924,31.0,1752250657248
0.0,0.0,2.924,31.0,1752250657389
0.0,0.0,2.893,31.0,1752250657451
0.0,0.0,2.893,31.0,1752250657596
0.0,0.0,2.882,31.0,1752250657658
0.0,0.0,2.893,31.0,1752250657802
0.0,0.0,2.893,31.0,1752250657864
0.0,0.0,2.882,31.0,1752250658014
0.0,0.0,2.872,31.0,1752250658456
0.0,0.0,2.861,31.0,1752250658623
0.0,0.0,2.861,31.0,1752250658684
0.0,0.0,2.851,31.0,1752250658825
0.0,0.0,2.841,31.0,1752250658887
0.0,0.0,2.83,31.0,1752250659031
0.0,0.0,2.851,31.0,1752250659099
0.0,0.0,2.851,31.0,1752250659262
0.0,0.0,2.841,31.0,1752250659326
0.0,0.0,2.83,31.0,1752250659855
0.0,0.0,2.82,31.0,1752250659924
31.708097457885742,-97.18898010253906,2.809,31.0,1752250660000
0.0,0.0,2.809,31.0,1752250660072
0.0,0.0,2.799,31.0,1752250660135
0.0,0.0,2.799,31.0,1752250660304
0.0,0.0,2.789,31.0,1752250660363
0.0,0.0,2.799,31.0,1752250660480
0.0,0.0,2.768,31.0,1752250660539
0.0,0.0,2.768,31.0,1752250660658
0.0,0.0,2.747,31.0,1752250660709
0.0,0.0,2.747,31.0,1752250660833
0.0,0.0,2.737,31.0,1752250660887
31.70809555053711,-97.18898010253906,2.747,31.0,1752250661000
0.0,0.0,2.747,31.0,1752250661010
0.0,0.0,2.757,31.0,1752250661070
0.0,0.0,2.747,31.0,1752250661219
0.0,0.0,2.747,31.0,1752250661294
0.0,0.0,2.716,31.0,1752250661439
0.0,0.0,2.685,31.0,1752250661500
0.0,0.0,2.674,31.0,1752250661646
0.0,0.0,2.695,31.0,1752250661716
0.0,0.0,2.653,31.0,1752250661860
0.0,0.0,2.622,31.0,1752250661922
0.0,0.0,2.591,31.0,1752250662459
0.0,0.0,2.549,31.0,1752250662534
0.0,0.0,2.508,31.0,1752250662691
0.0,0.0,2.497,31.0,1752250662755
0.0,0.0,2.497,31.0,1752250662841
31.708091735839844,-97.18898010253906,2.476,31.0,1752250663000
0.0,0.0,2.476,31.0,1752250663007
0.0,0.0,2.518,31.0,1752250663045
0.0,0.0,2.539,31.0,1752250663181
0.0,0.0,2.487,31.0,1752250663286
0.0,0.0,2.456,31.0,1752250663522
0.0,0.0,2.487,31.0,1752250663634
0.0,0.0,2.518,31.0,1752250664230
0.0,0.0,2.518,31.0,1752250664284
0.0,0.0,2.508,31.0,1752250664373
0.0,0.0,2.528,31.0,1752250664429
0.0,0.0,2.508,31.0,1752250664554
0.0,0.0,2.487,31.0,1752250664571
0.0,0.0,2.456,31.0,1752250664718
0.0,0.0,2.383,31.0,1752250664827
0.0,0.0,2.331,31.0,1752250664976
31.708087921142578,-97.18897247314453,2.331,31.0,1752250665000
0.0,0.0,2.341,31.0,1752250665047
0.0,0.0,2.351,31.0,1752250665229
0.0,0.0,2.31,31.0,1752250665331
0.0,0.0,2.247,31.0,1752250665834
0.0,0.0,2.216,31.0,1752250665896
0.0,0.0,2.216,31.0,1752250666035
0.0,0.0,2.185,31.0,1752250666097
0.0,0.0,2.164,31.0,1752250666243
0.0,0.0,2.154,31.0,1752250666305
0.0,0.0,2.154,31.0,1752250666435
0.0,0.0,2.154,31.0,1752250666496
0.0,0.0,2.143,31.0,1752250666626
0.0,0.0,2.123,31.0,1752250666687
0.0,0.0,2.07,31.0,1752250666821
0.0,0.0,2.018,31.0,1752250666883
31.708086013793945,-97.18896484375,1.998,31.0,1752250667000
0.0,0.0,1.998,31.0,1752250667013
0.0,0.0,1.966,31.0,1752250667463
0.0,0.0,1.894,31.0,1752250667605
0.0,0.0,1.842,31.0,1752250667667
0.0,0.0,1.831,31.0,1752250667804
0.0,0.0,1.81,31.0,1752250667867
0.0,0.0,1.79,31.0,1752250667998
0.0,0.0,1.737,31.0,1752250668060
0.0,0.0,1.706,31.0,1752250668186
0.0,0.0,1.685,31.0,1752250668253
0.0,0.0,1.685,31.0,1752250668383
0.0,0.0,1.685,31.0,1752250668446
0.0,0.0,1.675,31.0,1752250668576
0.0,0.0,1.654,31.0,1752250668637
0.0,0.0,1.675,31.0,1752250668767
0.0,0.0,1.717,31.0,1752250668829
0.0,0.0,1.696,31.0,1752250668958
31.708084106445312,-97.18896484375,1.717,31.0,1752250669000
0.0,0.0,1.717,31.0,1752250669019
0.0,0.0,1.675,31.0,1752250669535
0.0,0.0,1.665,31.0,1752250669617
0.0,0.0,1.654,31.0,1752250669753
0.0,0.0,1.644,31.0,1752250669821
0.0,0.0,1.613,31.0,1752250669937
0.0,0.0,1.613,31.0,1752250669990
31.70808219909668,-97.18896484375,1.613,31.0,1752250670000
0.0,0.0,1.613,31.0,1752250670100
0.0,0.0,1.592,31.0,1752250670154
0.0,0.0,1.592,31.0,1752250670292
0.0,0.0,1.581,31.0,1752250670361
0.0,0.0,1.581,31.0,1752250670467
0.0,0.0,1.55,31.0,1752250670532
0.0,0.0,1.613,31.0,1752250670662
0.0,0.0,1.623,31.0,1752250670724
0.0,0.0,1.644,31.0,1752250670854
0.0,0.0,1.665,31.0,1752250670920
0.0,0.0,1.675,31.0,1752250671050
0.0,0.0,1.644,31.0,1752250671492
0.0,0.0,1.654,31.0,1752250671633
0.0,0.0,1.685,31.0,1752250671695
0.0,0.0,1.685,31.0,1752250671825
0.0,0.0,1.696,31.0,1752250671888
0.0,0.0,1.665,31.0,1752250672018
0.0,0.0,1.675,31.0,1752250672079
0.0,0.0,1.623,31.0,1752250672212
0.0,0.0,1.581,31.0,1752250672284
0.0,0.0,1.55,31.0,1752250672427
0.0,0.0,1.519,31.0,1752250672872
0.0,0.0,1.509,31.0,1752250673003
0.0,0.0,1.488,31.0,1752250673065
0.0,0.0,1.477,31.0,1752250673201
0.0,0.0,1.446,31.0,1752250673273
0.0,0.0,1.425,31.0,1752250673404
0.0,0.0,1.425,31.0,1752250673467
0.0,0.0,1.425,31.0,1752250673597
0.0,0.0,1.404,31.0,1752250673659
0.0,0.0,1.394,31.0,1752250673788
0.0,0.0,1.394,31.0,1752250673847
0.0,0.0,1.394,31.0,1752250673951
31.70807456970215,-97.18894958496094,1.373,31.0,1752250674000
0.0,0.0,1.373,31.0,1752250674003
0.0,0.0,1.352,31.0,1752250674111
0.0,0.0,1.342,31.0,1752250674171
0.0,0.0,1.332,31.0,1752250674290
0.0,0.0,1.311,31.0,1752250674346
0.0,0.0,1.311,31.0,1752250674459
0.0,0.0,1.3,31.0,1752250674513
0.0,0.0,1.28,31.0,1752250674630
0.0,0.0,1.28,31.0,1752250674682
0.0,0.0,1.3,31.0,1752250674795
0.0,0.0,1.28,31.0,1752250674848
0.0,0.0,1.29,31.0,1752250674958
31.708070755004883,-97.18894958496094,1.29,31.0,1752250675000
0.0,0.0,1.29,31.0,1752250675017
0.0,0.0,1.28,31.0,1752250675125
0.0,0.0,1.29,31.0,1752250675186
0.0,0.0,1.28,31.0,1752250675326
0.0,0.0,1.321,31.0,1752250675390
0.0,0.0,1.29,31.0,1752250675521
0.0,0.0,1.3,31.0,1752250675582
0.0,0.0,1.28,31.0,1752250675718
0.0,0.0,1.28,31.0,1752250675780
0.0,0.0,1.3,31.0,1752250675908
0.0,0.0,1.321,31.0,1752250675970
0.0,0.0,1.321,31.0,1752250676487
0.0,0.0,1.321,31.0,1752250676560
0.0,0.0,1.29,31.0,1752250676689
0.0,0.0,1.248,31.0,1752250676750
0.0,0.0,1.228,31.0,1752250676881
0.0,0.0,1.228,31.0,1752250676945
31.708070755004883,-97.1889419555664,1.228,31.0,1752250677000
0.0,0.0,1.207,31.0,1752250677073
0.0,0.0,1.196,31.0,1752250677134
0.0,0.0,1.175,31.0,1752250677274
0.0,0.0,1.165,31.0,1752250677335
0.0,0.0,1.123,31.0,1752250677467
0.0,0.0,1.103,31.0,1752250677916
0.0,0.0,1.082,31.0,1752250678051
0.0,0.0,1.092,31.0,1752250678113
0.0,0.0,1.082,31.0,1752250678259
0.0,0.0,1.092,31.0,1752250678322
0.0,0.0,1.113,31.0,1752250678452
0.0,0.0,1.113,31.0,1752250678514
0.0,0.0,1.144,31.0,1752250678646
0.0,0.0,1.134,31.0,1752250678708
0.0,0.0,1.165,31.0,1752250678837
0.0,0.0,1.196,31.0,1752250678903
31.708070755004883,-97.1889419555664,1.196,31.0,1752250679000
0.0,0.0,1.196,31.0,1752250679036
0.0,0.0,1.196,31.0,1752250679178
0.0,0.0,1.207,31.0,1752250679612
0.0,0.0,1.175,31.0,1752250679674
0.0,0.0,1.186,31.0,1752250679803
0.0,0.0,1.186,31.0,1752250679867
0.0,0.0,1.186,31.0,1752250679998
31.708072662353516,-97.18893432617188,1.186,31.0,1752250680000
0.0,0.0,1.175,31.0,1752250680059
0.0,0.0,1.155,31.0,1752250680188
0.0,0.0,1.155,31.0,1752250680267
0.0,0.0,1.134,31.0,1752250680396
0.0,0.0,1.144,31.0,1752250680456
0.0,0.0,1.175,31.0,1752250680585
0.0,0.0,1.186,31.0,1752250680648
0.0,0.0,1.186,31.0,1752250680776
0.0,0.0,1.217,31.0,1752250680840
0.0,0.0,1.238,31.0,1752250680969
0.0,0.0,1.238,31.0,1752250681035
0.0,0.0,1.238,31.0,1752250681555
0.0,0.0,1.248,31.0,1752250681630
0.0,0.0,18.826,31.4,1752250727394
0.0,0.0,18.899,31.4,1752250727962
31.707937240600586,-97.18900299072266,18.899,31.4,1752250728000
0.0,0.0,18.971,31.4,1752250728246
0.0,0.0,18.93,31.4,1752250728561
0.0,0.0,18.992,31.4,1752250729478
0.0,0.0,19.044,31.4,1752250730787
0.0,0.0,18.899,31.4,1752250731088
0.0,0.0,18.982,31.4,1752250731662
0.0,0.0,18.971,31.4,1752250731932
31.707921981811523,-97.18901062011719,18.971,31.4,1752250732000
31.707918167114258,-97.18901824951172,18.971,31.4,1752250732000
0.0,0.0,19.013,31.4,1752250732729
0.0,0.0,18.847,31.4,1752250732986
31.707914352416992,-97.18901824951172,18.847,31.4,1752250733000
0.0,0.0,18.836,31.4,1752250733273
0.0,0.0,18.774,31.4,1752250733570
0.0,0.0,18.659,31.4,1752250733868
0.0,0.0,18.534,31.4,1752250734158
0.0,0.0,18.586,31.4,1752250734996
0.0,0.0,18.378,31.4,1752250736155
0.0,0.0,18.389,31.4,1752250736869
0.0,0.0,18.555,31.4,1752250737166
0.0,0.0,18.545,31.4,1752250737719
0.0,0.0,18.524,31.4,1752250738895
0.0,0.0,18.472,31.4,1752250739146
0.0,0.0,18.68,31.4,1752250739397
0.0,0.0,18.763,31.4,1752250739927
31.70790672302246,-97.18904113769531,18.763,31.4,1752250740000
31.707904815673828,-97.18904876708984,18.763,31.4,1752250740000
0.0,0.0,18.836,31.4,1752250740761
0.0,0.0,18.899,31.4,1752250741578
0.0,0.0,18.982,31.4,1752250741878
0.0,0.0,19.013,31.4,1752250743997
0.0,0.0,19.263,31.4,1752250745444
0.0,0.0,19.252,31.4,1752250745695
0.0,0.0,19.18,31.4,1752250745955
31.707887649536133,-97.18904876708984,19.18,31.4,1752250746000
0.0,0.0,19.138,31.4,1752250746527
31.707881927490234,-97.18904876708984,19.086,31.4,1752250747000
0.0,0.0,19.086,31.4,1752250747061
0.0,0.0,18.971,31.4,1752250747651
0.0,0.0,18.909,31.4,1752250747951
0.0,0.0,18.888,31.4,1752250748935
0.0,0.0,18.774,31.4,1752250749292
0.0,0.0,18.69,31.4,1752250753411
0.0,0.0,19.762,31.4,1752250755779
0.0,0.0,19.617,31.6,1752250758243
0.0,0.0,19.45,31.6,1752250759329
0.0,0.0,19.346,31.4,1752250768274
0.0,0.0,19.336,31.4,1752250768917
0.0,0.0,19.429,31.4,1752250770103
0.0,0.0,19.575,31.6,1752250771439
0.0,0.0,19.575,31.6,1752250772551
0.0,0.0,19.533,31.6,1752250772851
0.0,0.0,19.523,31.4,1752250774329
0.0,0.0,19.731,31.4,1752250774600
0.0,0.0,19.794,31.4,1752250774875
0.0,0.0,18.618,31.4,1752250775150
0.0,0.0,18.732,31.4,1752250775450
0.0,0.0,18.805,31.4,1752250775717
31.707901000976562,-97.1890640258789,18.805,31.4,1752250776000
0.0,0.0,18.94,31.4,1752250776283
0.0,0.0,19.055,31.4,1752250776567
31.70789909362793,-97.1890640258789,19.013,31.4,1752250777000
0.0,0.0,19.013,31.4,1752250777133
0.0,0.0,18.826,31.4,1752250777436
0.0,0.0,18.93,31.4,1752250777720
0.0,0.0,18.867,31.4,1752250778867
0.0,0.0,18.784,31.4,1752250779224
0.0,0.0,18.711,31.4,1752250780022
0.0,0.0,18.638,31.2,1752250780790
0.0,0.0,19.076,31.2,1752250781350
0.0,0.0,18.899,31.2,1752250782226
0.0,0.0,18.867,31.2,1752250782800
0.0,0.0,18.867,31.0,1752250783649
0.0,0.0,18.586,31.0,1752250785683
0.0,0.0,17.483,31.0,1752250787693
0.0,0.0,16.557,31.0,1752250787774
0.0,0.0,15.423,31.0,1752250787943
0.0,0.0,14.049,31.0,1752250788065
0.0,0.0,13.81,31.0,1752250788216
0.0,0.0,13.31,31.0,1752250788300
0.0,0.0,12.904,31.0,1752250788404
0.0,0.0,12.415,31.0,1752250788504
0.0,0.0,12.092,31.0,1752250788593
0.0,0.0,11.655,31.0,1752250788711
0.0,0.0,11.125,31.0,1752250788961
0.0,0.0,10.864,31.0,1752250789044
0.0,0.0,11.687,31.0,1752250789258
0.0,0.0,12.082,31.0,1752250789349
0.0,0.0,12.55,31.0,1752250789458
0.0,0.0,12.946,31.0,1752250789565
0.0,0.0,12.811,31.0,1752250789674
0.0,0.0,12.571,31.0,1752250789788
0.0,0.0,12.301,31.0,1752250789967
0.0,0.0,11.957,31.0,1752250790020
0.0,0.0,11.676,31.0,1752250790160
0.0,0.0,11.395,31.0,1752250790245
0.0,0.0,11.145,31.0,1752250790478
0.0,0.0,10.833,31.0,1752250790537
0.0,0.0,9.928,31.0,1752250790693
0.0,0.0,9.095,31.0,1752250790740
0.0,0.0,8.221,31.0,1752250790897
0.0,0.0,7.534,31.0,1752250790972
0.0,0.0,7.128,31.0,1752250791134
0.0,0.0,6.837,31.0,1752250791235
0.0,0.0,6.546,31.0,1752250791392
0.0,0.0,6.379,31.0,1752250791471
0.0,0.0,6.598,31.0,1752250791644
0.0,0.0,6.858,31.0,1752250791712
0.0,0.0,7.107,31.0,1752250791888
0.0,0.0,7.388,31.0,1752250791899
0.0,0.0,7.441,31.0,1752250792071
0.0,0.0,7.524,31.0,1752250792202
0.0,0.0,7.576,31.0,1752250792415
0.0,0.0,7.784,31.0,1752250792496
0.0,0.0,7.753,31.0,1752250792639
0.0,0.0,7.784,31.0,1752250792724
0.0,0.0,7.722,31.0,1752250792887
0.0,0.0,7.659,31.0,1752250792974
0.0,0.0,7.441,31.0,1752250793123
0.0,0.0,7.607,31.0,1752250793225
0.0,0.0,7.763,31.0,1752250793359
0.0,0.0,7.898,31.0,1752250793425
0.0,0.0,7.774,31.0,1752250793517
0.0,0.0,7.659,31.0,1752250793613
0.0,0.0,7.638,31.0,1752250793757
0.0,0.0,7.69,31.0,1752250793844
0.0,0.0,7.669,31.0,1752250793938
31.70835304260254,-97.18923950195312,7.69,31.0,1752250794000
0.0,0.0,7.69,31.0,1752250794019
0.0,0.0,7.722,30.6,1752250794190
0.0,0.0,7.742,30.6,1752250794292
0.0,0.0,7.742,30.6,1752250794483
0.0,0.0,7.742,30.6,1752250794554
0.0,0.0,7.846,30.6,1752250794721
0.0,0.0,7.846,30.6,1752250794788
0.0,0.0,7.857,30.6,1752250794948
0.0,0.0,7.784,30.6,1752250794989
0.0,0.0,7.836,30.6,1752250795155
0.0,0.0,7.826,30.6,1752250795252
0.0,0.0,7.846,30.6,1752250795417
0.0,0.0,7.857,30.6,1752250795520
0.0,0.0,7.857,30.6,1752250795729
0.0,0.0,7.711,30.6,1752250795833
31.70833969116211,-97.1892318725586,7.701,30.6,1752250796000
0.0,0.0,7.701,30.6,1752250796042
0.0,0.0,7.68,30.6,1752250796149
0.0,0.0,7.701,30.6,1752250796379
0.0,0.0,7.701,30.6,1752250796493
0.0,0.0,7.722,30.6,1752250796706
0.0,0.0,7.711,30.6,1752250797170
0.0,0.0,7.846,30.6,1752250797316
0.0,0.0,7.836,30.6,1752250797390
0.0,0.0,7.93,30.6,1752250797604
0.0,0.0,7.93,30.6,1752250797710
0.0,0.0,7.94,30.6,1752250797922
0.0,0.0,7.94,30.6,1752250798023
0.0,0.0,7.961,30.6,1752250798237
0.0,0.0,8.096,30.6,1752250798358
0.0,0.0,8.044,30.6,1752250798570
0.0,0.0,8.013,30.6,1752250798676
31.708324432373047,-97.18922424316406,8.034,30.6,1752250799000
0.0,0.0,8.034,30.6,1752250799204
0.0,0.0,8.034,30.6,1752250799216
0.0,0.0,7.94,30.6,1752250799337
0.0,0.0,7.846,30.6,1752250799408
0.0,0.0,7.867,30.6,1752250799529
0.0,0.0,7.836,30.6,1752250799605
0.0,0.0,7.836,30.6,1752250799757
0.0,0.0,7.836,30.6,1752250799832
0.0,0.0,7.794,30.6,1752250799973
0.0,0.0,7.857,30.6,1752250800052
0.0,0.0,7.898,30.6,1752250800209
0.0,0.0,7.95,30.6,1752250800305
0.0,0.0,7.961,30.6,1752250800520
0.0,0.0,7.94,30.6,1752250800626
0.0,0.0,7.992,30.6,1752250800841
0.0,0.0,8.107,30.6,1752250800954
31.708335876464844,-97.1892318725586,8.107,30.6,1752250801000
0.0,0.0,8.107,30.6,1752250801173
0.0,0.0,8.138,30.6,1752250801308
0.0,0.0,8.138,30.6,1752250801522
0.0,0.0,8.169,30.6,1752250802020
0.0,0.0,8.169,30.6,1752250802154
0.0,0.0,8.179,30.6,1752250802260
0.0,0.0,8.138,30.6,1752250802467
0.0,0.0,8.065,30.6,1752250802570
0.0,0.0,8.002,30.6,1752250802780
0.0,0.0,8.055,30.6,1752250802888
31.708330154418945,-97.18922424316406,8.055,30.6,1752250803000
0.0,0.0,8.055,30.6,1752250803107
0.0,0.0,8.023,30.6,1752250803237
0.0,0.0,8.023,30.6,1752250803458
0.0,0.0,7.992,30.6,1752250803529
0.0,0.0,8.002,30.6,1752250804109
0.0,0.0,7.961,30.6,1752250804184
0.0,0.0,7.95,30.6,1752250804369
0.0,0.0,7.961,30.6,1752250804480
0.0,0.0,7.982,30.6,1752250804693
0.0,0.0,8.159,30.6,1752250804800
0.0,0.0,8.169,30.6,1752250805012
0.0,0.0,8.19,30.6,1752250805124
0.0,0.0,8.221,30.6,1752250805356
0.0,0.0,8.252,30.6,1752250805462
0.0,0.0,8.263,30.6,1752250805757
31.708332061767578,-97.18922424316406,8.273,30.6,1752250806000
0.0,0.0,8.273,30.6,1752250806134
0.0,0.0,8.148,30.6,1752250806296
0.0,0.0,8.169,30.6,1752250806396
0.0,0.0,8.169,30.6,1752250806553
0.0,0.0,8.159,30.6,1752250806625
0.0,0.0,8.138,30.6,1752250806776
0.0,0.0,8.107,30.6,1752250806847
0.0,0.0,8.086,30.6,1752250806993
0.0,0.0,8.055,30.6,1752250807070
0.0,0.0,8.023,30.6,1752250807241
0.0,0.0,8.013,30.6,1752250807329
0.0,0.0,8.013,30.6,1752250807543
0.0,0.0,8.034,30.6,1752250807648
0.0,0.0,8.034,30.6,1752250807860
0.0,0.0,8.044,30.6,1752250807968
31.708330154418945,-97.1892318725586,8.044,30.6,1752250808000
0.0,0.0,8.034,30.6,1752250808181
0.0,0.0,8.075,30.6,1752250808311
0.0,0.0,8.075,30.6,1752250808524
0.0,0.0,8.096,30.6,1752250808642
0.0,0.0,8.086,30.6,1752250809187
0.0,0.0,8.096,30.6,1752250809272
0.0,0.0,8.055,30.6,1752250809446
0.0,0.0,8.034,30.6,1752250809550
0.0,0.0,8.023,30.6,1752250809760
0.0,0.0,7.971,30.6,1752250809865
0.0,0.0,8.002,30.6,1752250810065
0.0,0.0,7.992,30.6,1752250810176
0.0,0.0,7.961,30.6,1752250810402
0.0,0.0,7.961,30.6,1752250810510
0.0,0.0,7.961,30.6,1752250810717
31.708330154418945,-97.18922424316406,7.909,30.6,1752250811000
0.0,0.0,7.909,30.6,1752250811190
0.0,0.0,7.909,30.6,1752250811362
0.0,0.0,7.888,30.6,1752250811445
0.0,0.0,8.044,30.6,1752250811596
0.0,0.0,8.065,30.6,1752250811675
0.0,0.0,7.94,30.6,1752250811825
0.0,0.0,7.95,30.6,1752250811902
0.0,0.0,7.95,30.6,1752250812058
0.0,0.0,7.992,30.6,1752250812135
0.0,0.0,7.961,30.6,1752250812338
0.0,0.0,7.898,30.6,1752250812443
0.0,0.0,7.909,30.6,1752250812650
0.0,0.0,7.909,30.6,1752250812755
0.0,0.0,7.836,30.6,1752250812964
31.708328247070312,-97.18922424316406,7.836,30.6,1752250813000
0.0,0.0,7.805,30.6,1752250813071
0.0,0.0,7.774,30.6,1752250813310
0.0,0.0,7.763,30.6,1752250813414
0.0,0.0,7.763,30.6,1752250813624
0.0,0.0,7.742,30.6,1752250814170
0.0,0.0,7.742,30.6,1752250814320
0.0,0.0,7.669,30.6,1752250814405
0.0,0.0,7.659,30.6,1752250814612
0.0,0.0,7.659,30.6,1752250814719
0.0,0.0,7.701,30.6,1752250814928
0.0,0.0,7.69,30.6,1752250815033
0.0,0.0,7.69,30.6,1752250815247
0.0,0.0,7.742,30.6,1752250815369
0.0,0.0,7.763,30.6,1752250815579
0.0,0.0,7.774,30.6,1752250815685
0.0,0.0,7.794,30.6,1752250816291
0.0,0.0,7.784,30.6,1752250816369
0.0,0.0,7.763,30.6,1752250816517
0.0,0.0,7.878,30.6,1752250816593
0.0,0.0,7.898,30.6,1752250816746
0.0,0.0,7.95,30.6,1752250816825
0.0,0.0,7.93,30.6,1752250816976
31.708324432373047,-97.18922424316406,7.93,30.6,1752250817000
0.0,0.0,7.919,30.6,1752250817053
0.0,0.0,8.044,30.6,1752250817260
0.0,0.0,7.982,30.6,1752250817342
0.0,0.0,8.013,30.6,1752250817499
0.0,0.0,8.013,30.6,1752250817575
0.0,0.0,8.044,30.6,1752250817728
0.0,0.0,8.107,30.6,1752250817804
0.0,0.0,8.138,30.6,1752250817952
0.0,0.0,7.992,30.6,1752250818036
0.0,0.0,8.013,30.6,1752250818197
0.0,0.0,8.023,30.6,1752250818304
0.0,0.0,8.002,30.6,1752250818512
0.0,0.0,8.013,30.6,1752250818617
0.0,0.0,7.992,30.6,1752250818831
0.0,0.0,7.95,30.6,1752250818946
0.0,0.0,7.93,30.6,1752250819166
0.0,0.0,7.898,30.6,1752250819296
0.0,0.0,7.878,30.6,1752250819510
0.0,0.0,7.898,30.6,1752250820057
0.0,0.0,7.898,30.6,1752250820205
0.0,0.0,7.898,30.6,1752250820296
0.0,0.0,7.919,30.6,1752250820448
0.0,0.0,7.95,30.6,1752250820528
0.0,0.0,7.992,30.6,1752250820681
0.0,0.0,7.971,30.6,1752250820762
0.0,0.0,7.971,30.6,1752250820912
0.0,0.0,8.002,30.6,1752250820991
31.708322525024414,-97.18922424316406,8.002,30.6,1752250821000
0.0,0.0,7.971,30.6,1752250821139
0.0,0.0,8.002,30.6,1752250821240
0.0,0.0,8.013,30.6,1752250821394
0.0,0.0,8.013,30.6,1752250821468
0.0,0.0,8.044,30.6,1752250821625
0.0,0.0,8.086,30.8,1752250821703
0.0,0.0,8.086,30.8,1752250821874
0.0,0.0,8.086,30.8,1752250821955
0.0,0.0,8.044,30.8,1752250822105
0.0,0.0,8.075,30.8,1752250822194
0.0,0.0,8.086,30.8,1752250822379
0.0,0.0,8.096,30.8,1752250822484
0.0,0.0,8.127,30.8,1752250822695
0.0,0.0,8.252,30.8,1752250822800
0.0,0.0,8.263,30.8,1752250823010
0.0,0.0,8.242,30.8,1752250823118
0.0,0.0,8.252,30.8,1752250823348
0.0,0.0,8.263,30.8,1752250823453
0.0,0.0,8.294,30.8,1752250823663
0.0,0.0,8.356,30.8,1752250824221
0.0,0.0,8.398,30.8,1752250824357
0.0,0.0,8.408,30.8,1752250824438
0.0,0.0,8.419,30.8,1752250824591
0.0,0.0,8.367,30.8,1752250824751
0.0,0.0,8.294,30.8,1752250824892
0.0,0.0,8.304,30.8,1752250824954
31.708322525024414,-97.18922424316406,8.304,30.8,1752250825000
0.0,0.0,8.304,30.8,1752250825102
0.0,0.0,8.283,30.8,1752250825320
0.0,0.0,8.294,30.8,1752250825380
0.0,0.0,8.263,30.8,1752250825533
0.0,0.0,8.263,30.8,1752250825610
0.0,0.0,8.055,30.8,1752250825763
0.0,0.0,7.93,30.8,1752250825842
0.0,0.0,7.898,30.8,1752250825994
0.0,0.0,7.93,30.8,1752250826073
0.0,0.0,8.023,30.8,1752250826243
0.0,0.0,8.002,30.8,1752250826340
0.0,0.0,7.961,30.8,1752250826549
0.0,0.0,7.846,30.8,1752250826652
0.0,0.0,7.857,30.8,1752250826863
0.0,0.0,7.815,30.8,1752250826968
31.70832061767578,-97.18922424316406,7.815,30.8,1752250827000
0.0,0.0,7.846,30.8,1752250827178
0.0,0.0,7.867,30.8,1752250827306
0.0,0.0,8.013,30.8,1752250827525
0.0,0.0,8.023,30.8,1752250827630
0.0,0.0,8.065,30.8,1752250828281
0.0,0.0,8.055,30.8,1752250828369
0.0,0.0,8.055,30.8,1752250828545
0.0,0.0,8.055,30.8,1752250828649
0.0,0.0,8.065,30.8,1752250828860
0.0,0.0,8.086,30.8,1752250828968
0.0,0.0,8.065,30.8,1752250829177
0.0,0.0,8.096,30.8,1752250829411
0.0,0.0,8.075,30.8,1752250829557
0.0,0.0,8.075,30.8,1752250829661
0.0,0.0,7.815,30.8,1752250830338
0.0,0.0,7.753,30.8,1752250830401
0.0,0.0,7.722,30.8,1752250830551
0.0,0.0,7.722,30.8,1752250830628
0.0,0.0,7.597,30.8,1752250830781
0.0,0.0,7.388,30.8,1752250830855
0.0,0.0,7.222,30.8,1752250831002
0.0,0.0,6.962,30.8,1752250831076
0.0,0.0,7.076,30.8,1752250831231
0.0,0.0,6.972,30.8,1752250831316
0.0,0.0,6.743,30.8,1752250831458
0.0,0.0,6.473,30.8,1752250831527
0.0,0.0,6.639,30.8,1752250831747
0.0,0.0,6.389,30.8,1752250831803
0.0,0.0,6.181,30.8,1752250831954
0.0,0.0,6.077,30.8,1752250832029
0.0,0.0,5.848,30.8,1752250832272
0.0,0.0,5.796,30.8,1752250832330
0.0,0.0,5.703,30.8,1752250832545
0.0,0.0,5.651,30.8,1752250832600
0.0,0.0,5.38,30.8,1752250832764
0.0,0.0,5.328,30.8,1752250832836
0.0,0.0,5.255,30.8,1752250832978
0.0,0.0,5.203,30.8,1752250833051
0.0,0.0,4.818,30.8,1752250833290
0.0,0.0,4.766,30.8,1752250833357
0.0,0.0,4.672,30.8,1752250833499
0.0,0.0,4.61,30.8,1752250833571
0.0,0.0,4.558,30.8,1752250833717
0.0,0.0,4.422,30.8,1752250833789
0.0,0.0,4.308,30.8,1752250833932
31.70830726623535,-97.189208984375,4.308,30.8,1752250834000
0.0,0.0,4.204,30.8,1752250834085
0.0,0.0,4.339,30.8,1752250834143
0.0,0.0,4.37,30.8,1752250834307
0.0,0.0,4.277,30.8,1752250834381
0.0,0.0,4.214,30.8,1752250834521
0.0,0.0,4.402,30.8,1752250834593
0.0,0.0,4.464,30.8,1752250834744
0.0,0.0,4.527,30.8,1752250834817
0.0,0.0,4.599,30.8,1752250834960
0.0,0.0,4.558,30.8,1752250835033
0.0,0.0,4.62,30.8,1752250835179
0.0,0.0,4.662,30.8,1752250835284
0.0,0.0,4.724,30.8,1752250835489
0.0,0.0,4.62,30.8,1752250835596
0.0,0.0,4.641,30.8,1752250835793
0.0,0.0,4.672,30.8,1752250835898
31.708301544189453,-97.189208984375,4.672,30.8,1752250836000
0.0,0.0,4.672,30.8,1752250836094
0.0,0.0,4.631,30.8,1752250836383
0.0,0.0,4.589,30.8,1752250836460
0.0,0.0,4.568,30.8,1752250837057
0.0,0.0,4.547,30.8,1752250837110
0.0,0.0,4.527,30.8,1752250837281
0.0,0.0,4.495,30.8,1752250837389
0.0,0.0,4.485,30.8,1752250837584
0.0,0.0,4.464,30.8,1752250837689
0.0,0.0,4.464,30.8,1752250837882
0.0,0.0,4.454,30.8,1752250837980
31.708297729492188,-97.189208984375,4.454,30.8,1752250838000
0.0,0.0,4.454,30.8,1752250838178
0.0,0.0,4.454,30.8,1752250838304
0.0,0.0,4.475,30.8,1752250838500
0.0,0.0,4.475,30.8,1752250839046
0.0,0.0,4.464,30.8,1752250839100
0.0,0.0,4.454,30.8,1752250839289
0.0,0.0,4.454,30.8,1752250839387
0.0,0.0,4.454,30.8,1752250839578
0.0,0.0,4.464,30.8,1752250839686
0.0,0.0,4.475,30.8,1752250839876
0.0,0.0,4.475,30.8,1752250839981
31.708295822143555,-97.18920135498047,4.475,30.8,1752250840000
0.0,0.0,4.475,30.8,1752250840169
0.0,0.0,4.475,30.8,1752250840297
0.0,0.0,4.485,30.8,1752250840494
0.0,0.0,4.485,30.8,1752250840952
0.0,0.0,4.485,30.8,1752250841083
0.0,0.0,4.495,30.8,1752250841153
0.0,0.0,4.495,30.8,1752250841318
0.0,0.0,4.495,30.8,1752250841427
0.0,0.0,4.506,30.8,1752250841621
0.0,0.0,4.495,30.8,1752250841729
0.0,0.0,4.495,30.8,1752250841912
0.0,0.0,4.495,30.8,1752250842014
0.0,0.0,4.495,30.8,1752250842197
0.0,0.0,4.495,30.8,1752250842324
0.0,0.0,4.495,30.8,1752250842515
0.0,0.0,4.495,30.8,1752250842988
31.708288192749023,-97.18920135498047,4.495,30.8,1752250843000
0.0,0.0,4.495,30.8,1752250843113
0.0,0.0,4.485,30.8,1752250843188
0.0,0.0,4.506,30.8,1752250843331
0.0,0.0,4.506,30.8,1752250843405
0.0,0.0,4.495,30.8,1752250843532
0.0,0.0,4.495,30.8,1752250843605
0.0,0.0,4.506,30.8,1752250843738
0.0,0.0,4.506,30.8,1752250843806
0.0,0.0,4.495,30.8,1752250843936
0.0,0.0,4.495,30.8,1752250844009
0.0,0.0,4.495,30.8,1752250844170
0.0,0.0,4.495,30.8,1752250844402
0.0,0.0,4.506,30.8,1752250844478
0.0,0.0,4.506,30.8,1752250844696
0.0,0.0,4.495,30.8,1752250844798
31.708282470703125,-97.18919372558594,4.495,30.8,1752250845000
0.0,0.0,4.495,30.8,1752250845011
0.0,0.0,4.495,30.8,1752250845120
0.0,0.0,4.495,30.8,1752250845362
0.0,0.0,4.495,30.8,1752250845463
0.0,0.0,4.495,30.8,1752250846025
0.0,0.0,4.495,30.8,1752250846095
0.0,0.0,4.506,30.8,1752250846254
0.0,0.0,4.506,30.8,1752250846357
0.0,0.0,4.506,30.8,1752250846555
0.0,0.0,4.495,30.8,1752250846660
0.0,0.0,4.506,30.8,1752250846857
0.0,0.0,4.516,30.8,1752250846961
31.708276748657227,-97.18919372558594,4.516,30.8,1752250847000
0.0,0.0,4.537,30.8,1752250847168
0.0,0.0,4.547,30.8,1752250847300
0.0,0.0,4.547,30.8,1752250847947
0.0,0.0,4.568,30.8,1752250848018
0.0,0.0,4.568,30.8,1752250848159
0.0,0.0,4.568,30.8,1752250848245
0.0,0.0,4.579,30.8,1752250848416
0.0,0.0,4.579,30.8,1752250848623
0.0,0.0,4.579,30.8,1752250848760
0.0,0.0,4.579,30.8,1752250848855
31.708269119262695,-97.18919372558594,4.579,30.8,1752250849000
0.0,0.0,4.579,30.8,1752250849046
0.0,0.0,4.579,30.8,1752250849146
0.0,0.0,4.558,30.8,1752250849367
0.0,0.0,4.537,30.8,1752250849521
0.0,0.0,4.537,30.8,1752250849986
0.0,0.0,4.527,30.8,1752250850052
0.0,0.0,4.527,30.8,1752250850189
0.0,0.0,4.527,30.8,1752250850360
0.0,0.0,4.506,30.8,1752250850443
0.0,0.0,4.516,30.8,1752250850640
0.0,0.0,4.516,30.8,1752250850739
0.0,0.0,4.527,30.8,1752250850936
0.0,0.0,4.527,30.8,1752250851028
0.0,0.0,4.537,30.8,1752250851232
0.0,0.0,4.568,30.8,1752250851340
0.0,0.0,4.579,30.8,1752250851579
0.0,0.0,4.579,30.8,1752250851969
0.0,0.0,4.579,30.8,1752250852104
0.0,0.0,4.579,30.8,1752250852175
0.0,0.0,4.599,30.8,1752250852361
0.0,0.0,4.599,30.8,1752250852490
0.0,0.0,4.589,30.8,1752250852543
0.0,0.0,4.589,30.8,1752250852681
0.0,0.0,4.579,30.8,1752250852747
0.0,0.0,4.568,30.8,1752250852882
0.0,0.0,4.547,30.8,1752250852949
31.708269119262695,-97.18919372558594,4.547,30.8,1752250853000
0.0,0.0,4.537,30.8,1752250853086
0.0,0.0,4.527,30.8,1752250853151
0.0,0.0,4.516,30.8,1752250853306
0.0,0.0,4.516,30.8,1752250853372
0.0,0.0,4.527,30.8,1752250853514
0.0,0.0,4.527,30.8,1752250853654
0.0,0.0,4.537,30.8,1752250853707
0.0,0.0,4.537,30.8,1752250853844
0.0,0.0,4.537,30.8,1752250853911
31.708255767822266,-97.1891860961914,4.537,30.8,1752250854000
0.0,0.0,4.537,30.8,1752250854168
0.0,0.0,4.568,30.8,1752250854272
0.0,0.0,4.579,30.8,1752250854431
0.0,0.0,4.589,30.8,1752250854569
0.0,0.0,4.599,30.8,1752250854667
0.0,0.0,4.599,30.8,1752250854920
0.0,0.0,4.61,30.8,1752250854991
0.0,0.0,4.61,30.8,1752250855264
31.708051681518555,-97.1890869140625,3.101,31.2,1752250873000
0.0,0.0,3.101,31.2,1752250873183
0.0,0.0,3.08,31.2,1752250873286
0.0,0.0,3.08,31.2,1752250873482
0.0,0.0,3.08,31.2,1752250873596
0.0,0.0,3.08,31.2,1752250873790
0.0,0.0,3.08,31.2,1752250873900
0.0,0.0,3.08,31.2,1752250874080
0.0,0.0,3.08,31.2,1752250874195
0.0,0.0,3.08,31.2,1752250874397
0.0,0.0,3.08,31.2,1752250874507
0.0,0.0,3.059,31.2,1752250874697
0.0,0.0,3.059,31.2,1752250874807
0.0,0.0,3.059,31.2,1752250874997
31.708045959472656,-97.18907928466797,3.059,31.2,1752250875000
0.0,0.0,3.038,31.2,1752250875150
0.0,0.0,3.038,31.2,1752250875776
0.0,0.0,3.038,31.2,1752250875894
0.0,0.0,3.028,31.2,1752250876086
0.0,0.0,3.028,31.2,1752250876201
0.0,0.0,3.007,31.2,1752250876413
0.0,0.0,2.997,31.2,1752250876523
0.0,0.0,2.986,31.2,1752250876781
0.0,0.0,2.986,31.2,1752250876932
0.0,0.0,2.986,31.2,1752250877204
0.0,0.0,2.976,31.2,1752250877379
0.0,0.0,2.976,31.2,1752250877951
31.70804214477539,-97.18907928466797,2.976,31.2,1752250878000
0.0,0.0,2.965,31.2,1752250878064
0.0,0.0,2.976,31.2,1752250878269
0.0,0.0,2.976,31.2,1752250878380
0.0,0.0,2.965,31.2,1752250878572
0.0,0.0,2.955,31.2,1752250878687
0.0,0.0,2.965,31.2,1752250878879
0.0,0.0,2.976,31.2,1752250878989
0.0,0.0,2.965,31.2,1752250879182
0.0,0.0,2.955,31.2,1752250879306
0.0,0.0,2.945,31.2,1752250879508
0.0,0.0,2.934,31.2,1752250879617
0.0,0.0,2.934,31.2,1752250879811
0.0,0.0,2.934,31.2,1752250879921
0.0,0.0,2.903,31.2,1752250880129
0.0,0.0,2.893,31.2,1752250880322
0.0,0.0,2.882,31.2,1752250880902
31.708038330078125,-97.18907165527344,2.882,31.2,1752250881000
0.0,0.0,2.882,31.2,1752250881014
0.0,0.0,2.882,31.2,1752250881209
0.0,0.0,2.861,31.2,1752250881330
0.0,0.0,2.861,31.2,1752250881527
0.0,0.0,2.861,31.2,1752250881638
0.0,0.0,2.851,31.2,1752250881830
0.0,0.0,2.851,31.2,1752250881940
0.0,0.0,2.841,31.2,1752250882132
0.0,0.0,2.841,31.2,1752250882256
0.0,0.0,2.841,31.2,1752250882458
0.0,0.0,2.851,31.2,1752250882567
0.0,0.0,2.851,31.2,1752250882759
0.0,0.0,2.841,31.2,1752250882868
0.0,0.0,2.841,31.2,1752250883110
0.0,0.0,2.841,31.2,1752250883304
0.0,0.0,2.841,31.2,1752250883881
0.0,0.0,2.83,31.2,1752250883992
0.0,0.0,2.83,31.2,1752250884188
0.0,0.0,2.809,31.2,1752250884312
0.0,0.0,2.799,31.2,1752250884505
0.0,0.0,2.799,31.2,1752250884615
0.0,0.0,2.799,31.2,1752250884806
0.0,0.0,2.789,31.2,1752250884917
0.0,0.0,2.789,31.2,1752250885109
0.0,0.0,2.768,31.2,1752250885234
0.0,0.0,2.778,31.2,1752250885423
0.0,0.0,2.768,31.2,1752250885534
0.0,0.0,2.768,31.2,1752250885728
0.0,0.0,2.747,31.2,1752250885839
31.708032608032227,-97.18907165527344,2.757,31.2,1752250886000
0.0,0.0,2.757,31.2,1752250886031
0.0,0.0,2.757,31.2,1752250886144
0.0,0.0,2.757,31.2,1752250886354
0.0,0.0,2.747,31.2,1752250886465
0.0,0.0,2.747,31.2,1752250886656
0.0,0.0,2.757,31.2,1752250886766
0.0,0.0,2.747,31.2,1752250886947
0.0,0.0,2.747,31.2,1752250887048
0.0,0.0,2.737,31.2,1752250887239
0.0,0.0,2.726,31.2,1752250887366
0.0,0.0,2.726,31.2,1752250887556
0.0,0.0,2.726,31.2,1752250887665
0.0,0.0,2.716,31.2,1752250887856
0.0,0.0,2.705,31.2,1752250887966
31.708032608032227,-97.18907165527344,2.705,31.2,1752250888000
0.0,0.0,2.695,31.2,1752250888158
0.0,0.0,2.664,31.2,1752250888686
0.0,0.0,2.653,31.2,1752250888877
0.0,0.0,2.653,31.2,1752250888989
0.0,0.0,2.653,31.2,1752250889180
0.0,0.0,2.632,31.2,1752250889305
0.0,0.0,2.622,31.2,1752250889507
0.0,0.0,2.601,31.2,1752250889620
0.0,0.0,2.591,31.2,1752250889839
0.0,0.0,2.58,31.2,1752250889994
0.0,0.0,2.539,31.2,1752250890268
0.0,0.0,2.508,31.2,1752250890536
31.708026885986328,-97.18907165527344,2.487,31.2,1752250891000
0.0,0.0,2.487,31.2,1752250891052
0.0,0.0,2.476,31.2,1752250891163
0.0,0.0,2.424,31.2,1752250891375
0.0,0.0,2.383,31.2,1752250891491
0.0,0.0,2.351,31.2,1752250891682
0.0,0.0,2.32,31.2,1752250891794
0.0,0.0,2.268,31.2,1752250891985
0.0,0.0,2.247,31.2,1752250892096
0.0,0.0,2.185,31.2,1752250892303
0.0,0.0,2.143,31.2,1752250892426
0.0,0.0,2.123,31.2,1752250892615
0.0,0.0,2.091,31.2,1752250892727
0.0,0.0,2.06,31.2,1752250892918
0.0,0.0,2.018,31.2,1752250893053
0.0,0.0,1.998,31.2,1752250893361
0.0,0.0,1.966,31.2,1752250893849
0.0,0.0,1.935,31.2,1752250894041
0.0,0.0,1.894,31.2,1752250894151
0.0,0.0,1.873,31.2,1752250894367
0.0,0.0,1.831,31.2,1752250894479
0.0,0.0,1.831,31.2,1752250894671
0.0,0.0,1.821,31.2,1752250894782
0.0,0.0,1.79,31.2,1752250894973
0.0,0.0,1.758,31.2,1752250895084
0.0,0.0,1.748,31.2,1752250895292
0.0,0.0,1.727,31.2,1752250895402
0.0,0.0,1.717,31.2,1752250895595
0.0,0.0,1.717,31.2,1752250895705
0.0,0.0,1.717,31.2,1752250895899
31.708023071289062,-97.18907165527344,1.706,31.2,1752250896000
0.0,0.0,1.706,31.2,1752250896009
0.0,0.0,1.696,31.2,1752250896206
0.0,0.0,1.696,31.2,1752250896335
0.0,0.0,1.696,31.2,1752250896524
0.0,0.0,1.685,31.2,1752250896627
0.0,0.0,1.685,31.2,1752250896796
0.0,0.0,1.675,31.2,1752250896903
0.0,0.0,1.675,31.2,1752250897072
0.0,0.0,1.675,31.2,1752250897181
0.0,0.0,1.665,31.2,1752250897389
0.0,0.0,1.654,31.2,1752250897499
0.0,0.0,1.654,31.2,1752250897689
0.0,0.0,1.665,31.2,1752250897801
0.0,0.0,1.685,31.2,1752250897991
0.0,0.0,1.685,31.2,1752250898101
0.0,0.0,1.685,31.2,1752250898681
0.0,0.0,1.685,31.2,1752250898792
0.0,0.0,1.696,31.2,1752250898983
0.0,0.0,1.706,31.2,1752250899094
0.0,0.0,1.706,31.2,1752250899303
0.0,0.0,1.727,31.2,1752250899413
0.0,0.0,1.727,31.2,1752250899605
0.0,0.0,1.737,31.2,1752250899715
0.0,0.0,1.737,31.2,1752250899908
31.708017349243164,-97.1890640258789,1.727,31.2,1752250900000
0.0,0.0,1.727,31.2,1752250900019
0.0,0.0,1.737,31.2,1752250900217
0.0,0.0,1.737,31.2,1752250900337
0.0,0.0,1.748,31.2,1752250900529
0.0,0.0,1.769,31.2,1752250900639
0.0,0.0,1.769,31.2,1752250900830
0.0,0.0,1.779,31.2,1752250900942
0.0,0.0,1.779,31.2,1752250901132
0.0,0.0,1.79,31.2,1752250901246
0.0,0.0,1.831,31.2,1752250901437
0.0,0.0,1.821,31.2,1752250901549
0.0,0.0,1.81,31.2,1752250901738
0.0,0.0,1.831,31.2,1752250901848
0.0,0.0,1.831,31.2,1752250902039
0.0,0.0,1.842,31.2,1752250902148
0.0,0.0,1.831,31.2,1752250902738
0.0,0.0,1.831,31.2,1752250902848
31.708011627197266,-97.1890640258789,1.821,31.2,1752250903000
0.0,0.0,1.821,31.2,1752250903040
0.0,0.0,1.831,31.2,1752250903152
0.0,0.0,1.821,31.2,1752250903364
0.0,0.0,1.8,31.2,1752250903475
0.0,0.0,1.8,31.2,1752250903675
0.0,0.0,1.8,31.2,1752250903785
0.0,0.0,1.8,31.2,1752250903979
0.0,0.0,1.81,31.2,1752250904089
0.0,0.0,1.81,31.2,1752250904295
0.0,0.0,1.81,31.2,1752250904417
0.0,0.0,1.81,31.2,1752250904611
0.0,0.0,1.821,31.2,1752250904724
0.0,0.0,1.821,31.2,1752250904916
0.0,0.0,1.821,31.2,1752250905030
0.0,0.0,1.821,31.2,1752250905316
0.0,0.0,1.821,31.2,1752250905808
31.708005905151367,-97.1890640258789,1.831,31.2,1752250906000
0.0,0.0,1.831,31.2,1752250906004
0.0,0.0,1.831,31.2,1752250906119
0.0,0.0,1.831,31.2,1752250906330
0.0,0.0,1.821,31.2,1752250906446
0.0,0.0,1.821,31.2,1752250906641
0.0,0.0,1.821,31.2,1752250906757
0.0,0.0,1.821,31.2,1752250906953
0.0,0.0,1.81,31.2,1752250907067
0.0,0.0,1.81,31.2,1752250907276
0.0,0.0,1.81,31.2,1752250907401
0.0,0.0,1.81,31.2,1752250907592
0.0,0.0,1.81,31.2,1752250907706
0.0,0.0,1.81,31.2,1752250907901
0.0,0.0,1.79,31.2,1752250908017
0.0,0.0,1.79,31.2,1752250908275
0.0,0.0,1.79,31.2,1752250908777
0.0,0.0,1.779,31.2,1752250908970
0.0,0.0,1.779,31.2,1752250909086
0.0,0.0,1.769,31.2,1752250909291
0.0,0.0,1.779,31.2,1752250909404
0.0,0.0,1.779,31.2,1752250909602
0.0,0.0,1.758,31.2,1752250909718
0.0,0.0,1.758,31.2,1752250909915
0.0,0.0,1.758,31.2,1752250910031
0.0,0.0,1.748,31.2,1752250910230
0.0,0.0,1.737,31.2,1752250910353
0.0,0.0,1.737,31.2,1752250910546
0.0,0.0,1.727,31.2,1752250910658
0.0,0.0,1.717,31.2,1752250910854
0.0,0.0,1.717,31.2,1752250910967
31.707998275756836,-97.18905639648438,1.717,31.2,1752250911000
0.0,0.0,1.717,31.2,1752250911133
0.0,0.0,1.706,31.2,1752250911256
0.0,0.0,1.685,31.2,1752250911425
0.0,0.0,1.696,31.2,1752250911538
0.0,0.0,1.696,31.2,1752250911710
0.0,0.0,1.685,31.2,1752250911817
0.0,0.0,1.665,31.2,1752250911986
0.0,0.0,1.675,31.2,1752250912100
0.0,0.0,1.665,31.2,1752250912290
0.0,0.0,1.665,31.2,1752250912418
0.0,0.0,1.654,31.2,1752250912610
0.0,0.0,1.644,31.2,1752250912724
0.0,0.0,1.633,31.2,1752250912918
31.707992553710938,-97.18905639648438,1.654,31.2,1752250913000
0.0,0.0,1.654,31.2,1752250913036
0.0,0.0,1.644,31.2,1752250913236
0.0,0.0,1.633,31.2,1752250913737
0.0,0.0,1.633,31.2,1752250913885
0.0,0.0,1.633,31.2,1752250914001
0.0,0.0,1.623,31.2,1752250914199
0.0,0.0,1.623,31.2,1752250914339
0.0,0.0,1.613,31.2,1752250914533
0.0,0.0,1.613,31.2,1752250914650
0.0,0.0,1.602,31.2,1752250914914
0.0,0.0,1.592,31.2,1752250915059
0.0,0.0,1.592,31.2,1752250915321
0.0,0.0,1.571,31.2,1752250915804
0.0,0.0,1.571,31.2,1752250915996
31.707988739013672,-97.18905639648438,1.571,31.2,1752250916000
0.0,0.0,1.571,31.2,1752250916113
0.0,0.0,1.561,31.2,1752250916322
0.0,0.0,1.54,31.2,1752250916444
0.0,0.0,1.529,31.2,1752250916590
0.0,0.0,1.529,31.2,1752250916708
0.0,0.0,1.519,31.2,1752250916908
0.0,0.0,1.509,31.2,1752250917024
0.0,0.0,1.509,31.2,1752250917168
0.0,0.0,1.498,31.2,1752250917314
0.0,0.0,1.488,31.2,1752250917508
0.0,0.0,1.488,31.2,1752250917620
0.0,0.0,1.467,31.2,1752250917809
0.0,0.0,1.456,31.2,1752250917919
31.707988739013672,-97.18905639648438,1.456,31.2,1752250918000
0.0,0.0,1.456,31.2,1752250918110
0.0,0.0,1.456,31.2,1752250918613
0.0,0.0,1.446,31.2,1752250918808
0.0,0.0,1.446,31.2,1752250918923
0.0,0.0,1.436,31.2,1752250919123
0.0,0.0,1.425,31.2,1752250919248
0.0,0.0,1.415,31.2,1752250919451
0.0,0.0,1.394,31.2,1752250919563
0.0,0.0,1.384,31.2,1752250919755
0.0,0.0,1.394,31.2,1752250919867
0.0,0.0,1.384,31.2,1752250920093
0.0,0.0,1.373,31.2,1752250920276
0.0,0.0,17.952,30.8,1752250945599
31.707902908325195,-97.18904113769531,18.045,30.8,1752250946000
0.0,0.0,18.045,30.8,1752250946206
0.0,0.0,18.097,30.8,1752250946486
0.0,0.0,18.212,30.8,1752250946723
0.0,0.0,18.295,30.8,1752250946985
31.707908630371094,-97.18904113769531,18.295,30.8,1752250947000
0.0,0.0,18.389,30.8,1752250947654
0.0,0.0,17.4,30.6,1752250957309
0.0,0.0,16.432,30.6,1752250957389
0.0,0.0,15.454,30.6,1752250957496
0.0,0.0,14.476,30.6,1752250957570
0.0,0.0,13.508,30.6,1752250957700
0.0,0.0,13.154,30.6,1752250957802
0.0,0.0,12.717,30.6,1752250958091
0.0,0.0,12.124,30.6,1752250958174
0.0,0.0,11.53,30.6,1752250958256
0.0,0.0,10.989,30.6,1752250958715
0.0,0.0,10.573,30.6,1752250958817
0.0,0.0,10.063,30.6,1752250958921
0.0,0.0,10.76,30.6,1752250959025
0.0,0.0,11.572,30.6,1752250959127
0.0,0.0,12.207,30.6,1752250959280
0.0,0.0,12.946,30.6,1752250959345
0.0,0.0,13.518,30.6,1752250959359
0.0,0.0,13.279,30.6,1752250959468
0.0,0.0,13.039,30.6,1752250959770
0.0,0.0,12.904,30.6,1752250959897
0.0,0.0,12.582,30.6,1752250959961
0.0,0.0,12.488,30.6,1752250960088
0.0,0.0,12.092,30.6,1752250960165
0.0,0.0,11.791,30.6,1752250960297
0.0,0.0,10.844,30.6,1752250960400
0.0,0.0,9.886,30.6,1752250960497
0.0,0.0,9.168,30.6,1752250960595
0.0,0.0,8.346,30.6,1752250960693
0.0,0.0,7.669,30.6,1752250960784
0.0,0.0,7.409,30.6,1752250960865
0.0,0.0,7.139,30.6,1752250960950
0.0,0.0,6.868,30.6,1752250961042
0.0,0.0,7.17,30.6,1752250961131
0.0,0.0,7.378,30.6,1752250961227
0.0,0.0,7.774,30.6,1752250961314
0.0,0.0,8.107,30.6,1752250961401
0.0,0.0,8.471,30.6,1752250961489
0.0,0.0,8.617,30.6,1752250961573
0.0,0.0,8.606,30.6,1752250961658
0.0,0.0,8.731,30.6,1752250961747
0.0,0.0,8.939,30.6,1752250961833
0.0,0.0,8.877,30.6,1752250961916
0.0,0.0,8.856,30.6,1752250962005
0.0,0.0,8.887,30.6,1752250962092
0.0,0.0,8.95,30.6,1752250962182
0.0,0.0,8.887,30.6,1752250962280
0.0,0.0,8.845,30.6,1752250962363
0.0,0.0,8.731,30.6,1752250962451
0.0,0.0,8.721,30.6,1752250962538
0.0,0.0,8.7,30.6,1752250962626
0.0,0.0,8.554,30.6,1752250962716
0.0,0.0,8.44,30.6,1752250962779
0.0,0.0,8.46,30.6,1752250962908
0.0,0.0,8.45,30.6,1752250962974
31.70829200744629,-97.18925476074219,8.45,30.6,1752250963000
0.0,0.0,8.502,30.6,1752250963084
0.0,0.0,8.512,30.6,1752250963142
0.0,0.0,8.533,30.6,1752250963268
0.0,0.0,8.523,30.6,1752250963333
0.0,0.0,8.512,30.6,1752250963439
0.0,0.0,8.294,30.6,1752250963504
0.0,0.0,8.263,30.6,1752250963611
0.0,0.0,8.294,30.6,1752250963675
0.0,0.0,8.294,30.6,1752250963783
0.0,0.0,8.273,30.6,1752250963845
0.0,0.0,8.252,30.6,1752250963965
0.0,0.0,8.034,30.6,1752250964024
0.0,0.0,7.961,30.6,1752250964135
0.0,0.0,7.93,30.6,1752250964187
0.0,0.0,7.898,30.6,1752250964249
0.0,0.0,7.69,30.6,1752250964346
0.0,0.0,7.628,30.6,1752250964399
0.0,0.0,7.597,30.6,1752250964574
0.0,0.0,7.451,30.6,1752250964621
0.0,0.0,7.18,30.6,1752250964739
0.0,0.0,6.941,30.6,1752250964799
0.0,0.0,6.691,30.6,1752250964968
0.0,0.0,6.431,30.6,1752250965074
0.0,0.0,6.577,30.6,1752250965716
0.0,0.0,6.348,30.6,1752250965728
0.0,0.0,6.108,30.6,1752250965854
31.708288192749023,-97.18925476074219,6.14,30.6,1752250966000
0.0,0.0,6.14,30.6,1752250966012
0.0,0.0,6.296,30.6,1752250966076
0.0,0.0,6.348,30.6,1752250966199
0.0,0.0,6.306,30.6,1752250966307
0.0,0.0,6.223,30.6,1752250966355
0.0,0.0,6.171,30.6,1752250966437
0.0,0.0,6.119,30.6,1752250966628
0.0,0.0,6.077,30.6,1752250966825
0.0,0.0,6.004,30.6,1752250966884
0.0,0.0,5.671,30.6,1752250966948
0.0,0.0,5.609,30.6,1752250966991
0.0,0.0,5.671,30.6,1752250967105
0.0,0.0,5.359,30.6,1752250967125
0.0,0.0,4.964,30.6,1752250967291
0.0,0.0,4.828,30.6,1752250967348
0.0,0.0,4.703,30.6,1752250967447
0.0,0.0,4.589,30.6,1752250967520
0.0,0.0,4.599,30.6,1752250967645
0.0,0.0,4.527,30.6,1752250967719
0.0,0.0,4.443,30.6,1752250967780
0.0,0.0,4.35,30.6,1752250967842
0.0,0.0,4.516,30.6,1752250967985
0.0,0.0,4.547,30.6,1752250968082
0.0,0.0,4.589,30.6,1752250968701
0.0,0.0,4.724,30.6,1752250968753
0.0,0.0,4.912,30.6,1752250968884
0.0,0.0,4.974,30.6,1752250968956
31.708288192749023,-97.18925476074219,4.974,30.6,1752250969000
0.0,0.0,5.036,30.6,1752250969082
0.0,0.0,5.099,30.6,1752250969150
0.0,0.0,5.005,30.6,1752250969292
0.0,0.0,5.057,30.6,1752250969359
0.0,0.0,5.109,30.6,1752250969483
0.0,0.0,4.995,30.6,1752250969550
0.0,0.0,4.88,30.6,1752250969615
0.0,0.0,4.891,30.6,1752250969671
0.0,0.0,4.901,30.6,1752250969754
0.0,0.0,4.912,30.6,1752250969824
0.0,0.0,4.891,30.6,1752250969929
31.708288192749023,-97.18925476074219,4.88,30.6,1752250970000
0.0,0.0,4.88,30.6,1752250970005
0.0,0.0,4.87,30.6,1752250970129
0.0,0.0,4.86,30.6,1752250970180
0.0,0.0,4.849,30.6,1752250970281
0.0,0.0,4.839,30.6,1752250970286
0.0,0.0,4.828,30.6,1752250970385
0.0,0.0,4.828,30.6,1752250970397
0.0,0.0,4.828,30.6,1752250970512
0.0,0.0,4.839,30.6,1752250970572
0.0,0.0,4.839,30.6,1752250970661
0.0,0.0,4.849,30.6,1752250970744
0.0,0.0,4.86,30.6,1752250970897
0.0,0.0,4.849,30.6,1752250970988
0.0,0.0,4.86,30.6,1752250971154
0.0,0.0,4.87,30.6,1752250971619
0.0,0.0,4.87,30.6,1752250971748
0.0,0.0,4.87,30.6,1752250971815
0.0,0.0,4.88,30.6,1752250971937
31.708288192749023,-97.18925476074219,4.891,30.6,1752250972000
0.0,0.0,4.891,30.6,1752250972007
0.0,0.0,4.891,30.6,1752250972162
0.0,0.0,4.891,30.6,1752250972274
0.0,0.0,4.901,30.6,1752250972436
0.0,0.0,4.901,30.6,1752250972524
0.0,0.0,4.891,30.6,1752250972688
0.0,0.0,4.891,30.6,1752250973149
0.0,0.0,4.891,30.6,1752250973291
0.0,0.0,4.88,30.6,1752250973359
0.0,0.0,4.88,30.6,1752250973483
0.0,0.0,4.87,30.6,1752250973550
0.0,0.0,4.88,30.6,1752250973673
0.0,0.0,4.87,30.6,1752250973740
0.0,0.0,4.87,30.6,1752250973896
0.0,0.0,4.87,30.6,1752250973998
0.0,0.0,4.87,30.6,1752250974159
0.0,0.0,4.87,30.6,1752250974271
0.0,0.0,4.87,30.6,1752250974790
0.0,0.0,4.88,30.6,1752250974857
0.0,0.0,4.88,30.6,1752250974982
0.0,0.0,4.901,30.6,1752250975048
0.0,0.0,4.901,30.6,1752250975171
0.0,0.0,4.912,30.6,1752250975254
0.0,0.0,4.901,30.6,1752250975379
0.0,0.0,4.901,30.6,1752250975445
0.0,0.0,4.912,30.6,1752250975569
0.0,0.0,4.912,30.6,1752250975635
0.0,0.0,4.912,30.6,1752250975762
0.0,0.0,4.912,30.6,1752250975828
0.0,0.0,4.912,30.6,1752250975953
31.708288192749023,-97.18925476074219,4.912,30.6,1752250976000
0.0,0.0,4.912,30.6,1752250976022
0.0,0.0,4.912,30.6,1752250976146
0.0,0.0,4.912,30.6,1752250976227
0.0,0.0,4.901,30.6,1752250976348
0.0,0.0,4.891,30.6,1752250976412
0.0,0.0,4.912,30.6,1752250976523
0.0,0.0,4.912,30.6,1752250976585
0.0,0.0,4.912,30.6,1752250976698
0.0,0.0,4.922,30.8,1752250976760
0.0,0.0,4.912,30.8,1752250976892
0.0,0.0,4.922,30.8,1752250976952
31.708288192749023,-97.18925476074219,4.922,30.8,1752250977000
0.0,0.0,4.922,30.8,1752250977065
0.0,0.0,4.912,30.8,1752250977127
0.0,0.0,4.912,30.8,1752250977259
0.0,0.0,4.901,30.8,1752250977326
0.0,0.0,4.912,30.8,1752250977449
0.0,0.0,4.922,30.8,1752250977516
0.0,0.0,4.912,30.8,1752250977639
0.0,0.0,4.912,30.8,1752250977710
0.0,0.0,4.901,30.8,1752250977833
0.0,0.0,4.891,30.8,1752250977899
0.0,0.0,4.891,30.8,1752250978023
0.0,0.0,4.891,30.8,1752250978480
0.0,0.0,4.891,30.8,1752250978616
0.0,0.0,4.891,30.8,1752250978682
0.0,0.0,4.891,30.8,1752250978822
0.0,0.0,4.901,30.8,1752250978913
31.708288192749023,-97.18925476074219,4.891,30.8,1752250979000
0.0,0.0,4.891,30.8,1752250979077
0.0,0.0,4.88,30.8,1752250979172
0.0,0.0,4.88,30.8,1752250979351
0.0,0.0,4.88,30.8,1752250979436
0.0,0.0,4.891,30.8,1752250979602
0.0,0.0,4.912,30.8,1752250980067
0.0,0.0,4.901,30.8,1752250980197
0.0,0.0,4.901,30.8,1752250980275
0.0,0.0,4.901,30.8,1752250980399
0.0,0.0,4.891,30.8,1752250980465
0.0,0.0,4.891,30.8,1752250980588
0.0,0.0,4.901,30.8,1752250980668
0.0,0.0,4.901,30.8,1752250980839
0.0,0.0,4.912,30.8,1752250980933
0.0,0.0,4.912,30.8,1752250981099
0.0,0.0,4.912,30.8,1752250981209
0.0,0.0,4.912,30.8,1752250981741
0.0,0.0,4.901,30.8,1752250981809
0.0,0.0,4.901,30.8,1752250981932
31.708288192749023,-97.18925476074219,4.901,30.8,1752250982000
0.0,0.0,4.901,30.8,1752250982001
0.0,0.0,4.891,30.8,1752250982132
0.0,0.0,4.891,30.8,1752250982213
0.0,0.0,4.891,30.8,1752250982338
0.0,0.0,4.87,30.8,1752250982405
0.0,0.0,4.849,30.8,1752250982530
0.0,0.0,4.849,30.8,1752250982596
0.0,0.0,4.839,30.8,1752250982721
0.0,0.0,4.808,30.8,1752250982788
0.0,0.0,4.797,30.8,1752250982912
0.0,0.0,4.787,30.8,1752250982979
31.708288192749023,-97.18925476074219,4.787,30.8,1752250983000
0.0,0.0,4.776,30.8,1752250983104
0.0,0.0,4.776,30.8,1752250983175
0.0,0.0,4.797,30.8,1752250983311
0.0,0.0,4.787,30.8,1752250983380
0.0,0.0,4.766,30.8,1752250983508
0.0,0.0,4.766,30.8,1752250983575
0.0,0.0,4.776,30.8,1752250983698
0.0,0.0,4.766,30.8,1752250983767
0.0,0.0,4.776,30.8,1752250983890
0.0,0.0,4.776,30.8,1752250983968
0.0,0.0,4.776,30.8,1752250984159
0.0,0.0,4.776,30.8,1752250984653
0.0,0.0,4.797,30.8,1752250984779
0.0,0.0,4.776,30.8,1752250984846
0.0,0.0,4.756,30.8,1752250984978
31.708288192749023,-97.18925476074219,4.756,30.8,1752250985000
0.0,0.0,4.787,30.8,1752250985070
0.0,0.0,4.797,30.8,1752250985263
0.0,0.0,4.818,30.8,1752250985353
0.0,0.0,4.818,30.8,1752250985526
0.0,0.0,4.797,30.8,1752250985615
0.0,0.0,4.797,30.8,1752250985780
0.0,0.0,4.808,30.8,1752250986248
0.0,0.0,4.797,30.8,1752250986383
0.0,0.0,4.797,30.8,1752250986451
0.0,0.0,4.776,30.8,1752250986573
0.0,0.0,4.797,30.8,1752250986639
0.0,0.0,4.797,30.8,1752250986774
0.0,0.0,4.766,30.8,1752250986868
31.708284378051758,-97.18924713134766,4.756,30.8,1752250987000
0.0,0.0,4.756,30.8,1752250987038
0.0,0.0,4.724,30.8,1752250987133
0.0,0.0,4.724,30.8,1752250987321
0.0,0.0,4.724,30.8,1752250987431
0.0,0.0,4.724,30.8,1752250987960
0.0,0.0,4.714,30.8,1752250988028
0.0,0.0,4.724,30.8,1752250988152
0.0,0.0,4.756,30.8,1752250988234
0.0,0.0,4.756,30.8,1752250988358
0.0,0.0,4.745,30.8,1752250988425
0.0,0.0,4.756,30.8,1752250988563
0.0,0.0,4.756,30.8,1752250988664
0.0,0.0,4.766,30.8,1752250988832
0.0,0.0,4.776,30.8,1752250988921
0.0,0.0,4.776,30.8,1752250989091
0.0,0.0,4.797,30.8,1752250989189
0.0,0.0,4.776,30.8,1752250989728
0.0,0.0,4.797,30.8,1752250989796
0.0,0.0,4.776,30.8,1752250989920
0.0,0.0,4.735,30.8,1752250989988
0.0,0.0,4.724,30.8,1752250990112
0.0,0.0,4.735,30.8,1752250990184
0.0,0.0,4.724,30.8,1752250990319
0.0,0.0,4.735,30.8,1752250990386
0.0,0.0,4.724,30.8,1752250990510
0.0,0.0,4.724,30.8,1752250990576
0.0,0.0,4.724,30.8,1752250990700
0.0,0.0,4.735,30.8,1752250990766
0.0,0.0,4.735,30.8,1752250990890
0.0,0.0,4.724,30.8,1752250990957
31.708280563354492,-97.18924713134766,4.724,30.8,1752250991000
0.0,0.0,4.745,30.8,1752250991081
0.0,0.0,4.756,30.8,1752250991147
0.0,0.0,4.756,30.8,1752250991294
0.0,0.0,4.756,30.8,1752250991361
0.0,0.0,4.756,30.8,1752250991485
0.0,0.0,4.756,30.8,1752250991553
0.0,0.0,4.766,30.8,1752250991678
0.0,0.0,4.766,30.8,1752250991745
0.0,0.0,4.766,30.8,1752250991865
0.0,0.0,4.756,30.8,1752250991927
31.708274841308594,-97.18923950195312,4.756,30.8,1752250992000
0.0,0.0,4.756,30.8,1752250992039
0.0,0.0,4.756,30.8,1752250992099
0.0,0.0,4.766,30.8,1752250992228
0.0,0.0,4.766,30.8,1752250992300
0.0,0.0,4.766,30.8,1752250992423
0.0,0.0,4.776,30.8,1752250992490
0.0,0.0,4.776,30.8,1752250992618
0.0,0.0,4.787,30.8,1752250992685
0.0,0.0,4.787,30.8,1752250992812
0.0,0.0,4.787,30.8,1752250992878
0.0,0.0,4.787,30.8,1752250993001
0.0,0.0,4.787,30.8,1752250993466
0.0,0.0,4.797,30.8,1752250993601
0.0,0.0,4.797,30.8,1752250993679
0.0,0.0,4.797,30.8,1752250993852
0.0,0.0,4.797,30.8,1752250993941
31.708271026611328,-97.18923950195312,4.797,30.8,1752250994000
0.0,0.0,4.787,30.8,1752250994113
0.0,0.0,4.787,30.8,1752250994238
0.0,0.0,4.787,30.8,1752250994401
0.0,0.0,4.797,30.8,1752250994486
0.0,0.0,4.797,30.8,1752250994653
0.0,0.0,4.797,30.8,1752250995121
0.0,0.0,4.797,30.8,1752250995261
0.0,0.0,4.797,30.8,1752250995332
0.0,0.0,4.797,30.8,1752250995455
0.0,0.0,4.797,30.8,1752250995521
0.0,0.0,4.797,30.8,1752250995661
0.0,0.0,4.797,30.8,1752250995757
0.0,0.0,4.797,30.8,1752250995932
0.0,0.0,4.808,30.8,1752250996022
0.0,0.0,4.808,30.8,1752250996202
0.0,0.0,4.797,30.8,1752250996312
0.0,0.0,4.797,30.8,1752250996838
0.0,0.0,4.797,30.8,1752250996906
0.0,0.0,4.797,30.8,1752250997034
0.0,0.0,4.797,30.8,1752250997100
0.0,0.0,4.808,30.8,1752250997239
0.0,0.0,4.808,30.8,1752250997306
0.0,0.0,4.808,30.8,1752250997431
0.0,0.0,4.818,30.8,1752250997499
0.0,0.0,4.818,30.8,1752250997624
0.0,0.0,4.818,30.8,1752250997690
0.0,0.0,4.818,30.8,1752250997815
0.0,0.0,4.828,30.8,1752250997881
31.708263397216797,-97.1892318725586,4.818,30.8,1752250998000
0.0,0.0,4.818,30.8,1752250998007
0.0,0.0,4.818,30.8,1752250998074
0.0,0.0,4.828,30.8,1752250998203
0.0,0.0,4.818,30.8,1752250998286
0.0,0.0,4.818,30.8,1752250998412
0.0,0.0,4.818,30.8,1752250998478
0.0,0.0,4.808,30.8,1752250998603
0.0,0.0,4.808,30.8,1752250998670
0.0,0.0,4.808,30.8,1752250998796
0.0,0.0,4.808,30.8,1752250998863
0.0,0.0,4.808,30.8,1752250998988
31.70825958251953,-97.1892318725586,4.808,30.8,1752250999000
0.0,0.0,4.808,30.8,1752250999054
0.0,0.0,4.808,30.8,1752250999179
0.0,0.0,4.818,30.8,1752250999266
0.0,0.0,4.818,30.8,1752250999394
0.0,0.0,4.818,30.8,1752250999460
0.0,0.0,4.828,30.8,1752250999585
0.0,0.0,4.828,30.8,1752250999657
0.0,0.0,4.828,30.8,1752250999784
0.0,0.0,4.828,30.8,1752250999850
0.0,0.0,4.828,30.8,1752251000045
0.0,0.0,4.828,30.8,1752251000128
0.0,0.0,4.828,30.8,1752251000675
0.0,0.0,4.849,30.8,1752251000844
0.0,0.0,4.839,30.8,1752251000916
31.708255767822266,-97.18922424316406,4.839,30.8,1752251001000
0.0,0.0,4.839,30.8,1752251001098
0.0,0.0,4.849,30.8,1752251001201
0.0,0.0,4.839,30.8,1752251001396
0.0,0.0,4.839,30.8,1752251001488
0.0,0.0,4.839,30.8,1752251001670
0.0,0.0,4.849,30.8,1752251001760
0.0,0.0,4.849,30.8,1752251002299
0.0,0.0,4.839,30.8,1752251002366
0.0,0.0,4.839,30.8,1752251002496
0.0,0.0,4.849,30.8,1752251002563
0.0,0.0,4.828,30.8,1752251002713
0.0,0.0,4.839,30.8,1752251002811
0.0,0.0,4.839,30.8,1752251002987
0.0,0.0,4.839,30.8,1752251003077
0.0,0.0,4.828,30.8,1752251003281
0.0,0.0,4.828,30.8,1752251003381
0.0,0.0,4.818,30.8,1752251003589
31.708255767822266,-97.18922424316406,4.818,30.8,1752251004000
0.0,0.0,4.818,30.8,1752251004048
0.0,0.0,4.818,30.8,1752251004203
0.0,0.0,4.818,30.8,1752251004290
0.0,0.0,4.818,30.8,1752251004442
0.0,0.0,4.818,30.8,1752251004512
0.0,0.0,4.828,30.8,1752251004662
0.0,0.0,4.818,30.8,1752251004732
0.0,0.0,4.818,30.8,1752251004882
0.0,0.0,4.828,30.8,1752251004954
31.708251953125,-97.18921661376953,4.828,30.8,1752251005000
0.0,0.0,4.828,30.8,1752251005105
0.0,0.0,4.818,30.8,1752251005180
0.0,0.0,4.818,30.8,1752251005343
0.0,0.0,4.828,30.8,1752251005414
0.0,0.0,4.828,30.8,1752251005567
0.0,0.0,4.828,30.8,1752251005680
0.0,0.0,4.828,30.8,1752251005953
0.0,0.0,4.828,30.8,1752251006140
0.0,0.0,4.828,30.8,1752251006302
0.0,0.0,4.839,30.8,1752251006398
0.0,0.0,4.839,30.8,1752251007103
0.0,0.0,4.839,30.8,1752251007231
0.0,0.0,4.839,30.8,1752251007432
0.0,0.0,4.839,30.8,1752251007521
31.708248138427734,-97.18921661376953,4.839,30.8,1752251008000
0.0,0.0,4.839,30.8,1752251008059
0.0,0.0,4.828,30.8,1752251008127
0.0,0.0,4.818,30.8,1752251008290
0.0,0.0,4.818,30.8,1752251008357
0.0,0.0,4.818,30.8,1752251008503
0.0,0.0,4.818,30.8,1752251008574
0.0,0.0,4.808,30.8,1752251008721
0.0,0.0,4.808,30.8,1752251008788
0.0,0.0,4.808,30.8,1752251008934
0.0,0.0,4.797,30.8,1752251009001
0.0,0.0,4.808,30.8,1752251009150
0.0,0.0,4.808,30.8,1752251009233
0.0,0.0,4.797,30.8,1752251009381
0.0,0.0,4.808,30.8,1752251009448
0.0,0.0,4.808,30.8,1752251009617
0.0,0.0,4.818,30.8,1752251009722
0.0,0.0,4.808,30.8,1752251009932
31.7082462310791,-97.18921661376953,4.818,30.8,1752251010000
0.0,0.0,4.818,30.8,1752251010032
0.0,0.0,4.818,30.8,1752251010252
0.0,0.0,4.818,30.8,1752251010717
0.0,0.0,4.818,30.8,1752251010872
0.0,0.0,4.828,30.8,1752251010939
0.0,0.0,4.828,30.8,1752251011087
0.0,0.0,4.828,30.8,1752251011154
0.0,0.0,4.828,30.8,1752251011319
0.0,0.0,4.828,30.8,1752251011386
0.0,0.0,4.828,30.8,1752251011551
0.0,0.0,4.828,30.8,1752251011651
0.0,0.0,4.828,30.8,1752251011858
0.0,0.0,4.828,30.8,1752251011949
0.0,0.0,4.828,30.8,1752251012153
0.0,0.0,4.828,30.8,1752251012271
0.0,0.0,4.828,30.8,1752251012828
0.0,0.0,4.828,30.8,1752251012894
0.0,0.0,4.828,30.8,1752251013044
0.0,0.0,4.828,30.8,1752251013110
0.0,0.0,4.828,30.8,1752251013272
0.0,0.0,4.828,30.8,1752251013338
0.0,0.0,4.828,30.8,1752251013488
0.0,0.0,4.839,30.8,1752251013555
0.0,0.0,4.839,30.8,1752251013702
0.0,0.0,4.839,30.8,1752251013771
0.0,0.0,4.839,30.8,1752251013918
0.0,0.0,4.839,30.8,1752251013986
31.708236694335938,-97.189208984375,4.839,30.8,1752251014000
0.0,0.0,4.839,30.8,1752251014132
0.0,0.0,4.839,30.8,1752251014212
0.0,0.0,4.839,30.8,1752251014358
0.0,0.0,4.839,30.8,1752251014422
0.0,0.0,4.839,30.8,1752251014573
0.0,0.0,4.839,30.8,1752251014637
0.0,0.0,4.839,30.8,1752251014784
0.0,0.0,4.828,30.8,1752251014850
0.0,0.0,4.828,30.8,1752251014999
0.0,0.0,4.828,30.8,1752251015065
0.0,0.0,4.828,30.8,1752251015214
0.0,0.0,4.818,31.2,1752251015293
0.0,0.0,4.818,31.2,1752251015476
0.0,0.0,4.818,31.2,1752251015539
0.0,0.0,4.818,31.2,1752251015683
0.0,0.0,4.808,31.2,1752251015758
0.0,0.0,4.808,31.2,1752251015976
31.708229064941406,-97.189208984375,4.808,31.2,1752251016000
0.0,0.0,4.808,31.2,1752251016064
0.0,0.0,4.808,31.2,1752251016286
0.0,0.0,4.818,31.2,1752251016735
0.0,0.0,4.818,31.2,1752251016879
0.0,0.0,4.818,31.2,1752251016942
0.0,0.0,4.818,31.2,1752251017087
0.0,0.0,4.828,31.2,1752251017152
0.0,0.0,4.828,31.2,1752251017314
0.0,0.0,4.828,31.2,1752251017377
0.0,0.0,4.828,31.2,1752251017558
0.0,0.0,4.828,31.2,1752251017612
0.0,0.0,4.828,31.2,1752251017794
0.0,0.0,4.828,31.2,1752251017885
31.708223342895508,-97.18920135498047,4.839,31.2,1752251018000
0.0,0.0,4.839,31.2,1752251018085
0.0,0.0,4.839,31.2,1752251018183
0.0,0.0,4.828,31.2,1752251018742
0.0,0.0,4.839,31.2,1752251018805
0.0,0.0,4.839,31.2,1752251018950
0.0,0.0,4.839,31.2,1752251019015
0.0,0.0,4.839,31.2,1752251019160
0.0,0.0,4.828,31.2,1752251019240
0.0,0.0,4.828,31.2,1752251019385
0.0,0.0,4.828,31.2,1752251019447
0.0,0.0,4.828,31.2,1752251019591
0.0,0.0,4.828,31.2,1752251019672
0.0,0.0,4.839,31.2,1752251019876
0.0,0.0,4.828,31.2,1752251019962
31.70821762084961,-97.18920135498047,4.828,31.2,1752251020000
0.0,0.0,4.839,31.2,1752251020157
0.0,0.0,4.818,31.2,1752251020652
0.0,0.0,4.818,31.2,1752251020796
0.0,0.0,4.818,31.2,1752251020859
0.0,0.0,4.818,31.2,1752251021005
0.0,0.0,4.818,31.2,1752251021067
0.0,0.0,4.818,31.2,1752251021216
0.0,0.0,4.808,31.2,1752251021291
0.0,0.0,4.808,31.2,1752251021436
0.0,0.0,4.808,31.2,1752251021499
0.0,0.0,4.787,31.2,1752251021689
0.0,0.0,4.797,31.2,1752251021775
0.0,0.0,4.797,31.2,1752251021971
0.0,0.0,4.797,31.2,1752251022056
0.0,0.0,4.797,31.2,1752251022622
0.0,0.0,4.797,31.2,1752251022695
0.0,0.0,4.787,31.2,1752251022840
0.0,0.0,4.787,31.2,1752251022905
0.0,0.0,4.787,31.2,1752251023050
0.0,0.0,4.787,31.2,1752251023112
0.0,0.0,4.797,31.2,1752251023273
0.0,0.0,4.797,31.2,1752251023413
0.0,0.0,4.787,31.2,1752251023466
0.0,0.0,4.787,31.2,1752251023607
0.0,0.0,4.776,31.2,1752251023669
0.0,0.0,4.787,31.2,1752251023812
0.0,0.0,4.787,31.2,1752251023874
31.708209991455078,-97.18919372558594,4.787,31.2,1752251024000
0.0,0.0,4.787,31.2,1752251024015
0.0,0.0,4.787,31.2,1752251024077
0.0,0.0,4.787,31.2,1752251024237
0.0,0.0,4.776,31.2,1752251024305
0.0,0.0,4.776,31.2,1752251024448
0.0,0.0,4.787,31.2,1752251024514
0.0,0.0,4.776,31.2,1752251024658
0.0,0.0,4.776,31.2,1752251024720
0.0,0.0,4.776,31.2,1752251024865
0.0,0.0,4.787,31.2,1752251024928
31.708206176757812,-97.1891860961914,4.787,31.2,1752251025000
0.0,0.0,4.776,31.2,1752251025073
0.0,0.0,4.776,31.2,1752251025136
0.0,0.0,4.776,31.2,1752251025298
0.0,0.0,4.776,31.2,1752251025360
0.0,0.0,4.776,31.2,1752251025504
0.0,0.0,4.776,31.2,1752251025585
0.0,0.0,4.776,31.2,1752251025794
0.0,0.0,4.787,31.2,1752251025969
0.0,0.0,4.766,31.2,1752251026101
0.0,0.0,4.766,31.2,1752251026207
0.0,0.0,4.766,31.2,1752251026808
0.0,0.0,4.766,31.2,1752251026983
0.0,0.0,4.787,31.2,1752251027110
0.0,0.0,4.787,31.2,1752251027224
0.0,0.0,4.787,31.2,1752251027408
0.0,0.0,4.787,31.2,1752251027864
31.708202362060547,-97.1891860961914,4.787,31.2,1752251028000
0.0,0.0,4.787,31.2,1752251028016
0.0,0.0,4.787,31.2,1752251028080
0.0,0.0,4.787,31.2,1752251028241
0.0,0.0,4.787,31.2,1752251028309
0.0,0.0,4.787,31.2,1752251028453
0.0,0.0,4.787,31.2,1752251028516
0.0,0.0,4.787,31.2,1752251028660
0.0,0.0,4.787,31.2,1752251028723
0.0,0.0,4.776,31.2,1752251028865
0.0,0.0,4.766,31.2,1752251028928
31.70819664001465,-97.18917846679688,4.766,31.2,1752251029000
0.0,0.0,4.766,31.2,1752251029072
0.0,0.0,4.766,31.2,1752251029134
0.0,0.0,4.766,31.2,1752251029297
0.0,0.0,4.766,31.2,1752251029360
0.0,0.0,4.766,31.2,1752251029505
0.0,0.0,4.756,31.2,1752251029568
0.0,0.0,4.756,31.2,1752251029712
0.0,0.0,4.766,31.2,1752251029779
0.0,0.0,4.766,31.2,1752251029923
0.0,0.0,4.766,31.2,1752251029986
0.0,0.0,4.776,31.2,1752251030522
0.0,0.0,4.776,31.2,1752251030597
0.0,0.0,4.776,31.2,1752251030742
0.0,0.0,4.766,31.2,1752251030804
0.0,0.0,4.776,31.2,1752251030971
0.0,0.0,4.766,31.2,1752251031055
0.0,0.0,4.787,31.2,1752251031252
0.0,0.0,4.766,31.2,1752251031346
0.0,0.0,4.766,31.2,1752251031530
0.0,0.0,4.756,31.2,1752251031613
31.708192825317383,-97.18917846679688,4.756,31.2,1752251032000
0.0,0.0,4.756,31.2,1752251032165
0.0,0.0,4.756,31.2,1752251032249
0.0,0.0,4.756,31.2,1752251032395
0.0,0.0,4.756,31.2,1752251032457
0.0,0.0,4.756,31.2,1752251032602
0.0,0.0,4.756,31.2,1752251032667
0.0,0.0,4.745,31.2,1752251032814
0.0,0.0,4.745,31.2,1752251032877
31.708187103271484,-97.18917846679688,4.735,31.2,1752251033000
0.0,0.0,4.735,31.2,1752251033026
0.0,0.0,4.745,31.2,1752251033089
0.0,0.0,4.745,31.2,1752251033249
0.0,0.0,4.735,31.2,1752251033312
0.0,0.0,4.735,31.2,1752251033458
0.0,0.0,4.724,31.2,1752251033520
0.0,0.0,4.724,31.2,1752251033665
0.0,0.0,4.724,31.2,1752251033735
0.0,0.0,4.724,31.2,1752251033881
0.0,0.0,4.724,31.2,1752251033943
0.0,0.0,4.714,31.2,1752251034476
0.0,0.0,4.714,31.2,1752251034550
0.0,0.0,4.714,31.2,1752251034696
0.0,0.0,4.703,31.2,1752251034758
0.0,0.0,4.693,31.2,1752251034903
0.0,0.0,4.693,31.2,1752251034977
0.0,0.0,4.693,31.2,1752251035175
0.0,0.0,4.703,31.2,1752251035274
0.0,0.0,4.714,31.2,1752251035461
0.0,0.0,4.714,31.2,1752251035542
0.0,0.0,4.714,31.2,1752251036100
0.0,0.0,4.714,31.2,1752251036168
0.0,0.0,4.714,31.2,1752251036326
0.0,0.0,4.714,31.2,1752251036389
0.0,0.0,4.714,31.2,1752251036534
0.0,0.0,4.714,31.2,1752251036597
0.0,0.0,4.724,31.2,1752251036743
0.0,0.0,4.724,31.2,1752251036882
0.0,0.0,4.714,31.2,1752251036935
31.708175659179688,-97.18917083740234,4.714,31.2,1752251037000
0.0,0.0,4.703,31.2,1752251037082
0.0,0.0,4.703,31.2,1752251037145
0.0,0.0,4.703,31.2,1752251037282
0.0,0.0,4.693,31.2,1752251037335
0.0,0.0,4.683,31.2,1752251037460
0.0,0.0,4.683,31.2,1752251037512
0.0,0.0,4.683,31.2,1752251037645
0.0,0.0,4.672,31.2,1752251037703
0.0,0.0,4.672,31.2,1752251037827
0.0,0.0,4.672,31.2,1752251037880
31.708171844482422,-97.18917083740234,4.672,31.2,1752251038000
0.0,0.0,4.672,31.2,1752251038010
0.0,0.0,4.672,31.2,1752251038062
0.0,0.0,4.672,31.2,1752251038202
0.0,0.0,4.672,31.2,1752251038275
0.0,0.0,4.672,31.2,1752251038420
0.0,0.0,4.683,31.2,1752251038483
0.0,0.0,4.683,31.2,1752251038627
0.0,0.0,4.683,31.2,1752251038690
0.0,0.0,4.683,31.2,1752251038835
0.0,0.0,4.672,31.2,1752251038903
0.0,0.0,4.683,31.2,1752251039441
0.0,0.0,4.672,31.2,1752251039517
0.0,0.0,4.672,31.2,1752251039663
0.0,0.0,4.672,31.2,1752251039726
0.0,0.0,4.672,31.2,1752251039870
0.0,0.0,4.672,31.2,1752251039932
0.0,0.0,4.662,31.2,1752251040079
0.0,0.0,4.662,31.2,1752251040142
0.0,0.0,4.662,31.2,1752251040361
0.0,0.0,4.662,31.2,1752251040444
0.0,0.0,4.662,31.2,1752251040994
31.708166122436523,-97.18916320800781,4.662,31.2,1752251041000
0.0,0.0,4.662,31.2,1752251041058
0.0,0.0,4.651,31.2,1752251041207
0.0,0.0,4.651,31.2,1752251041285
0.0,0.0,4.651,31.2,1752251041433
0.0,0.0,4.651,31.2,1752251041496
0.0,0.0,4.631,31.2,1752251041642
0.0,0.0,4.641,31.2,1752251041704
0.0,0.0,4.631,31.2,1752251041851
0.0,0.0,4.631,31.2,1752251041991
31.708162307739258,-97.18916320800781,4.631,31.2,1752251042000
0.0,0.0,4.61,31.2,1752251042035
0.0,0.0,4.61,31.2,1752251042152
0.0,0.0,4.599,31.2,1752251042226
0.0,0.0,4.599,31.2,1752251042371
0.0,0.0,4.599,31.2,1752251042433
0.0,0.0,4.589,31.2,1752251042578
0.0,0.0,4.589,31.2,1752251042640
0.0,0.0,4.579,31.2,1752251042789
0.0,0.0,4.579,31.2,1752251042852
0.0,0.0,4.558,31.2,1752251042998
0.0,0.0,4.558,31.2,1752251043454
0.0,0.0,4.547,31.2,1752251043611
0.0,0.0,4.558,31.2,1752251043675
0.0,0.0,4.558,31.2,1752251043822
0.0,0.0,4.558,31.2,1752251043885
31.708158493041992,-97.18916320800781,4.537,31.2,1752251044000
0.0,0.0,4.537,31.2,1752251044030
0.0,0.0,4.537,31.2,1752251044093
0.0,0.0,4.537,31.2,1752251044253
0.0,0.0,4.537,31.2,1752251044317
0.0,0.0,4.537,31.2,1752251044461
0.0,0.0,4.527,31.2,1752251044925
0.0,0.0,4.537,31.2,1752251045077
0.0,0.0,4.527,31.2,1752251045140
0.0,0.0,4.537,31.2,1752251045300
0.0,0.0,4.516,31.2,1752251045363
0.0,0.0,4.516,31.2,1752251045509
0.0,0.0,4.516,31.2,1752251045571
0.0,0.0,4.516,31.2,1752251045716
0.0,0.0,4.516,31.2,1752251045778
0.0,0.0,4.516,31.2,1752251045960
31.708152770996094,-97.18915557861328,4.516,31.2,1752251046000
0.0,0.0,4.506,31.2,1752251046040
0.0,0.0,4.506,31.2,1752251046282
0.0,0.0,4.506,31.2,1752251046674
0.0,0.0,4.506,31.2,1752251046819
0.0,0.0,4.506,31.2,1752251046882
0.0,0.0,4.495,31.2,1752251047033
0.0,0.0,4.506,31.2,1752251047096
0.0,0.0,4.495,31.2,1752251047256
0.0,0.0,4.495,31.2,1752251047322
0.0,0.0,4.485,31.2,1752251047465
0.0,0.0,4.495,31.2,1752251047527
0.0,0.0,4.495,31.2,1752251047670
0.0,0.0,4.495,31.2,1752251047732
0.0,0.0,4.495,31.2,1752251047877
0.0,0.0,4.495,31.2,1752251047939
31.70815086364746,-97.18914794921875,4.495,31.2,1752251048000
0.0,0.0,4.495,31.2,1752251048479
0.0,0.0,4.495,31.2,1752251048554
0.0,0.0,4.495,31.2,1752251048702
0.0,0.0,4.495,31.2,1752251048766
0.0,0.0,4.506,31.2,1752251048914
0.0,0.0,4.506,31.2,1752251048985
0.0,0.0,4.506,31.2,1752251049118
0.0,0.0,4.495,31.2,1752251049174
0.0,0.0,4.506,31.2,1752251049314
0.0,0.0,4.516,31.2,1752251049377
0.0,0.0,4.516,31.2,1752251049521
0.0,0.0,4.527,31.2,1752251049584
0.0,0.0,4.537,31.2,1752251049765
0.0,0.0,4.537,31.2,1752251049818
0.0,0.0,4.537,31.2,1752251049963
31.708147048950195,-97.18914794921875,4.537,31.2,1752251050000
0.0,0.0,4.537,31.2,1752251050026
0.0,0.0,4.537,31.2,1752251050566
0.0,0.0,4.537,31.2,1752251050645
0.0,0.0,4.547,31.2,1752251050790
0.0,0.0,4.537,31.2,1752251050852
0.0,0.0,4.527,31.2,1752251050986
31.708141326904297,-97.18914794921875,4.527,31.2,1752251051000
0.0,0.0,4.527,31.2,1752251051037
0.0,0.0,4.516,31.2,1752251051153
0.0,0.0,4.527,31.2,1752251051224
0.0,0.0,4.516,31.2,1752251051369
0.0,0.0,4.516,31.2,1752251051432
0.0,0.0,4.516,31.2,1752251051576
0.0,0.0,4.506,31.2,1752251051638
0.0,0.0,4.506,31.2,1752251051781
0.0,0.0,4.495,31.2,1752251051843
0.0,0.0,4.495,31.2,1752251051988
0.0,0.0,4.516,31.2,1752251052449
0.0,0.0,4.516,31.2,1752251052605
0.0,0.0,4.506,31.2,1752251052669
0.0,0.0,4.527,31.2,1752251052814
0.0,0.0,4.527,31.2,1752251052876
0.0,0.0,4.527,31.2,1752251053019
0.0,0.0,4.527,31.2,1752251053083
0.0,0.0,4.527,31.2,1752251053234
0.0,0.0,4.527,31.2,1752251053302
0.0,0.0,4.537,31.2,1752251053445
0.0,0.0,4.527,31.2,1752251053895
31.70813751220703,-97.18914031982422,4.527,31.2,1752251054000
0.0,0.0,4.527,31.2,1752251054038
0.0,0.0,4.516,31.2,1752251054102
0.0,0.0,4.516,31.2,1752251054258
0.0,0.0,4.516,31.2,1752251054322
0.0,0.0,4.506,31.2,1752251054434
0.0,0.0,4.506,31.2,1752251054483
0.0,0.0,4.506,31.2,1752251054602
0.0,0.0,4.506,31.2,1752251054659
0.0,0.0,4.506,31.2,1752251054774
0.0,0.0,4.495,31.2,1752251054827
0.0,0.0,4.495,31.2,1752251054942
0.0,0.0,4.495,31.2,1752251054995
31.708133697509766,-97.18914031982422,4.495,31.2,1752251055000
0.0,0.0,4.495,31.2,1752251055114
0.0,0.0,4.495,31.2,1752251055173
0.0,0.0,4.485,31.2,1752251055312
0.0,0.0,4.495,31.2,1752251055374
0.0,0.0,4.495,31.2,1752251055515
0.0,0.0,4.495,31.2,1752251055578
0.0,0.0,4.495,31.2,1752251055727
0.0,0.0,4.495,31.2,1752251055789
0.0,0.0,4.495,31.2,1752251055933
0.0,0.0,4.485,31.2,1752251055996
0.0,0.0,4.485,31.2,1752251056138
0.0,0.0,4.485,31.2,1752251056601
0.0,0.0,4.485,31.2,1752251056745
0.0,0.0,4.485,31.2,1752251056807
0.0,0.0,17.712,31.4,1752251080428
0.0,0.0,17.806,31.4,1752251080730
31.707860946655273,-97.18902587890625,17.806,31.4,1752251081000
0.0,0.0,17.868,31.4,1752251081348
0.0,0.0,17.931,31.4,1752251081647
0.0,0.0,17.993,31.4,1752251081963
31.707862854003906,-97.18902587890625,17.993,31.4,1752251082000
0.0,0.0,18.056,31.4,1752251082279
0.0,0.0,18.17,31.4,1752251082582
0.0,0.0,18.285,31.2,1752251083814
0.0,0.0,18.409,31.2,1752251084488
0.0,0.0,18.482,31.2,1752251085430
0.0,0.0,18.545,31.2,1752251086014
0.0,0.0,18.441,31.2,1752251086563
0.0,0.0,18.274,31.2,1752251089579
0.0,0.0,18.94,31.0,1752251093109
0.0,0.0,19.024,31.0,1752251094661
0.0,0.0,19.055,31.0,1752251095161
0.0,0.0,18.982,31.0,1752251095499
0.0,0.0,18.899,31.0,1752251097345
0.0,0.0,18.888,31.0,1752251097975
31.707897186279297,-97.18904876708984,18.888,31.0,1752251098000
0.0,0.0,18.867,31.0,1752251098212
0.0,0.0,18.805,31.0,1752251098497
0.0,0.0,18.867,31.0,1752251098813
31.707897186279297,-97.18904876708984,18.867,31.0,1752251099000
0.0,0.0,18.867,31.0,1752251099129
0.0,0.0,19.117,31.0,1752251099380
0.0,0.0,19.429,31.0,1752251099667
0.0,0.0,18.68,31.0,1752251101609
0.0,0.0,18.659,31.0,1752251101617
0.0,0.0,18.597,31.0,1752251101632
0.0,0.0,18.659,31.0,1752251102475
0.0,0.0,18.732,31.0,1752251102782
0.0,0.0,18.784,31.0,1752251103091
31.707895278930664,-97.18904113769531,18.815,30.8,1752251105000
31.707887649536133,-97.18904113769531,18.815,30.8,1752251105000
0.0,0.0,18.815,30.8,1752251105528
0.0,0.0,18.971,30.8,1752251105547
0.0,0.0,18.743,30.8,1752251105566
0.0,0.0,18.69,30.8,1752251105617
0.0,0.0,18.586,30.8,1752251105642
31.707883834838867,-97.18904113769531,18.326,30.8,1752251106000
0.0,0.0,18.326,30.8,1752251106060
0.0,0.0,18.607,30.8,1752251106985
0.0,0.0,18.555,30.8,1752251107902
0.0,0.0,18.566,30.8,1752251108244
0.0,0.0,18.493,30.8,1752251108540
0.0,0.0,18.503,30.8,1752251109378
0.0,0.0,18.545,30.8,1752251109643
0.0,0.0,18.597,30.8,1752251112981
31.707857131958008,-97.18907928466797,18.597,30.8,1752251113000
31.707860946655273,-97.1890869140625,18.597,30.8,1752251113000
0.0,0.0,18.441,30.8,1752251113076
0.0,0.0,18.305,30.8,1752251113118
0.0,0.0,18.409,30.8,1752251113206
0.0,0.0,18.462,30.8,1752251113239
0.0,0.0,18.628,30.6,1752251113594
0.0,0.0,18.867,30.6,1752251122094
0.0,0.0,18.919,30.6,1752251122119
0.0,0.0,18.982,30.4,1752251122600
0.0,0.0,19.034,30.4,1752251122678
0.0,0.0,18.961,30.4,1752251123032
0.0,0.0,18.888,30.6,1752251129946
0.0,0.0,18.94,30.6,1752251131048
0.0,0.0,19.148,30.6,1752251131762
31.70789909362793,-97.1891098022461,19.148,30.6,1752251132000
31.707904815673828,-97.18910217285156,19.148,30.6,1752251132000
0.0,0.0,19.128,30.6,1752251132480
0.0,0.0,19.076,30.6,1752251132718
0.0,0.0,18.909,30.6,1752251132982
31.70790672302246,-97.18910217285156,18.909,30.6,1752251133000
0.0,0.0,18.878,30.6,1752251133248
0.0,0.0,18.826,30.6,1752251133485
0.0,0.0,18.774,30.6,1752251133721
0.0,0.0,18.732,30.6,1752251134367
0.0,0.0,18.701,30.6,1752251134650
0.0,0.0,18.753,30.6,1752251136186
0.0,0.0,18.878,30.6,1752251136434
0.0,0.0,18.743,30.8,1752251137696
31.70789909362793,-97.18909454345703,18.743,30.8,1752251138000
31.707897186279297,-97.18909454345703,18.743,30.8,1752251138000
0.0,0.0,18.743,30.8,1752251138085
0.0,0.0,18.753,30.8,1752251138329
0.0,0.0,18.899,30.8,1752251138546
0.0,0.0,19.169,30.8,1752251138947
31.707897186279297,-97.18909454345703,19.169,30.8,1752251139000
0.0,0.0,19.211,30.8,1752251139183
0.0,0.0,19.2,30.8,1752251139420
0.0,0.0,19.138,30.8,1752251140237
0.0,0.0,19.169,30.8,1752251140564
0.0,0.0,18.097,30.8,1752251146765
0.0,0.0,17.057,30.8,1752251146830
0.0,0.0,15.891,30.8,1752251146953
0.0,0.0,14.861,30.8,1752251147023
0.0,0.0,13.716,30.8,1752251147099
0.0,0.0,13.008,30.8,1752251147420
0.0,0.0,12.425,30.8,1752251147493
0.0,0.0,11.832,30.8,1752251147571
0.0,0.0,11.354,30.8,1752251147647
0.0,0.0,10.635,30.8,1752251147726
0.0,0.0,10.115,30.8,1752251147900
0.0,0.0,9.553,30.8,1752251147967
0.0,0.0,10.146,30.8,1752251148045
0.0,0.0,10.781,30.8,1752251148104
0.0,0.0,11.437,30.8,1752251148178
0.0,0.0,11.884,30.8,1752251148259
0.0,0.0,12.415,30.8,1752251148331
0.0,0.0,12.009,30.8,1752251148407
0.0,0.0,11.884,30.8,1752251148486
0.0,0.0,11.614,30.8,1752251148567
0.0,0.0,11.229,30.8,1752251148740
0.0,0.0,10.885,30.8,1752251148863
0.0,0.0,10.625,30.8,1752251148988
0.0,0.0,10.459,30.8,1752251149059
0.0,0.0,9.491,30.8,1752251149135
0.0,0.0,8.606,30.8,1752251149222
0.0,0.0,7.607,30.8,1752251149303
0.0,0.0,6.826,30.8,1752251149384
0.0,0.0,5.963,30.8,1752251149466
0.0,0.0,5.671,30.8,1752251149544
0.0,0.0,5.317,30.8,1752251149625
0.0,0.0,4.912,30.8,1752251149706
0.0,0.0,5.089,30.8,1752251149781
0.0,0.0,5.234,30.8,1752251149859
0.0,0.0,5.349,30.8,1752251149937
0.0,0.0,5.609,30.8,1752251150017
0.0,0.0,5.869,30.8,1752251150094
0.0,0.0,6.15,30.8,1752251150171
0.0,0.0,6.119,30.8,1752251150208
0.0,0.0,5.9,30.8,1752251150305
0.0,0.0,5.734,30.8,1752251150353
0.0,0.0,5.9,30.8,1752251150497
0.0,0.0,5.807,30.8,1752251150561
0.0,0.0,5.578,30.8,1752251150638
0.0,0.0,5.526,30.8,1752251150713
0.0,0.0,5.505,30.8,1752251150792
0.0,0.0,5.297,30.8,1752251150866
0.0,0.0,5.213,30.8,1752251150943
0.0,0.0,5.109,30.8,1752251151023
0.0,0.0,4.995,30.8,1752251151102
0.0,0.0,4.745,30.8,1752251151180
0.0,0.0,4.672,30.8,1752251151267
0.0,0.0,4.714,30.8,1752251151343
0.0,0.0,4.579,30.8,1752251151470
0.0,0.0,4.485,30.8,1752251151541
0.0,0.0,4.412,30.8,1752251151619
0.0,0.0,4.402,30.8,1752251151696
0.0,0.0,4.162,30.8,1752251151773
0.0,0.0,4.194,30.8,1752251151853
0.0,0.0,4.152,30.8,1752251151929
31.708375930786133,-97.18922424316406,4.225,30.8,1752251152000
0.0,0.0,4.225,30.8,1752251152008
0.0,0.0,4.214,30.8,1752251152085
0.0,0.0,4.214,30.8,1752251152160
0.0,0.0,4.266,30.8,1752251152245
0.0,0.0,4.246,30.8,1752251152321
0.0,0.0,4.381,30.8,1752251152401
0.0,0.0,4.464,30.8,1752251152476
0.0,0.0,4.422,30.8,1752251152554
0.0,0.0,4.391,30.8,1752251152629
0.0,0.0,4.464,31.0,1752251152721
0.0,0.0,4.475,31.0,1752251152776
0.0,0.0,4.537,31.0,1752251152877
0.0,0.0,4.537,31.0,1752251152927
31.7083683013916,-97.18922424316406,4.433,31.0,1752251153000
0.0,0.0,4.433,31.0,1752251153029
0.0,0.0,4.402,31.0,1752251153078
0.0,0.0,4.381,31.0,1752251153178
0.0,0.0,4.339,31.0,1752251153235
0.0,0.0,4.204,31.0,1752251153337
0.0,0.0,4.152,31.0,1752251153439
0.0,0.0,4.131,31.0,1752251153537
0.0,0.0,4.1,31.0,1752251153577
0.0,0.0,4.1,31.0,1752251153681
0.0,0.0,4.069,31.0,1752251153732
0.0,0.0,4.037,31.0,1752251154137
0.0,0.0,4.048,31.0,1752251154202
0.0,0.0,4.058,31.0,1752251154327
0.0,0.0,4.089,31.0,1752251154397
0.0,0.0,4.1,31.0,1752251154542
0.0,0.0,4.11,31.0,1752251154609
0.0,0.0,4.131,31.0,1752251154750
0.0,0.0,4.162,31.0,1752251154819
0.0,0.0,4.183,31.0,1752251154955
31.70835304260254,-97.18921661376953,4.183,31.0,1752251155000
0.0,0.0,4.183,31.0,1752251155025
0.0,0.0,4.183,31.0,1752251155207
0.0,0.0,4.204,31.0,1752251155492
0.0,0.0,4.204,31.0,1752251155593
0.0,0.0,4.183,31.0,1752251155642
0.0,0.0,4.173,31.0,1752251155748
0.0,0.0,4.162,31.0,1752251155797
0.0,0.0,4.152,31.0,1752251155898
31.708345413208008,-97.18921661376953,4.141,31.0,1752251156000
0.0,0.0,4.141,31.0,1752251156003
0.0,0.0,4.162,31.0,1752251156043
0.0,0.0,4.141,31.0,1752251156147
0.0,0.0,4.152,31.0,1752251156209
0.0,0.0,4.162,31.0,1752251156354
0.0,0.0,4.173,31.0,1752251156424
0.0,0.0,4.173,31.0,1752251156563
0.0,0.0,4.183,31.0,1752251156631
0.0,0.0,4.173,31.0,1752251156768
0.0,0.0,4.173,31.0,1752251156837
0.0,0.0,4.173,31.0,1752251157259
0.0,0.0,4.183,31.0,1752251157318
0.0,0.0,4.194,31.0,1752251157418
0.0,0.0,4.204,31.0,1752251157470
0.0,0.0,4.194,31.0,1752251157647
0.0,0.0,4.173,31.0,1752251157701
0.0,0.0,4.141,31.0,1752251157841
0.0,0.0,4.141,31.0,1752251157905
31.70833969116211,-97.18921661376953,4.121,31.0,1752251158000
0.0,0.0,4.121,31.0,1752251158080
0.0,0.0,4.121,31.0,1752251158135
0.0,0.0,4.121,31.0,1752251158612
0.0,0.0,4.11,30.8,1752251158653
0.0,0.0,4.121,30.8,1752251158770
0.0,0.0,4.1,30.8,1752251158873
0.0,0.0,4.1,30.8,1752251158914
31.708335876464844,-97.18921661376953,4.079,30.8,1752251159000
0.0,0.0,4.079,30.8,1752251159015
0.0,0.0,4.089,30.8,1752251159067
0.0,0.0,4.1,30.8,1752251159207
0.0,0.0,4.121,30.8,1752251159338
0.0,0.0,4.121,30.8,1752251159436
0.0,0.0,4.141,30.8,1752251159503
0.0,0.0,4.152,30.8,1752251159643
0.0,0.0,4.173,30.8,1752251159710
0.0,0.0,4.183,30.8,1752251159846
31.708330154418945,-97.18921661376953,4.183,30.8,1752251160000
0.0,0.0,4.183,30.8,1752251160195
0.0,0.0,4.183,30.8,1752251160334
0.0,0.0,4.183,30.8,1752251160458
0.0,0.0,4.225,30.8,1752251160510
0.0,0.0,4.225,30.8,1752251160652
0.0,0.0,4.225,30.8,1752251160715
0.0,0.0,4.225,30.8,1752251160855
0.0,0.0,4.246,30.8,1752251160922
31.708328247070312,-97.18921661376953,4.246,30.8,1752251161000
0.0,0.0,4.235,30.8,1752251161099
0.0,0.0,4.225,30.8,1752251161498
0.0,0.0,4.235,30.8,1752251161575
0.0,0.0,4.246,31.0,1752251161708
0.0,0.0,4.256,31.0,1752251161829
0.0,0.0,4.277,31.0,1752251162000
31.708324432373047,-97.18921661376953,4.277,31.0,1752251162000
0.0,0.0,4.266,31.0,1752251162051
0.0,0.0,4.256,31.0,1752251162687
0.0,0.0,4.266,31.0,1752251162744
0.0,0.0,4.277,31.0,1752251162879
0.0,0.0,4.287,31.0,1752251162941
0.0,0.0,4.298,31.0,1752251163083
0.0,0.0,4.308,31.0,1752251163429
0.0,0.0,4.308,31.0,1752251163537
0.0,0.0,4.318,31.0,1752251163590
0.0,0.0,4.318,31.0,1752251163726
0.0,0.0,4.329,31.0,1752251163795
0.0,0.0,4.329,31.0,1752251163934
0.0,0.0,4.339,31.0,1752251164009
0.0,0.0,4.36,31.0,1752251164147
0.0,0.0,4.36,31.0,1752251164234
0.0,0.0,4.36,31.0,1752251164646
0.0,0.0,4.37,31.0,1752251164750
0.0,0.0,4.37,31.0,1752251164789
0.0,0.0,4.381,31.0,1752251164891
0.0,0.0,4.381,31.0,1752251164943
31.70831298828125,-97.189208984375,4.391,31.0,1752251165000
0.0,0.0,4.391,31.0,1752251165044
0.0,0.0,4.391,31.0,1752251165148
0.0,0.0,4.402,31.0,1752251165199
0.0,0.0,4.402,31.0,1752251165298
0.0,0.0,4.412,31.0,1752251165347
0.0,0.0,4.402,31.0,1752251165447
0.0,0.0,4.422,31.0,1752251165495
0.0,0.0,4.433,31.0,1752251165596
0.0,0.0,4.422,31.0,1752251165644
0.0,0.0,4.422,31.0,1752251165748
0.0,0.0,4.433,31.0,1752251165796
0.0,0.0,4.433,31.0,1752251165898
0.0,0.0,4.454,31.0,1752251165948
31.708309173583984,-97.18921661376953,4.454,31.0,1752251166000
0.0,0.0,4.454,31.0,1752251166049
0.0,0.0,4.464,31.0,1752251166099
0.0,0.0,4.464,31.0,1752251166205
0.0,0.0,4.464,31.0,1752251166263
0.0,0.0,4.464,31.0,1752251166385
0.0,0.0,4.464,31.0,1752251166455
0.0,0.0,4.464,31.0,1752251166599
0.0,0.0,4.475,31.0,1752251166665
0.0,0.0,4.485,31.0,1752251166809
0.0,0.0,4.485,31.0,1752251166874
0.0,0.0,4.495,31.0,1752251167299
0.0,0.0,4.506,31.0,1752251167357
0.0,0.0,4.506,31.0,1752251167471
0.0,0.0,4.527,31.0,1752251167540
0.0,0.0,4.527,31.0,1752251167680
0.0,0.0,4.537,31.0,1752251167746
0.0,0.0,4.537,31.0,1752251167883
0.0,0.0,4.547,31.0,1752251167951
31.70829963684082,-97.18921661376953,4.547,31.0,1752251168000
0.0,0.0,4.547,31.0,1752251168089
0.0,0.0,4.547,31.0,1752251168156
0.0,0.0,4.547,31.0,1752251168310
0.0,0.0,4.558,31.0,1752251168717
0.0,0.0,4.547,31.0,1752251168815
0.0,0.0,4.558,31.0,1752251168865
0.0,0.0,4.579,31.0,1752251168963
31.708295822143555,-97.18921661376953,4.568,31.0,1752251169000
0.0,0.0,4.568,31.0,1752251169018
0.0,0.0,4.558,31.0,1752251169121
0.0,0.0,4.558,31.0,1752251169248
0.0,0.0,4.568,31.0,1752251169296
0.0,0.0,4.589,31.0,1752251169437
0.0,0.0,4.599,31.0,1752251169505
0.0,0.0,4.61,31.0,1752251169687
0.0,0.0,4.61,31.0,1752251169740
0.0,0.0,4.62,31.0,1752251169880
0.0,0.0,4.631,31.0,1752251169946
31.708288192749023,-97.18921661376953,4.631,31.0,1752251170000
31.708282470703125,-97.18921661376953,4.631,31.0,1752251170000
0.0,0.0,4.641,31.0,1752251170353
0.0,0.0,4.62,31.0,1752251170409
0.0,0.0,4.631,31.0,1752251170584
0.0,0.0,4.651,31.0,1752251170686
0.0,0.0,4.662,31.0,1752251170755
0.0,0.0,4.672,31.0,1752251170890
0.0,0.0,4.662,31.0,1752251170958
0.0,0.0,4.662,31.0,1752251171133
0.0,0.0,4.662,31.0,1752251171197
0.0,0.0,4.672,31.0,1752251171706
0.0,0.0,4.683,31.0,1752251171773
0.0,0.0,4.703,31.0,1752251171909
0.0,0.0,4.714,31.0,1752251171973
0.0,0.0,4.735,31.0,1752251172112
0.0,0.0,4.735,31.0,1752251172554
0.0,0.0,4.735,31.0,1752251172689
0.0,0.0,4.735,31.0,1752251172757
0.0,0.0,4.735,31.0,1752251172966
31.708267211914062,-97.18921661376953,4.735,31.0,1752251173000
0.0,0.0,4.745,31.0,1752251173262
0.0,0.0,4.756,31.0,1752251173413
0.0,0.0,4.766,31.0,1752251173453
0.0,0.0,4.766,31.0,1752251173553
0.0,0.0,4.766,31.0,1752251173605
0.0,0.0,4.745,31.0,1752251173705
0.0,0.0,4.756,31.0,1752251173754
0.0,0.0,4.756,31.0,1752251173883
0.0,0.0,4.745,31.0,1752251173921
31.70825958251953,-97.18921661376953,4.766,31.0,1752251174000
31.708253860473633,-97.189208984375,4.766,31.0,1752251174000
0.0,0.0,4.766,31.0,1752251174022
0.0,0.0,4.766,31.0,1752251174071
0.0,0.0,4.766,31.0,1752251174172
0.0,0.0,4.776,31.0,1752251174234
0.0,0.0,4.766,31.0,1752251174361
0.0,0.0,4.776,31.0,1752251174543
0.0,0.0,4.776,31.0,1752251174595
0.0,0.0,4.787,31.0,1752251174732
0.0,0.0,4.797,31.0,1752251174802
31.708242416381836,-97.189208984375,4.797,31.0,1752251175000
0.0,0.0,4.797,31.0,1752251175309
0.0,0.0,4.797,31.0,1752251175356
0.0,0.0,4.808,31.0,1752251175457
0.0,0.0,4.808,31.0,1752251175509
0.0,0.0,4.808,31.0,1752251175644
0.0,0.0,4.808,31.0,1752251175711
0.0,0.0,4.808,31.0,1752251175849
0.0,0.0,4.818,31.0,1752251175988
31.708236694335938,-97.189208984375,4.818,31.0,1752251176000
0.0,0.0,4.808,31.0,1752251176083
0.0,0.0,4.818,31.0,1752251176153
0.0,0.0,4.818,31.0,1752251176685
0.0,0.0,4.818,31.0,1752251176753
0.0,0.0,4.818,31.0,1752251176888
0.0,0.0,4.828,31.0,1752251176955
0.0,0.0,4.828,31.0,1752251177166
0.0,0.0,4.818,31.0,1752251177558
0.0,0.0,4.818,31.0,1752251177701
0.0,0.0,4.808,31.0,1752251177765
0.0,0.0,4.818,31.0,1752251177972
0.0,0.0,4.808,31.0,1752251178357
0.0,0.0,4.818,31.0,1752251178499
0.0,0.0,4.808,31.0,1752251178562
0.0,0.0,4.808,31.0,1752251178690
31.708234786987305,-97.189208984375,4.808,31.0,1752251179000
0.0,0.0,4.808,31.0,1752251179028
0.0,0.0,4.797,31.0,1752251179128
0.0,0.0,4.797,31.0,1752251179179
0.0,0.0,4.797,31.0,1752251179287
0.0,0.0,4.808,31.0,1752251179337
0.0,0.0,4.808,31.0,1752251179438
0.0,0.0,4.818,31.0,1752251179544
0.0,0.0,4.818,31.0,1752251179582
0.0,0.0,4.818,31.0,1752251179682
0.0,0.0,4.818,31.0,1752251179730
0.0,0.0,4.818,31.0,1752251179831
0.0,0.0,4.818,31.0,1752251179879
0.0,0.0,4.818,31.0,1752251179980
31.708227157592773,-97.189208984375,4.818,31.0,1752251180000
0.0,0.0,4.828,31.0,1752251180029
0.0,0.0,4.828,31.0,1752251180129
0.0,0.0,4.828,31.0,1752251180181
0.0,0.0,4.828,31.0,1752251180307
0.0,0.0,4.828,31.0,1752251180375
0.0,0.0,4.828,31.0,1752251180516
0.0,0.0,4.828,31.0,1752251180589
0.0,0.0,4.828,31.0,1752251180729
0.0,0.0,4.828,31.0,1752251180796
0.0,0.0,4.818,31.0,1752251180936
0.0,0.0,4.828,31.0,1752251181300
0.0,0.0,4.828,31.0,1752251181407
0.0,0.0,4.828,31.0,1752251181456
0.0,0.0,4.828,31.0,1752251181588
0.0,0.0,4.828,31.0,1752251181655
0.0,0.0,4.818,31.0,1752251181794
0.0,0.0,4.818,31.0,1752251181862
31.708219528198242,-97.189208984375,4.818,31.0,1752251182000
0.0,0.0,4.818,31.0,1752251182001
0.0,0.0,4.828,31.0,1752251182068
0.0,0.0,4.818,31.0,1752251182211
0.0,0.0,4.828,31.0,1752251182365
0.0,0.0,4.828,31.0,1752251182707
0.0,0.0,4.818,31.0,1752251182755
0.0,0.0,4.818,31.0,1752251182853
0.0,0.0,4.828,31.0,1752251182902
0.0,0.0,4.828,31.0,1752251183000
31.70821189880371,-97.18921661376953,4.828,31.0,1752251183000
0.0,0.0,4.828,31.0,1752251183048
0.0,0.0,4.828,31.0,1752251183149
0.0,0.0,4.828,31.0,1752251183234
0.0,0.0,4.828,31.0,1752251183371
0.0,0.0,4.839,31.0,1752251183438
0.0,0.0,4.839,31.0,1752251183573
0.0,0.0,4.839,31.0,1752251183640
0.0,0.0,4.839,31.0,1752251183775
0.0,0.0,4.839,31.0,1752251183848
0.0,0.0,4.839,31.0,1752251183983
0.0,0.0,4.839,31.0,1752251184361
0.0,0.0,4.839,31.0,1752251184456
0.0,0.0,4.839,31.0,1752251184506
0.0,0.0,4.839,31.0,1752251184628
0.0,0.0,4.839,31.0,1752251184698
0.0,0.0,4.839,31.0,1752251184830
0.0,0.0,4.839,31.0,1752251184964
31.708208084106445,-97.18921661376953,4.839,31.0,1752251185000
0.0,0.0,4.839,31.0,1752251185055
0.0,0.0,4.839,31.0,1752251185194
0.0,0.0,4.828,31.0,1752251185295
0.0,0.0,4.828,31.0,1752251185676
0.0,0.0,4.818,31.0,1752251185774
0.0,0.0,4.818,31.0,1752251185823
0.0,0.0,4.818,31.0,1752251185915
0.0,0.0,4.828,31.0,1752251185965
31.708206176757812,-97.18921661376953,4.828,31.0,1752251186000
0.0,0.0,4.828,31.0,1752251186059
0.0,0.0,4.828,31.0,1752251186107
0.0,0.0,4.828,31.0,1752251186217
0.0,0.0,4.828,31.0,1752251186297
0.0,0.0,4.839,31.0,1752251186428
0.0,0.0,4.839,31.0,1752251186497
0.0,0.0,4.849,31.0,1752251186628
0.0,0.0,4.849,31.0,1752251186695
0.0,0.0,4.86,31.0,1752251186825
0.0,0.0,4.86,31.0,1752251186892
0.0,0.0,4.87,31.0,1752251187134
0.0,0.0,4.86,31.0,1752251187422
0.0,0.0,4.86,31.0,1752251187519
0.0,0.0,4.86,31.0,1752251187588
0.0,0.0,4.849,31.0,1752251187716
0.0,0.0,4.849,31.0,1752251187783
0.0,0.0,4.839,31.0,1752251187910
0.0,0.0,4.849,31.0,1752251187978
31.70820426940918,-97.18921661376953,4.849,31.0,1752251188000
0.0,0.0,4.849,31.0,1752251188104
0.0,0.0,4.849,31.0,1752251188175
0.0,0.0,4.839,31.0,1752251188312
0.0,0.0,4.839,31.0,1752251188693
0.0,0.0,4.839,31.0,1752251188783
0.0,0.0,4.849,31.0,1752251188835
0.0,0.0,4.849,31.0,1752251188926
0.0,0.0,4.86,31.0,1752251188975
0.0,0.0,4.86,31.0,1752251189064
0.0,0.0,4.86,31.0,1752251189113
0.0,0.0,4.86,31.0,1752251189232
0.0,0.0,4.86,31.0,1752251189310
0.0,0.0,4.86,31.0,1752251189457
0.0,0.0,4.86,31.0,1752251189528
0.0,0.0,4.86,31.0,1752251189674
0.0,0.0,4.86,31.0,1752251189745
0.0,0.0,4.86,31.0,1752251189892
0.0,0.0,4.86,31.0,1752251189963
0.0,0.0,4.86,31.0,1752251190411
0.0,0.0,4.849,31.0,1752251190469
0.0,0.0,4.849,31.0,1752251190572
0.0,0.0,4.849,31.0,1752251190622
0.0,0.0,4.849,31.0,1752251190724
0.0,0.0,4.849,31.0,1752251190773
0.0,0.0,4.839,31.0,1752251190875
0.0,0.0,4.839,31.0,1752251190932
31.708194732666016,-97.189208984375,4.839,31.0,1752251191000
0.0,0.0,4.839,31.0,1752251191038
0.0,0.0,4.828,31.0,1752251191093
0.0,0.0,4.839,31.0,1752251191210
0.0,0.0,4.828,31.0,1752251191280
0.0,0.0,4.828,31.0,1752251191390
0.0,0.0,4.828,31.0,1752251191444
0.0,0.0,4.828,31.0,1752251191554
0.0,0.0,4.828,31.0,1752251191608
0.0,0.0,4.818,31.0,1752251191721
0.0,0.0,4.818,31.0,1752251191773
0.0,0.0,4.818,31.0,1752251191882
0.0,0.0,4.818,31.0,1752251191932
31.70819091796875,-97.189208984375,4.818,31.0,1752251192000
0.0,0.0,4.818,31.0,1752251192039
0.0,0.0,4.818,31.0,1752251192089
0.0,0.0,4.808,31.0,1752251192210
0.0,0.0,4.808,31.0,1752251192285
0.0,0.0,4.797,31.0,1752251192423
0.0,0.0,4.808,31.0,1752251192489
0.0,0.0,4.797,31.0,1752251192627
0.0,0.0,4.797,31.0,1752251192691
0.0,0.0,4.797,31.0,1752251192829
0.0,0.0,4.797,31.0,1752251192895
0.0,0.0,4.787,31.0,1752251193044
0.0,0.0,4.787,31.0,1752251193450
0.0,0.0,4.787,31.0,1752251193551
0.0,0.0,4.787,31.0,1752251193617
0.0,0.0,4.797,31.0,1752251193757
0.0,0.0,4.797,31.0,1752251193823
0.0,0.0,4.797,31.0,1752251193961
31.708189010620117,-97.18920135498047,4.787,31.0,1752251194000
0.0,0.0,4.787,31.0,1752251194025
0.0,0.0,4.787,31.0,1752251194164
0.0,0.0,4.776,31.0,1752251194244
0.0,0.0,4.766,31.0,1752251194382
0.0,0.0,4.766,31.0,1752251194764
0.0,0.0,4.766,31.0,1752251194864
0.0,0.0,4.766,31.0,1752251194909
0.0,0.0,4.766,31.0,1752251195010
0.0,0.0,4.756,31.0,1752251195056
0.0,0.0,4.756,31.0,1752251195169
0.0,0.0,4.756,31.2,1752251195247
0.0,0.0,4.745,31.2,1752251195409
0.0,0.0,4.745,31.2,1752251195472
0.0,0.0,4.756,31.2,1752251195609
0.0,0.0,4.756,31.2,1752251195671
0.0,0.0,4.766,31.2,1752251195809
0.0,0.0,4.766,31.2,1752251195871
31.70818328857422,-97.18920135498047,4.766,31.2,1752251196000
0.0,0.0,4.766,31.2,1752251196008
0.0,0.0,4.766,31.2,1752251196414
0.0,0.0,4.766,31.2,1752251196556
0.0,0.0,4.776,31.2,1752251196603
0.0,0.0,4.776,31.2,1752251196703
0.0,0.0,4.766,31.2,1752251196748
0.0,0.0,4.766,31.2,1752251196853
0.0,0.0,4.776,31.2,1752251196902
31.708181381225586,-97.18920135498047,4.766,31.2,1752251197000
0.0,0.0,4.766,31.2,1752251197008
0.0,0.0,4.766,31.2,1752251197056
0.0,0.0,4.766,31.2,1752251197175
0.0,0.0,4.756,31.2,1752251197252
0.0,0.0,4.756,31.2,1752251197391
0.0,0.0,4.756,31.2,1752251197455
0.0,0.0,4.756,31.2,1752251197592
0.0,0.0,4.756,31.2,1752251197655
0.0,0.0,4.756,31.2,1752251197793
0.0,0.0,4.756,31.2,1752251197861
0.0,0.0,4.756,31.2,1752251197999
0.0,0.0,4.756,31.2,1752251198396
0.0,0.0,4.756,31.2,1752251198494
0.0,0.0,4.756,31.2,1752251198540
0.0,0.0,4.756,31.2,1752251198676
0.0,0.0,4.756,31.2,1752251198739
0.0,0.0,4.756,31.2,1752251198876
0.0,0.0,4.745,31.2,1752251198939
0.0,0.0,4.756,31.2,1752251199076
0.0,0.0,4.766,31.2,1752251199139
0.0,0.0,4.756,31.2,1752251199291
0.0,0.0,4.756,31.2,1752251199354
0.0,0.0,4.756,31.2,1752251199806
0.0,0.0,4.756,31.2,1752251199852
0.0,0.0,4.756,31.2,1752251199950
0.0,0.0,4.756,31.2,1752251199994
31.70816993713379,-97.18920135498047,4.756,31.2,1752251200000
0.0,0.0,4.766,31.2,1752251200093
0.0,0.0,4.766,31.2,1752251200142
0.0,0.0,4.766,31.2,1752251200266
0.0,0.0,4.766,31.2,1752251200317
0.0,0.0,4.766,31.2,1752251200447
0.0,0.0,4.745,31.2,1752251200489
0.0,0.0,4.735,31.2,1752251200598
0.0,0.0,4.745,31.2,1752251200643
0.0,0.0,4.745,31.2,1752251200749
0.0,0.0,4.735,31.2,1752251200799
0.0,0.0,4.735,31.2,1752251200906
0.0,0.0,4.735,31.2,1752251200960
0.0,0.0,4.714,31.2,1752251201066
0.0,0.0,4.714,31.2,1752251201117
0.0,0.0,4.693,31.2,1752251201255
0.0,0.0,4.703,31.2,1752251201318
0.0,0.0,4.703,31.2,1752251201457
0.0,0.0,4.714,31.2,1752251201520
0.0,0.0,4.703,31.2,1752251201659
0.0,0.0,4.693,31.2,1752251201722
0.0,0.0,4.693,31.2,1752251201861
0.0,0.0,4.693,31.2,1752251201924
0.0,0.0,4.693,31.2,1752251202064
0.0,0.0,4.683,31.2,1752251202467
0.0,0.0,4.693,31.2,1752251202575
0.0,0.0,4.683,31.2,1752251202620
0.0,0.0,4.683,31.2,1752251202718
0.0,0.0,4.683,31.2,1752251202767
0.0,0.0,4.672,31.2,1752251202873
0.0,0.0,4.662,31.2,1752251202923
31.708160400390625,-97.18919372558594,4.662,31.2,1752251203000
0.0,0.0,4.662,31.2,1752251203034
0.0,0.0,4.672,31.2,1752251203084
0.0,0.0,4.662,31.2,1752251203193
0.0,0.0,4.651,31.2,1752251203254
0.0,0.0,4.651,31.2,1752251203361
0.0,0.0,4.651,31.2,1752251203410
0.0,0.0,4.651,31.2,1752251203520
0.0,0.0,4.641,31.2,1752251203568
0.0,0.0,4.631,31.2,1752251203675
0.0,0.0,4.641,31.2,1752251203728
0.0,0.0,4.631,31.2,1752251203835
0.0,0.0,4.62,31.2,1752251203883
0.0,0.0,4.61,31.2,1752251203994
31.708154678344727,-97.18919372558594,4.61,31.2,1752251204000
0.0,0.0,4.61,31.2,1752251204042
0.0,0.0,4.61,31.2,1752251204149
0.0,0.0,4.599,31.2,1752251204222
0.0,0.0,4.61,31.2,1752251204361
0.0,0.0,4.599,31.2,1752251204424
0.0,0.0,4.599,31.2,1752251204562
0.0,0.0,4.61,31.2,1752251204625
0.0,0.0,4.599,31.2,1752251204764
0.0,0.0,4.599,31.2,1752251204827
0.0,0.0,4.599,31.2,1752251204965
0.0,0.0,4.61,31.2,1752251205036
0.0,0.0,4.589,31.2,1752251205503
0.0,0.0,4.589,31.2,1752251205551
0.0,0.0,4.589,31.2,1752251205688
0.0,0.0,4.589,31.2,1752251205752
0.0,0.0,4.568,31.2,1752251205890
0.0,0.0,4.568,31.2,1752251205953
0.0,0.0,4.568,31.2,1752251206092
0.0,0.0,4.568,31.2,1752251206157
0.0,0.0,4.558,31.2,1752251206310
0.0,0.0,4.558,31.2,1752251206373
0.0,0.0,4.558,31.2,1752251206858
0.0,0.0,4.547,31.2,1752251206903
31.70815086364746,-97.1891860961914,4.547,31.2,1752251207000
0.0,0.0,4.547,31.2,1752251207007
0.0,0.0,4.547,31.2,1752251207061
0.0,0.0,4.547,31.2,1752251207172
0.0,0.0,4.547,31.2,1752251207236
0.0,0.0,4.547,31.2,1752251207342
0.0,0.0,4.547,31.2,1752251207448
0.0,0.0,4.547,31.2,1752251207491
0.0,0.0,4.537,31.2,1752251207598
0.0,0.0,4.537,31.2,1752251207647
0.0,0.0,4.516,31.2,1752251207754
0.0,0.0,4.516,31.2,1752251207805
0.0,0.0,4.527,31.2,1752251207911
0.0,0.0,4.527,31.2,1752251207964
31.708145141601562,-97.1891860961914,4.527,31.2,1752251208000
0.0,0.0,4.527,31.2,1752251208072
0.0,0.0,4.527,31.2,1752251208123
0.0,0.0,4.527,31.2,1752251208261
0.0,0.0,4.527,31.2,1752251208324
0.0,0.0,4.527,31.2,1752251208462
0.0,0.0,4.558,31.2,1752251208527
0.0,0.0,4.579,31.2,1752251208664
0.0,0.0,4.599,31.2,1752251208727
0.0,0.0,4.61,31.2,1752251208865
0.0,0.0,4.62,31.2,1752251208929
31.708139419555664,-97.1891860961914,4.631,31.2,1752251209000
0.0,0.0,4.631,31.2,1752251209068
0.0,0.0,4.641,31.2,1752251209496
0.0,0.0,4.662,31.2,1752251209610
0.0,0.0,4.683,31.2,1752251209673
0.0,0.0,4.703,31.2,1752251209813
0.0,0.0,4.703,31.2,1752251209877
0.0,0.0,4.703,31.2,1752251210023
0.0,0.0,4.693,31.2,1752251210087
0.0,0.0,4.672,31.2,1752251210236
0.0,0.0,4.662,31.2,1752251210307
0.0,0.0,4.651,31.2,1752251210449
0.0,0.0,4.662,31.2,1752251210909
0.0,0.0,4.672,31.2,1752251211052
0.0,0.0,4.672,31.2,1752251211120
0.0,0.0,4.651,31.2,1752251211274
0.0,0.0,4.641,31.2,1752251211736
0.0,0.0,4.62,31.2,1752251211871
0.0,0.0,4.61,31.4,1752251211923
31.70813751220703,-97.1891860961914,4.61,31.4,1752251212000
0.0,0.0,4.61,31.4,1752251212045
0.0,0.0,4.62,31.4,1752251212095
0.0,0.0,4.62,31.4,1752251212213
0.0,0.0,4.641,31.4,1752251212275
0.0,0.0,4.631,31.4,1752251212385
0.0,0.0,4.641,31.4,1752251212437
0.0,0.0,4.61,31.4,1752251212550
0.0,0.0,4.61,31.4,1752251212606
0.0,0.0,4.62,31.4,1752251212715
0.0,0.0,4.62,31.4,1752251212769
0.0,0.0,4.631,31.4,1752251212879
0.0,0.0,4.641,31.4,1752251212933
31.708131790161133,-97.18917846679688,4.641,31.4,1752251213000
0.0,0.0,4.641,31.4,1752251213045
0.0,0.0,4.641,31.4,1752251213096
0.0,0.0,4.641,31.4,1752251213226
0.0,0.0,4.631,31.4,1752251213369
0.0,0.0,4.62,31.4,1752251213471
0.0,0.0,4.62,31.4,1752251213534
0.0,0.0,4.631,31.4,1752251213673
0.0,0.0,4.631,31.4,1752251213736
0.0,0.0,4.62,31.4,1752251213876
0.0,0.0,4.62,31.4,1752251213939
0.0,0.0,4.61,31.4,1752251214459
0.0,0.0,4.61,31.4,1752251214513
0.0,0.0,4.61,31.4,1752251214631
0.0,0.0,4.599,31.4,1752251214693
0.0,0.0,4.579,31.4,1752251214833
0.0,0.0,4.579,31.4,1752251214896
31.708126068115234,-97.18917846679688,4.579,31.4,1752251215000
0.0,0.0,4.579,31.4,1752251215034
0.0,0.0,4.568,31.4,1752251215176
0.0,0.0,4.568,31.4,1752251215282
0.0,0.0,4.558,31.4,1752251215347
0.0,0.0,4.558,31.4,1752251215853
0.0,0.0,4.558,31.4,1752251215904
31.7081241607666,-97.18917846679688,4.558,31.4,1752251216000
0.0,0.0,4.558,31.4,1752251216012
0.0,0.0,4.568,31.4,1752251216062
0.0,0.0,4.558,31.4,1752251216186
0.0,0.0,4.558,31.4,1752251216264
0.0,0.0,4.558,31.4,1752251216401
0.0,0.0,4.568,31.4,1752251216464
0.0,0.0,4.558,31.4,1752251216602
0.0,0.0,4.568,31.4,1752251216666
0.0,0.0,4.568,31.4,1752251216804
0.0,0.0,4.558,31.4,1752251216942
0.0,0.0,4.558,31.4,1752251217430
0.0,0.0,4.558,31.4,1752251217505
0.0,0.0,4.547,31.4,1752251217624
0.0,0.0,4.547,31.4,1752251217687
0.0,0.0,4.547,31.4,1752251217825
0.0,0.0,4.547,31.4,1752251217887
0.0,0.0,4.547,31.4,1752251218027
0.0,0.0,4.527,31.4,1752251218089
0.0,0.0,4.537,31.4,1752251218236
0.0,0.0,4.537,31.4,1752251218308
0.0,0.0,4.537,31.4,1752251218446
0.0,0.0,4.537,31.4,1752251218881
0.0,0.0,4.537,31.4,1752251218986
0.0,0.0,4.537,31.4,1752251219037
0.0,0.0,4.537,31.4,1752251219146
0.0,0.0,4.537,31.4,1752251219214
0.0,0.0,4.537,31.4,1752251219322
0.0,0.0,4.537,31.4,1752251219371
0.0,0.0,4.537,31.4,1752251219482
0.0,0.0,4.527,31.4,1752251219533
0.0,0.0,4.527,31.4,1752251219642
0.0,0.0,4.527,31.4,1752251219694
0.0,0.0,4.516,31.4,1752251219802
0.0,0.0,4.516,31.4,1752251219852
0.0,0.0,4.516,31.4,1752251219963
31.708114624023438,-97.18917083740234,4.506,31.4,1752251220000
0.0,0.0,4.506,31.4,1752251220012
0.0,0.0,4.495,31.4,1752251220130
0.0,0.0,4.495,31.4,1752251220187
0.0,0.0,4.495,31.4,1752251220310
0.0,0.0,4.506,31.4,1752251220363
0.0,0.0,4.506,31.4,1752251220469
0.0,0.0,4.485,31.4,1752251220523
0.0,0.0,4.495,31.4,1752251220635
0.0,0.0,4.495,31.4,1752251220687
0.0,0.0,4.495,31.4,1752251220796
0.0,0.0,4.495,31.4,1752251220848
0.0,0.0,4.495,31.4,1752251220958
31.708110809326172,-97.18917083740234,4.506,31.4,1752251221000
0.0,0.0,4.506,31.4,1752251221010
0.0,0.0,4.506,31.4,1752251221121
0.0,0.0,4.495,31.4,1752251221181
0.0,0.0,4.495,31.4,1752251221335
0.0,0.0,4.495,31.4,1752251221398
0.0,0.0,4.495,31.4,1752251221535
0.0,0.0,4.495,31.4,1752251221598
0.0,0.0,4.485,31.4,1752251221736
0.0,0.0,4.475,31.4,1752251221799
0.0,0.0,4.475,31.4,1752251221935
0.0,0.0,4.464,31.4,1752251221998
0.0,0.0,4.464,31.4,1752251222544
0.0,0.0,4.464,31.4,1752251222593
0.0,0.0,4.464,31.4,1752251222709
0.0,0.0,4.443,31.4,1752251222772
0.0,0.0,4.443,31.4,1752251222909
0.0,0.0,4.454,31.4,1752251222975
31.708106994628906,-97.18917083740234,4.454,31.4,1752251223000
0.0,0.0,4.454,31.4,1752251223111
0.0,0.0,4.443,31.4,1752251223185
0.0,0.0,4.454,31.4,1752251223333
0.0,0.0,4.443,31.4,1752251223397
0.0,0.0,4.443,31.4,1752251223534
0.0,0.0,4.454,31.4,1752251223970
31.708101272583008,-97.18917083740234,4.454,31.4,1752251224000
0.0,0.0,4.443,31.4,1752251224075
0.0,0.0,4.433,31.4,1752251224124
0.0,0.0,4.422,31.4,1752251224262
0.0,0.0,4.422,31.4,1752251224325
0.0,0.0,4.422,31.4,1752251224462
0.0,0.0,4.391,31.4,1752251224524
0.0,0.0,4.402,31.4,1752251224661
0.0,0.0,4.391,31.4,1752251224724
0.0,0.0,4.391,31.4,1752251224861
0.0,0.0,4.381,31.4,1752251224929
0.0,0.0,4.37,31.4,1752251225067
0.0,0.0,4.37,31.4,1752251225512
0.0,0.0,4.36,31.4,1752251225638
0.0,0.0,4.37,31.4,1752251225700
0.0,0.0,4.36,31.4,1752251225837
0.0,0.0,4.35,31.4,1752251225899
0.0,0.0,4.35,31.4,1752251226036
0.0,0.0,4.35,31.4,1752251226102
0.0,0.0,4.35,31.4,1752251226252
0.0,0.0,4.329,31.4,1752251226314
0.0,0.0,4.339,31.4,1752251226450
0.0,0.0,4.329,31.4,1752251226906
0.0,0.0,4.329,31.4,1752251227033
0.0,0.0,4.318,31.4,1752251227082
0.0,0.0,4.318,31.4,1752251227201
0.0,0.0,4.308,31.4,1752251227258
0.0,0.0,4.308,31.4,1752251227367
0.0,0.0,4.308,31.4,1752251227418
0.0,0.0,4.308,31.4,1752251227526
0.0,0.0,4.308,31.4,1752251227578
0.0,0.0,4.308,31.4,1752251227689
0.0,0.0,4.298,31.4,1752251227741
0.0,0.0,4.287,31.4,1752251227850
0.0,0.0,4.277,31.4,1752251227902
31.708091735839844,-97.18917083740234,4.277,31.4,1752251228000
0.0,0.0,4.277,31.4,1752251228014
0.0,0.0,4.266,31.4,1752251228063
0.0,0.0,4.266,31.4,1752251228179
0.0,0.0,4.266,31.4,1752251228250
0.0,0.0,4.246,31.4,1752251228359
0.0,0.0,4.246,31.4,1752251228414
0.0,0.0,4.246,31.4,1752251228525
0.0,0.0,4.235,31.4,1752251228576
0.0,0.0,4.235,31.4,1752251228689
0.0,0.0,4.225,31.4,1752251228738
0.0,0.0,4.235,31.4,1752251228850
0.0,0.0,4.225,31.4,1752251228904
31.708086013793945,-97.18917083740234,4.225,31.4,1752251229000
0.0,0.0,4.225,31.4,1752251229017
0.0,0.0,4.225,31.4,1752251229070
0.0,0.0,4.214,31.4,1752251229192
0.0,0.0,4.214,31.4,1752251229269
0.0,0.0,4.214,31.4,1752251229407
0.0,0.0,4.204,31.4,1752251229470
0.0,0.0,4.194,31.4,1752251229612
0.0,0.0,4.183,31.4,1752251229675
0.0,0.0,4.194,31.4,1752251229810
0.0,0.0,4.183,31.4,1752251229873
0.0,0.0,4.183,31.4,1752251230009
0.0,0.0,4.162,31.4,1752251230467
0.0,0.0,4.162,31.4,1752251230614
0.0,0.0,4.152,31.4,1752251230677
0.0,0.0,4.152,31.4,1752251230813
0.0,0.0,4.141,31.4,1752251230877
31.708084106445312,-97.18917083740234,4.152,31.4,1752251231000
0.0,0.0,4.152,31.4,1752251231012
0.0,0.0,4.141,31.4,1752251231075
0.0,0.0,4.152,31.4,1752251231214
0.0,0.0,4.131,31.4,1752251231289
0.0,0.0,4.131,31.4,1752251231430
0.0,0.0,4.131,31.4,1752251231882
0.0,0.0,4.131,31.4,1752251232007
0.0,0.0,4.121,31.4,1752251232056
0.0,0.0,4.11,31.4,1752251232171
0.0,0.0,4.11,31.4,1752251232250
0.0,0.0,4.121,31.4,1752251232387
0.0,0.0,4.11,31.4,1752251232450
0.0,0.0,4.11,31.4,1752251232587
0.0,0.0,4.1,31.4,1752251232650
0.0,0.0,4.089,31.4,1752251232785
0.0,0.0,4.079,31.4,1752251232850
0.0,0.0,4.079,31.4,1752251232985
31.708078384399414,-97.18917083740234,4.079,31.4,1752251233000
0.0,0.0,4.069,31.4,1752251233446
0.0,0.0,4.058,31.4,1752251233579
0.0,0.0,4.048,31.4,1752251233627
0.0,0.0,4.048,31.4,1752251233734
0.0,0.0,4.037,31.4,1752251233783
0.0,0.0,4.037,31.4,1752251233893
0.0,0.0,4.037,31.4,1752251233943
0.0,0.0,4.027,31.4,1752251234050
0.0,0.0,4.027,31.4,1752251234103
0.0,0.0,4.027,31.4,1752251234233
0.0,0.0,4.027,31.4,1752251234302
0.0,0.0,4.017,31.4,1752251234437
0.0,0.0,4.017,31.4,1752251234500
0.0,0.0,4.017,31.4,1752251234637
0.0,0.0,4.006,31.4,1752251234700
0.0,0.0,4.006,31.4,1752251234836
0.0,0.0,4.006,31.4,1752251234899
31.70807456970215,-97.18917083740234,4.006,31.4,1752251235000
0.0,0.0,4.006,31.4,1752251235034
0.0,0.0,3.996,31.4,1752251235500
0.0,0.0,3.996,31.4,1752251235645
0.0,0.0,3.996,31.4,1752251235693
0.0,0.0,3.975,31.4,1752251235800
0.0,0.0,3.965,31.4,1752251235851
0.0,0.0,3.965,31.4,1752251235958
31.708070755004883,-97.18916320800781,3.954,31.4,1752251236000
0.0,0.0,3.954,31.4,1752251236010
0.0,0.0,3.954,31.4,1752251236119
0.0,0.0,3.944,31.4,1752251236183
0.0,0.0,3.944,31.4,1752251236326
0.0,0.0,3.933,31.4,1752251236389
0.0,0.0,3.923,31.4,1752251236523
0.0,0.0,3.923,31.4,1752251236586
0.0,0.0,3.923,31.4,1752251236721
0.0,0.0,3.913,31.4,1752251236783
0.0,0.0,3.923,31.4,1752251236923
0.0,0.0,3.913,31.4,1752251236989
0.0,0.0,3.913,31.4,1752251237512
0.0,0.0,3.913,31.4,1752251237587
0.0,0.0,3.902,31.4,1752251237723
0.0,0.0,3.902,31.4,1752251237887
0.0,0.0,3.881,31.4,1752251237941
31.70806312561035,-97.18916320800781,3.881,31.4,1752251238000
0.0,0.0,3.892,31.4,1752251238138
0.0,0.0,3.881,31.4,1752251238205
0.0,0.0,3.892,31.4,1752251238339
0.0,0.0,3.871,31.4,1752251238407
0.0,0.0,3.871,31.4,1752251238542
0.0,0.0,3.85,31.4,1752251238999
0.0,0.0,3.85,31.2,1752251239195
0.0,0.0,3.84,31.2,1752251239253
0.0,0.0,3.84,31.2,1752251239367
0.0,0.0,3.829,31.2,1752251239431
0.0,0.0,3.819,31.2,1752251239564
0.0,0.0,3.819,31.2,1752251239629
0.0,0.0,3.808,31.2,1752251239762
0.0,0.0,3.798,31.2,1752251239824
0.0,0.0,3.777,31.2,1752251239960
31.708057403564453,-97.18916320800781,3.788,31.2,1752251240000
0.0,0.0,3.788,31.2,1752251240024
0.0,0.0,3.777,31.2,1752251240162
0.0,0.0,3.777,31.2,1752251240627
0.0,0.0,3.767,31.2,1752251240761
0.0,0.0,3.767,31.2,1752251240821
0.0,0.0,3.756,31.2,1752251240928
0.0,0.0,3.746,31.2,1752251240978
31.70805549621582,-97.18916320800781,3.746,31.2,1752251241000
0.0,0.0,3.746,31.2,1752251241087
0.0,0.0,3.736,31.2,1752251241140
0.0,0.0,3.746,31.2,1752251241280
0.0,0.0,3.736,31.2,1752251241344
0.0,0.0,3.746,31.2,1752251241476
0.0,0.0,3.736,31.2,1752251241539
0.0,0.0,3.736,31.2,1752251241671
0.0,0.0,3.725,31.2,1752251241734
0.0,0.0,3.725,31.2,1752251241874
0.0,0.0,3.715,31.2,1752251241937
0.0,0.0,3.725,31.2,1752251242073
0.0,0.0,3.715,31.2,1752251242522
0.0,0.0,3.704,31.2,1752251242668
0.0,0.0,3.704,31.2,1752251242731
0.0,0.0,3.704,31.2,1752251242865
0.0,0.0,3.694,31.2,1752251242928
0.0,0.0,3.694,31.2,1752251243062
0.0,0.0,3.684,31.2,1752251243124
0.0,0.0,3.684,31.2,1752251243271
0.0,0.0,3.673,31.2,1752251243335
0.0,0.0,3.663,31.2,1752251243467
0.0,0.0,3.652,31.2,1752251243924
0.0,0.0,3.652,31.2,1752251244059
0.0,0.0,3.642,31.2,1752251244122
0.0,0.0,3.642,31.2,1752251244270
0.0,0.0,3.621,31.2,1752251244333
0.0,0.0,3.621,31.2,1752251244469
0.0,0.0,3.621,31.2,1752251244533
0.0,0.0,3.621,31.2,1752251244666
0.0,0.0,3.611,31.2,1752251244724
0.0,0.0,3.6,31.2,1752251244829
0.0,0.0,3.611,31.2,1752251244879
0.0,0.0,3.6,31.2,1752251244991
31.70804214477539,-97.18916320800781,3.6,31.2,1752251245000
0.0,0.0,3.59,31.2,1752251245044
0.0,0.0,3.58,31.2,1752251245153
0.0,0.0,3.59,31.2,1752251245220
0.0,0.0,3.569,31.2,1752251245332
0.0,0.0,3.559,31.2,1752251245387
0.0,0.0,3.559,31.2,1752251245500
0.0,0.0,3.548,31.2,1752251245554
0.0,0.0,3.527,31.2,1752251245666
0.0,0.0,3.517,31.2,1752251245720
0.0,0.0,3.517,31.2,1752251245834
0.0,0.0,3.496,31.2,1752251245888
0.0,0.0,3.486,31.2,1752251246000
31.708032608032227,-97.18916320800781,3.486,31.2,1752251246000
0.0,0.0,3.486,31.2,1752251246055
0.0,0.0,3.475,31.2,1752251246177
0.0,0.0,3.455,31.2,1752251246255
0.0,0.0,3.444,31.2,1752251246387
0.0,0.0,3.455,31.2,1752251246450
0.0,0.0,3.444,31.2,1752251246585
0.0,0.0,3.423,31.2,1752251246654
0.0,0.0,3.444,31.2,1752251246786
0.0,0.0,3.423,31.2,1752251246850
0.0,0.0,3.413,31.2,1752251246983
0.0,0.0,3.413,31.2,1752251247441
0.0,0.0,3.423,31.2,1752251247586
0.0,0.0,3.403,31.2,1752251247650
0.0,0.0,3.392,31.2,1752251247781
0.0,0.0,3.392,31.2,1752251247846
0.0,0.0,3.382,31.2,1752251247980
31.708024978637695,-97.18916320800781,3.382,31.2,1752251248000
0.0,0.0,3.361,31.2,1752251248046
0.0,0.0,3.382,31.2,1752251248177
0.0,0.0,3.382,31.2,1752251248254
0.0,0.0,3.361,31.2,1752251248387
0.0,0.0,3.361,31.2,1752251248453
0.0,0.0,3.351,31.2,1752251248981
0.0,0.0,3.33,31.2,1752251249046
0.0,0.0,3.299,31.2,1752251249177
0.0,0.0,3.299,31.2,1752251249261
0.0,0.0,3.288,31.2,1752251249394
0.0,0.0,3.267,31.2,1752251249457
0.0,0.0,3.257,31.2,1752251249590
0.0,0.0,3.267,31.2,1752251249653
0.0,0.0,3.236,31.2,1752251249785
0.0,0.0,3.205,31.2,1752251249848
0.0,0.0,3.194,31.2,1752251249982
0.0,0.0,3.184,31.2,1752251250045
0.0,0.0,3.174,31.2,1752251250566
0.0,0.0,3.174,31.2,1752251250643
0.0,0.0,3.184,31.2,1752251250775
0.0,0.0,3.142,31.2,1752251250838
0.0,0.0,3.132,31.2,1752251250973
31.708017349243164,-97.18914794921875,3.132,31.2,1752251251000
0.0,0.0,3.122,31.2,1752251251038
0.0,0.0,3.122,31.2,1752251251172
0.0,0.0,3.09,31.2,1752251251252
0.0,0.0,3.08,31.2,1752251251388
0.0,0.0,3.08,31.2,1752251251444
0.0,0.0,3.07,31.2,1752251251551
0.0,0.0,3.038,31.2,1752251251604
0.0,0.0,3.028,31.2,1752251251714
0.0,0.0,3.018,31.2,1752251251766
0.0,0.0,2.997,31.2,1752251251879
0.0,0.0,3.007,31.2,1752251251933
0.0,0.0,3.007,31.2,1752251252054
0.0,0.0,2.976,31.2,1752251252108
0.0,0.0,2.965,31.2,1752251252239
0.0,0.0,2.986,31.2,1752251252309
0.0,0.0,2.976,31.2,1752251252442
0.0,0.0,2.976,31.2,1752251252505
0.0,0.0,2.965,31.2,1752251252637
0.0,0.0,2.965,31.2,1752251252699
0.0,0.0,2.965,31.2,1752251252832
0.0,0.0,2.965,31.2,1752251252895
31.7080135345459,-97.18914794921875,2.955,31.2,1752251253000
0.0,0.0,2.955,31.2,1752251253026
0.0,0.0,2.913,31.2,1752251253476
0.0,0.0,2.913,31.2,1752251253621
0.0,0.0,2.913,31.2,1752251253684
0.0,0.0,2.903,31.2,1752251253817
0.0,0.0,2.861,31.2,1752251253885
0.0,0.0,2.861,31.2,1752251254018
0.0,0.0,2.841,31.2,1752251254078
0.0,0.0,2.83,31.2,1752251254202
0.0,0.0,2.82,31.2,1752251254277
0.0,0.0,2.809,31.2,1752251254408
0.0,0.0,2.809,31.2,1752251254471
0.0,0.0,2.799,31.2,1752251254603
0.0,0.0,2.799,31.2,1752251254666
0.0,0.0,2.799,31.2,1752251254799
0.0,0.0,2.789,31.2,1752251254861
0.0,0.0,2.789,31.2,1752251254993
0.0,0.0,2.789,31.2,1752251255452
0.0,0.0,2.789,31.2,1752251255595
0.0,0.0,2.789,31.2,1752251255658
0.0,0.0,2.789,31.2,1752251255789
0.0,0.0,2.789,31.2,1752251255852
0.0,0.0,2.778,31.2,1752251255964
31.708005905151367,-97.18914031982422,2.778,31.2,1752251256000
0.0,0.0,2.778,31.2,1752251256017
0.0,0.0,2.757,31.2,1752251256126
0.0,0.0,2.726,31.2,1752251256188
0.0,0.0,2.716,31.2,1752251256307
0.0,0.0,2.716,31.2,1752251256361
0.0,0.0,2.705,31.2,1752251256483
0.0,0.0,2.695,31.2,1752251256538
0.0,0.0,2.685,31.2,1752251256650
0.0,0.0,2.685,31.2,1752251256705
0.0,0.0,2.685,31.2,1752251256817
0.0,0.0,2.674,31.2,1752251256876
0.0,0.0,2.674,31.2,1752251256988
0.0,0.0,2.653,31.2,1752251257044
0.0,0.0,2.664,31.2,1752251257159
0.0,0.0,2.685,31.2,1752251257235
0.0,0.0,2.674,31.2,1752251257368
0.0,0.0,2.653,31.2,1752251257430
0.0,0.0,2.653,31.2,1752251257563
0.0,0.0,2.622,31.2,1752251257626
0.0,0.0,2.58,31.2,1752251257758
0.0,0.0,2.56,31.2,1752251257821
0.0,0.0,2.508,31.2,1752251257954
0.0,0.0,2.466,31.2,1752251258017
0.0,0.0,2.424,31.2,1752251258554
0.0,0.0,2.372,31.2,1752251258629
0.0,0.0,2.351,31.2,1752251258762
0.0,0.0,2.289,31.2,1752251258827
0.0,0.0,2.289,31.2,1752251258959
31.70800018310547,-97.18913269042969,2.31,31.2,1752251259000
0.0,0.0,2.31,31.2,1752251259023
0.0,0.0,2.279,31.2,1752251259135
0.0,0.0,2.258,31.2,1752251259205
0.0,0.0,2.258,31.2,1752251259313
0.0,0.0,2.268,31.2,1752251259368
0.0,0.0,2.268,31.2,1752251259475
0.0,0.0,2.331,31.2,1752251259529
0.0,0.0,2.331,31.2,1752251259640
0.0,0.0,2.331,31.2,1752251259696
0.0,0.0,2.289,31.2,1752251259808
0.0,0.0,2.268,31.2,1752251259861
0.0,0.0,2.216,31.2,1752251259978
0.0,0.0,2.133,31.2,1752251260032
0.0,0.0,2.091,31.2,1752251260144
0.0,0.0,2.05,31.2,1752251260220
0.0,0.0,2.008,31.2,1752251260353
0.0,0.0,1.935,31.2,1752251260417
0.0,0.0,1.883,31.2,1752251260553
0.0,0.0,1.79,31.2,1752251260616
0.0,0.0,1.748,31.2,1752251260748
0.0,0.0,1.717,31.2,1752251260812
0.0,0.0,1.675,31.2,1752251260945
0.0,0.0,1.675,31.2,1752251261008
0.0,0.0,1.675,31.2,1752251261215
0.0,0.0,1.665,31.2,1752251261588
0.0,0.0,1.644,31.2,1752251261719
0.0,0.0,1.613,31.2,1752251261783
0.0,0.0,1.602,31.2,1752251261917
0.0,0.0,1.592,31.2,1752251261981
31.70799446105957,-97.18912506103516,1.592,31.2,1752251262000
0.0,0.0,1.571,31.2,1752251262114
0.0,0.0,1.561,31.2,1752251262181
0.0,0.0,1.509,31.2,1752251262307
0.0,0.0,1.477,31.2,1752251262359
0.0,0.0,1.456,31.2,1752251262468
0.0,0.0,1.446,31.2,1752251262520
0.0,0.0,1.425,31.2,1752251262629
0.0,0.0,1.384,31.2,1752251262682
0.0,0.0,1.384,31.2,1752251262792
0.0,0.0,1.373,31.2,1752251262847
0.0,0.0,1.384,31.2,1752251262962
0.0,0.0,1.352,31.2,1752251263016
0.0,0.0,1.404,31.2,1752251263129
0.0,0.0,1.425,31.2,1752251263196
0.0,0.0,1.488,31.2,1752251263332
0.0,0.0,1.509,31.2,1752251263395
0.0,0.0,1.509,31.2,1752251263528
0.0,0.0,1.519,31.2,1752251263591
0.0,0.0,1.55,31.2,1752251263723
0.0,0.0,1.613,31.2,1752251263786
0.0,0.0,1.623,31.2,1752251263920
0.0,0.0,1.644,31.2,1752251263986
31.707990646362305,-97.18912506103516,1.644,31.2,1752251264000
0.0,0.0,1.654,31.2,1752251264511
0.0,0.0,1.706,31.2,1752251264586
0.0,0.0,1.675,31.2,1752251264720
0.0,0.0,1.685,31.2,1752251264788
0.0,0.0,1.675,31.2,1752251264922
0.0,0.0,1.675,31.2,1752251264988
0.0,0.0,1.685,31.2,1752251265118
0.0,0.0,1.685,31.2,1752251265178
0.0,0.0,1.665,31.2,1752251265302
0.0,0.0,1.633,31.2,1752251265366
0.0,0.0,1.633,31.2,1752251265498
0.0,0.0,1.644,31.2,1752251265562
0.0,0.0,1.633,31.2,1752251265695
0.0,0.0,1.623,31.2,1752251265757
0.0,0.0,1.644,31.2,1752251265887
0.0,0.0,1.633,31.2,1752251265951
31.70798683166504,-97.18912506103516,1.633,31.2,1752251266000
0.0,0.0,1.633,31.2,1752251266082
0.0,0.0,1.654,31.2,1752251266545
0.0,0.0,1.665,31.2,1752251266690
0.0,0.0,1.685,31.2,1752251266753
0.0,0.0,1.717,31.2,1752251266886
0.0,0.0,1.737,31.2,1752251266951
31.70798110961914,-97.18912506103516,1.737,31.2,1752251267000
0.0,0.0,1.727,31.2,1752251267086
0.0,0.0,1.737,31.2,1752251267139
0.0,0.0,1.737,31.2,1752251267276
0.0,0.0,1.737,31.2,1752251267339
0.0,0.0,1.737,31.2,1752251267470
0.0,0.0,1.737,31.2,1752251267533
0.0,0.0,1.737,31.2,1752251267663
0.0,0.0,1.737,31.2,1752251267726
0.0,0.0,1.717,31.2,1752251267857
0.0,0.0,1.696,31.2,1752251267924
0.0,0.0,1.696,31.2,1752251268055
0.0,0.0,1.685,31.2,1752251268515
0.0,0.0,1.685,31.2,1752251268657
0.0,0.0,1.665,31.2,1752251268719
0.0,0.0,1.665,31.2,1752251268852
0.0,0.0,1.654,31.2,1752251268915
0.0,0.0,1.654,31.2,1752251269046
0.0,0.0,1.675,31.2,1752251269111
0.0,0.0,1.654,31.2,1752251269256
0.0,0.0,1.644,31.2,1752251269320
0.0,0.0,1.633,31.2,1752251269452
0.0,0.0,1.644,31.2,1752251269918
0.0,0.0,1.623,31.2,1752251270052
0.0,0.0,1.644,30.6,1752251350845
0.0,0.0,1.644,30.6,1752251351715
0.0,0.0,1.675,30.6,1752251352147
0.0,0.0,1.696,30.6,1752251352627
0.0,0.0,1.696,30.6,1752251353091
0.0,0.0,1.696,30.6,1752251353838
0.0,0.0,1.717,30.6,1752251353976
31.70836067199707,-97.18917083740234,1.862,30.6,1752251356000
0.0,0.0,1.862,30.6,1752251356257
0.0,0.0,2.029,30.6,1752251356341
0.0,0.0,2.164,30.6,1752251356490
0.0,0.0,2.331,30.6,1752251356648
0.0,0.0,2.487,30.8,1752251356812
0.0,0.0,2.653,30.8,1752251356892
0.0,0.0,2.82,30.8,1752251357028
0.0,0.0,2.934,30.8,1752251357112
0.0,0.0,3.122,30.8,1752251357288
0.0,0.0,3.278,30.8,1752251357397
0.0,0.0,3.486,30.8,1752251357577
31.708358764648438,-97.18917846679688,3.621,30.8,1752251358000
0.0,0.0,3.621,30.8,1752251358082
0.0,0.0,3.632,30.8,1752251358535
0.0,0.0,3.621,30.8,1752251358668
0.0,0.0,3.652,30.8,1752251358749
0.0,0.0,3.694,30.8,1752251358887
0.0,0.0,3.684,30.8,1752251358972
0.0,0.0,3.684,30.8,1752251359112
0.0,0.0,3.652,30.8,1752251359116
0.0,0.0,3.684,30.8,1752251359185
0.0,0.0,3.673,30.8,1752251359391
0.0,0.0,3.663,30.8,1752251359463
0.0,0.0,3.621,30.8,1752251359894
31.708358764648438,-97.1891860961914,3.611,31.0,1752251360000
0.0,0.0,3.611,31.0,1752251360072
0.0,0.0,3.663,31.0,1752251360229
0.0,0.0,3.736,31.0,1752251360319
0.0,0.0,3.767,31.0,1752251360813
0.0,0.0,3.767,31.0,1752251360875
0.0,0.0,3.808,31.0,1752251361054
0.0,0.0,3.881,31.0,1752251361137
0.0,0.0,3.985,31.0,1752251361315
0.0,0.0,4.037,31.0,1752251361518
0.0,0.0,4.048,31.0,1752251361657
0.0,0.0,4.048,31.0,1752251361771
0.0,0.0,4.069,31.0,1752251361954
31.708362579345703,-97.18919372558594,4.069,31.0,1752251362000
0.0,0.0,4.069,31.0,1752251362071
0.0,0.0,4.079,31.0,1752251362633
0.0,0.0,4.089,31.0,1752251362682
0.0,0.0,4.11,31.0,1752251362777
0.0,0.0,4.141,31.0,1752251362782
0.0,0.0,4.173,31.0,1752251362882
0.0,0.0,4.162,31.0,1752251362930
31.708358764648438,-97.18919372558594,4.121,31.0,1752251363000
0.0,0.0,4.121,31.0,1752251363049
0.0,0.0,4.131,31.0,1752251363057
0.0,0.0,4.131,31.0,1752251363220
0.0,0.0,4.131,31.0,1752251363342
0.0,0.0,4.152,31.0,1752251363416
0.0,0.0,4.141,31.0,1752251363562
0.0,0.0,4.141,31.0,1752251363623
0.0,0.0,4.152,31.0,1752251363754
0.0,0.0,4.141,31.0,1752251363767
0.0,0.0,4.131,31.0,1752251363949
0.0,0.0,4.1,31.0,1752251363956
0.0,0.0,4.121,31.0,1752251364522
0.0,0.0,4.141,31.0,1752251364594
0.0,0.0,4.152,31.0,1752251364699
0.0,0.0,4.173,31.0,1752251364904
0.0,0.0,4.173,31.0,1752251365013
0.0,0.0,4.173,31.0,1752251365144
0.0,0.0,4.173,31.0,1752251365150
0.0,0.0,4.173,31.0,1752251365347
0.0,0.0,4.173,31.0,1752251365438
0.0,0.0,4.173,31.0,1752251365482
0.0,0.0,4.204,31.0,1752251365951
0.0,0.0,4.225,31.0,1752251366046
0.0,0.0,4.235,31.0,1752251366095
0.0,0.0,4.235,31.0,1752251366206
0.0,0.0,4.235,31.0,1752251366217
0.0,0.0,4.235,31.0,1752251366374
0.0,0.0,4.225,31.0,1752251366463
0.0,0.0,4.235,31.0,1752251366567
0.0,0.0,4.246,31.0,1752251366616
0.0,0.0,4.235,31.0,1752251366771
0.0,0.0,4.246,31.0,1752251366821
0.0,0.0,4.235,31.0,1752251366923
0.0,0.0,4.235,31.0,1752251366971
31.708351135253906,-97.18919372558594,4.235,31.0,1752251367000
0.0,0.0,4.235,31.0,1752251367078
0.0,0.0,4.246,31.0,1752251367182
0.0,0.0,4.246,31.0,1752251367330
0.0,0.0,4.246,31.0,1752251367425
0.0,0.0,4.256,31.0,1752251367583
0.0,0.0,4.256,31.0,1752251367634
0.0,0.0,4.246,31.0,1752251367740
0.0,0.0,4.256,31.0,1752251367792
0.0,0.0,4.266,31.0,1752251367903
0.0,0.0,4.256,31.0,1752251367991
31.708345413208008,-97.1891860961914,4.256,31.0,1752251368000
0.0,0.0,4.256,31.0,1752251368135
0.0,0.0,4.266,31.0,1752251368199
0.0,0.0,4.256,31.0,1752251368321
0.0,0.0,4.246,31.0,1752251368382
0.0,0.0,4.246,31.0,1752251368512
0.0,0.0,4.246,31.0,1752251368576
0.0,0.0,4.235,31.0,1752251368756
0.0,0.0,4.235,31.0,1752251368864
0.0,0.0,4.256,31.0,1752251369041
0.0,0.0,4.266,31.0,1752251369152
0.0,0.0,4.277,31.0,1752251369715
0.0,0.0,4.277,31.0,1752251369830
0.0,0.0,4.287,31.0,1752251370015
0.0,0.0,4.277,31.0,1752251370129
0.0,0.0,4.287,31.0,1752251370324
0.0,0.0,4.287,31.0,1752251370438
0.0,0.0,4.287,31.0,1752251370959
31.70833969116211,-97.18917846679688,4.287,31.0,1752251371000
0.0,0.0,4.298,31.0,1752251371041
0.0,0.0,4.318,31.0,1752251371185
0.0,0.0,4.318,31.0,1752251371285
0.0,0.0,4.298,31.0,1752251371428
0.0,0.0,4.287,31.0,1752251371516
0.0,0.0,4.287,31.0,1752251371657
0.0,0.0,4.287,31.0,1752251371748
0.0,0.0,4.287,31.0,1752251371894
0.0,0.0,4.287,31.0,1752251371987
0.0,0.0,4.287,31.0,1752251372129
0.0,0.0,4.308,31.0,1752251372227
0.0,0.0,4.298,31.0,1752251372387
0.0,0.0,4.308,31.0,1752251372499
0.0,0.0,4.298,31.0,1752251372683
0.0,0.0,4.308,31.0,1752251372795
0.0,0.0,4.308,31.0,1752251372977
31.708335876464844,-97.18917846679688,4.308,31.0,1752251373000
0.0,0.0,4.318,31.0,1752251373086
0.0,0.0,4.308,31.0,1752251373634
0.0,0.0,4.298,31.0,1752251373713
0.0,0.0,4.308,31.0,1752251373852
0.0,0.0,4.298,31.0,1752251373939
0.0,0.0,4.287,31.0,1752251374077
0.0,0.0,4.287,31.0,1752251374164
0.0,0.0,4.287,31.0,1752251374335
0.0,0.0,4.277,31.0,1752251374444
0.0,0.0,4.287,31.0,1752251374623
0.0,0.0,4.277,31.0,1752251374732
0.0,0.0,4.277,31.0,1752251374911
0.0,0.0,4.266,31.0,1752251375022
0.0,0.0,4.266,31.0,1752251375564
0.0,0.0,4.277,31.0,1752251375650
0.0,0.0,4.277,31.0,1752251375791
0.0,0.0,4.277,31.0,1752251375880
0.0,0.0,4.287,31.0,1752251376025
0.0,0.0,4.287,31.0,1752251376115
0.0,0.0,4.287,31.0,1752251376280
0.0,0.0,4.298,31.0,1752251376370
0.0,0.0,4.298,31.0,1752251376514
0.0,0.0,4.298,31.0,1752251376607
0.0,0.0,4.308,31.0,1752251376753
0.0,0.0,4.318,31.0,1752251376842
0.0,0.0,4.329,31.0,1752251376989
31.70832633972168,-97.18917846679688,4.329,31.0,1752251377000
0.0,0.0,4.329,31.0,1752251377084
0.0,0.0,4.318,31.0,1752251377243
0.0,0.0,4.318,31.0,1752251377337
0.0,0.0,4.318,31.0,1752251377492
0.0,0.0,4.329,31.0,1752251377589
0.0,0.0,4.308,31.0,1752251377735
0.0,0.0,4.308,31.0,1752251377825
0.0,0.0,4.308,31.0,1752251377969
0.0,0.0,4.308,31.0,1752251378071
0.0,0.0,4.329,31.0,1752251378260
0.0,0.0,4.329,31.0,1752251378344
0.0,0.0,4.308,31.0,1752251378512
0.0,0.0,4.329,31.0,1752251378621
0.0,0.0,4.329,31.0,1752251378802
0.0,0.0,4.308,31.0,1752251378910
0.0,0.0,4.298,31.0,1752251379091
0.0,0.0,4.298,31.0,1752251379587
0.0,0.0,4.318,31.0,1752251379766
0.0,0.0,4.318,31.0,1752251379876
0.0,0.0,4.318,31.0,1752251379963
0.0,0.0,4.298,31.0,1752251380104
0.0,0.0,4.298,31.0,1752251380285
0.0,0.0,4.287,31.0,1752251380367
0.0,0.0,4.287,31.0,1752251380510
0.0,0.0,4.287,31.0,1752251380603
0.0,0.0,4.277,31.0,1752251380747
0.0,0.0,4.298,31.0,1752251380838
0.0,0.0,4.287,31.0,1752251380984
31.708322525024414,-97.18917846679688,4.287,31.0,1752251381000
0.0,0.0,4.298,31.0,1752251381077
0.0,0.0,4.287,31.0,1752251381231
0.0,0.0,4.287,31.0,1752251381331
0.0,0.0,4.287,31.0,1752251381486
0.0,0.0,4.318,31.0,1752251381577
0.0,0.0,4.329,31.0,1752251381725
0.0,0.0,4.329,31.0,1752251381815
0.0,0.0,4.329,31.0,1752251381969
0.0,0.0,4.339,31.0,1752251382058
0.0,0.0,4.339,31.0,1752251382213
0.0,0.0,4.339,31.0,1752251382319
0.0,0.0,4.339,31.0,1752251382500
0.0,0.0,4.329,31.0,1752251382610
0.0,0.0,4.35,31.0,1752251382791
0.0,0.0,4.35,31.0,1752251382900
31.708322525024414,-97.18917846679688,4.35,31.0,1752251383000
0.0,0.0,4.35,31.0,1752251383080
0.0,0.0,4.339,31.0,1752251383577
0.0,0.0,4.318,31.0,1752251383722
0.0,0.0,4.318,31.0,1752251383783
0.0,0.0,4.318,31.0,1752251383905
0.0,0.0,4.318,31.0,1752251383954
0.0,0.0,4.318,31.0,1752251384062
0.0,0.0,4.308,31.0,1752251384117
0.0,0.0,4.318,31.0,1752251384245
0.0,0.0,4.318,31.0,1752251384318
0.0,0.0,4.298,31.0,1752251384451
0.0,0.0,4.298,31.0,1752251384459
0.0,0.0,4.287,31.0,1752251384644
0.0,0.0,4.287,31.0,1752251384752
31.70832061767578,-97.18917846679688,4.277,31.0,1752251385000
0.0,0.0,4.277,31.0,1752251385042
0.0,0.0,4.266,31.0,1752251385555
0.0,0.0,4.266,31.0,1752251385737
0.0,0.0,4.277,31.0,1752251385847
0.0,0.0,4.266,31.0,1752251386000
0.0,0.0,4.277,31.0,1752251386091
0.0,0.0,4.266,31.0,1752251386273
0.0,0.0,4.256,31.0,1752251386382
0.0,0.0,4.266,31.0,1752251386562
0.0,0.0,4.266,31.0,1752251386622
0.0,0.0,4.277,31.0,1752251386801
0.0,0.0,4.287,31.0,1752251386910
0.0,0.0,4.298,31.0,1752251387107
0.0,0.0,4.318,31.0,1752251387751
0.0,0.0,4.329,31.0,1752251387992
0.0,0.0,4.339,31.0,1752251388048
0.0,0.0,4.329,31.0,1752251388127
0.0,0.0,4.339,31.0,1752251388141
0.0,0.0,4.339,31.0,1752251388220
0.0,0.0,4.35,31.0,1752251388227
0.0,0.0,4.35,31.0,1752251388316
0.0,0.0,4.35,31.0,1752251388355
0.0,0.0,4.318,31.0,1752251388399
0.0,0.0,4.308,31.0,1752251388437
0.0,0.0,4.308,31.0,1752251388509
0.0,0.0,4.298,31.0,1752251388574
0.0,0.0,4.277,31.0,1752251388581
0.0,0.0,4.266,31.0,1752251388653
0.0,0.0,4.235,31.0,1752251388689
0.0,0.0,4.235,31.0,1752251388728
0.0,0.0,4.225,31.0,1752251388732
0.0,0.0,4.194,31.0,1752251389119
0.0,0.0,4.204,31.0,1752251390785
0.0,0.0,4.214,31.0,1752251391428
0.0,0.0,4.225,31.0,1752251391698
0.0,0.0,4.235,31.0,1752251391763
0.0,0.0,4.214,31.0,1752251391827
0.0,0.0,4.204,31.0,1752251391845
0.0,0.0,4.214,31.0,1752251391972
31.708314895629883,-97.18917846679688,4.214,31.0,1752251392000
0.0,0.0,4.225,31.0,1752251392412
0.0,0.0,4.246,31.0,1752251392558
0.0,0.0,4.246,31.0,1752251392632
0.0,0.0,4.256,31.0,1752251392790
31.708311080932617,-97.18917846679688,4.266,31.0,1752251393000
0.0,0.0,4.266,31.0,1752251393060
0.0,0.0,4.277,31.0,1752251393075
0.0,0.0,4.266,31.0,1752251393203
0.0,0.0,4.277,31.0,1752251393236
0.0,0.0,4.287,31.0,1752251393357
0.0,0.0,4.277,31.0,1752251393434
0.0,0.0,4.298,31.0,1752251393506
0.0,0.0,4.287,31.0,1752251393612
0.0,0.0,4.287,31.0,1752251393730
0.0,0.0,4.287,31.0,1752251393744
0.0,0.0,4.298,31.0,1752251393880
0.0,0.0,4.308,31.0,1752251393899
31.708309173583984,-97.1891860961914,4.329,31.0,1752251394000
0.0,0.0,4.329,31.0,1752251394036
0.0,0.0,4.318,31.0,1752251394290
0.0,0.0,4.298,31.0,1752251394426
0.0,0.0,4.298,31.0,1752251394500
0.0,0.0,4.318,31.0,1752251394578
0.0,0.0,4.329,31.0,1752251394847
0.0,0.0,4.329,31.0,1752251394993
0.0,0.0,4.339,31.0,1752251395017
0.0,0.0,4.36,31.0,1752251395180
0.0,0.0,4.391,31.0,1752251395250
0.0,0.0,4.402,31.0,1752251395327
0.0,0.0,4.412,31.0,1752251395588
0.0,0.0,4.391,31.0,1752251395654
0.0,0.0,4.422,31.0,1752251395735
0.0,0.0,4.454,31.0,1752251395767
31.708309173583984,-97.1891860961914,4.464,31.0,1752251396000
0.0,0.0,4.464,31.0,1752251396173
0.0,0.0,4.454,31.0,1752251396333
0.0,0.0,4.475,31.0,1752251396468
0.0,0.0,4.485,31.0,1752251396541
0.0,0.0,4.485,31.0,1752251396618
0.0,0.0,4.485,31.0,1752251396702
0.0,0.0,4.485,31.0,1752251396769
0.0,0.0,4.475,31.0,1752251396850
0.0,0.0,4.475,31.0,1752251396920
31.708309173583984,-97.1891860961914,4.485,31.0,1752251397000
0.0,0.0,4.485,31.0,1752251397074
0.0,0.0,4.485,31.0,1752251397200
0.0,0.0,4.475,31.0,1752251397238
0.0,0.0,4.485,31.0,1752251397452
0.0,0.0,4.506,31.0,1752251397478
0.0,0.0,4.475,31.0,1752251397632
0.0,0.0,4.464,31.0,1752251397702
0.0,0.0,4.464,31.0,1752251397779
31.70830726623535,-97.18919372558594,4.464,31.0,1752251398000
31.70830535888672,-97.18919372558594,4.464,31.0,1752251398000
31.70829963684082,-97.18919372558594,4.464,31.0,1752251398000
0.0,0.0,4.464,31.0,1752251398006
0.0,0.0,4.464,31.0,1752251398138
0.0,0.0,4.475,31.0,1752251398168
0.0,0.0,4.454,31.0,1752251398332
0.0,0.0,4.464,31.0,1752251398346
0.0,0.0,4.464,31.0,1752251398435
0.0,0.0,4.454,31.0,1752251398571
0.0,0.0,4.433,31.0,1752251398600
0.0,0.0,4.422,31.0,1752251398676
0.0,0.0,4.443,31.2,1752251398810
0.0,0.0,4.443,31.2,1752251398965
31.708297729492188,-97.18920135498047,4.433,31.2,1752251399000
0.0,0.0,4.433,31.2,1752251399030
0.0,0.0,4.433,31.2,1752251399098
0.0,0.0,4.443,31.2,1752251399293
0.0,0.0,4.454,31.2,1752251399356
0.0,0.0,4.454,31.2,1752251399409
0.0,0.0,4.443,31.2,1752251399470
0.0,0.0,4.454,31.2,1752251399480
0.0,0.0,4.485,31.2,1752251399581
0.0,0.0,4.495,31.2,1752251399642
0.0,0.0,4.516,31.2,1752251399701
0.0,0.0,4.537,31.2,1752251399759
0.0,0.0,4.537,31.2,1752251399816
0.0,0.0,4.558,31.2,1752251399872
0.0,0.0,4.568,31.2,1752251400832
0.0,0.0,4.568,31.2,1752251401034
0.0,0.0,4.589,31.2,1752251401187
0.0,0.0,4.599,31.2,1752251401364
0.0,0.0,4.62,31.2,1752251401947
31.708295822143555,-97.18919372558594,4.631,31.2,1752251402000
0.0,0.0,4.631,31.2,1752251402001
0.0,0.0,4.61,31.2,1752251402165
0.0,0.0,4.61,31.2,1752251402247
0.0,0.0,4.61,31.2,1752251402399
0.0,0.0,4.61,31.2,1752251402458
0.0,0.0,4.62,31.2,1752251402517
0.0,0.0,4.62,31.2,1752251403187
0.0,0.0,4.62,31.2,1752251403271
0.0,0.0,4.631,31.2,1752251403437
0.0,0.0,4.631,31.2,1752251403449
0.0,0.0,4.631,31.2,1752251403616
0.0,0.0,4.631,31.2,1752251403675
31.70829200744629,-97.18919372558594,4.631,31.2,1752251404000
0.0,0.0,4.641,31.2,1752251404335
0.0,0.0,4.662,31.2,1752251404405
0.0,0.0,4.672,31.2,1752251404552
0.0,0.0,4.672,31.2,1752251404606
0.0,0.0,4.662,31.2,1752251404758
0.0,0.0,4.672,31.2,1752251404846
0.0,0.0,4.683,31.2,1752251405571
0.0,0.0,4.693,31.2,1752251405640
0.0,0.0,4.693,31.2,1752251405821
0.0,0.0,4.693,31.2,1752251405903
0.0,0.0,4.693,31.2,1752251406569
0.0,0.0,4.683,31.2,1752251406671
0.0,0.0,4.693,31.2,1752251406860
0.0,0.0,4.693,31.2,1752251406950
31.708290100097656,-97.18919372558594,4.693,31.2,1752251407000
0.0,0.0,4.683,31.2,1752251407252
0.0,0.0,4.693,31.2,1752251407679
0.0,0.0,4.693,31.2,1752251407873
0.0,0.0,4.693,31.2,1752251407967
0.0,0.0,4.693,31.2,1752251408149
0.0,0.0,4.683,31.2,1752251408736
0.0,0.0,4.672,31.2,1752251408911
0.0,0.0,4.672,31.2,1752251408997
0.0,0.0,4.672,31.2,1752251409186
0.0,0.0,4.672,31.2,1752251409294
0.0,0.0,4.672,31.2,1752251409960
0.0,0.0,4.662,31.2,1752251410046
0.0,0.0,4.672,31.2,1752251410238
0.0,0.0,4.662,31.2,1752251410335
31.708290100097656,-97.18919372558594,4.662,31.2,1752251411000
0.0,0.0,4.662,31.2,1752251411019
0.0,0.0,4.651,31.2,1752251411119
0.0,0.0,4.662,31.2,1752251411340
0.0,0.0,4.651,31.2,1752251411434
0.0,0.0,4.662,31.2,1752251412103
0.0,0.0,4.651,31.2,1752251412201
0.0,0.0,4.662,31.2,1752251412400
0.0,0.0,4.651,31.2,1752251412486
0.0,0.0,4.651,31.2,1752251412669
0.0,0.0,4.651,31.2,1752251413296
0.0,0.0,4.651,31.2,1752251413394
0.0,0.0,4.651,31.2,1752251413579
0.0,0.0,4.651,31.2,1752251413663
0.0,0.0,4.662,31.2,1752251413846
31.70829200744629,-97.18919372558594,4.662,31.2,1752251414000
0.0,0.0,4.662,31.2,1752251414445
0.0,0.0,4.672,31.2,1752251414631
0.0,0.0,4.662,31.2,1752251414718
0.0,0.0,4.672,31.2,1752251414904
0.0,0.0,4.672,31.2,1752251415494
0.0,0.0,4.672,31.2,1752251415722
0.0,0.0,4.672,31.2,1752251415785
0.0,0.0,4.672,31.2,1752251415885
0.0,0.0,4.672,31.2,1752251416049
0.0,0.0,4.672,31.2,1752251416103
0.0,0.0,4.672,31.2,1752251416782
0.0,0.0,4.672,31.2,1752251416942
0.0,0.0,4.662,31.2,1752251417002
0.0,0.0,4.651,31.2,1752251417166
0.0,0.0,4.662,31.2,1752251417251
0.0,0.0,4.662,31.2,1752251417892
0.0,0.0,4.662,31.2,1752251417957
31.70829200744629,-97.18919372558594,4.662,31.2,1752251418000
0.0,0.0,4.662,31.2,1752251418134
0.0,0.0,4.651,31.2,1752251418262
0.0,0.0,4.672,31.2,1752251418475
0.0,0.0,4.662,31.2,1752251418630
0.0,0.0,4.662,31.2,1752251419248
0.0,0.0,4.662,31.2,1752251419433
0.0,0.0,4.672,31.2,1752251419524
0.0,0.0,4.683,31.2,1752251419715
0.0,0.0,4.693,31.2,1752251420319
0.0,0.0,4.693,31.2,1752251420522
0.0,0.0,4.693,31.2,1752251420608
0.0,0.0,4.693,31.2,1752251420795
0.0,0.0,4.703,31.2,1752251420947
31.70829200744629,-97.18919372558594,4.703,31.2,1752251421000
0.0,0.0,4.703,31.2,1752251421575
0.0,0.0,4.714,31.2,1752251421773
0.0,0.0,4.724,31.2,1752251421866
0.0,0.0,4.724,31.2,1752251422060
0.0,0.0,4.714,31.2,1752251422520
0.0,0.0,4.714,31.2,1752251422670
0.0,0.0,4.724,31.2,1752251422786
0.0,0.0,4.724,31.2,1752251422876
0.0,0.0,4.724,31.2,1752251423072
0.0,0.0,4.724,31.2,1752251423157
0.0,0.0,4.703,31.2,1752251423381
0.0,0.0,4.693,31.2,1752251423471
0.0,0.0,4.693,31.2,1752251423669
0.0,0.0,4.693,31.2,1752251423804
0.0,0.0,4.683,31.2,1752251424251
0.0,0.0,4.683,31.2,1752251424401
0.0,0.0,4.683,31.2,1752251424465
0.0,0.0,4.683,31.2,1752251424604
0.0,0.0,4.672,31.2,1752251424668
0.0,0.0,4.683,31.2,1752251424806
0.0,0.0,4.683,31.2,1752251424871
31.708290100097656,-97.18919372558594,4.672,31.2,1752251425000
0.0,0.0,4.672,31.2,1752251425009
0.0,0.0,4.672,31.2,1752251425073
0.0,0.0,4.672,31.2,1752251425216
0.0,0.0,4.672,31.2,1752251425292
0.0,0.0,4.683,31.2,1752251425429
0.0,0.0,4.683,31.2,1752251425494
0.0,0.0,4.683,31.2,1752251425633
0.0,0.0,4.683,31.2,1752251425697
0.0,0.0,4.683,31.2,1752251425834
0.0,0.0,4.693,31.2,1752251425899
0.0,0.0,4.693,31.2,1752251426044
0.0,0.0,4.693,31.2,1752251426108
0.0,0.0,4.693,31.2,1752251426261
0.0,0.0,4.703,31.2,1752251426326
0.0,0.0,4.714,31.2,1752251426465
0.0,0.0,4.714,31.2,1752251426563
0.0,0.0,4.703,31.2,1752251426771
0.0,0.0,4.703,31.2,1752251426865
0.0,0.0,4.693,31.2,1752251427067
0.0,0.0,4.703,31.2,1752251427161
0.0,0.0,4.703,31.2,1752251427395
0.0,0.0,4.703,31.2,1752251427861
0.0,0.0,4.714,31.2,1752251428000
31.708290100097656,-97.18919372558594,4.714,31.2,1752251428000
0.0,0.0,4.724,31.2,1752251428064
0.0,0.0,4.714,31.2,1752251428212
0.0,0.0,4.703,31.2,1752251428290
0.0,0.0,4.693,31.2,1752251428427
0.0,0.0,4.703,31.2,1752251428493
0.0,0.0,4.703,31.2,1752251428632
0.0,0.0,4.703,31.2,1752251428696
0.0,0.0,4.703,31.2,1752251428834
0.0,0.0,4.693,31.2,1752251428899
31.708288192749023,-97.18919372558594,4.693,31.2,1752251429000
0.0,0.0,4.693,31.2,1752251429037
0.0,0.0,4.693,31.2,1752251429102
0.0,0.0,4.693,31.2,1752251429256
0.0,0.0,4.693,31.2,1752251429329
0.0,0.0,4.703,31.2,1752251429598
0.0,0.0,4.703,31.2,1752251429695
0.0,0.0,4.714,31.2,1752251429946
0.0,0.0,4.703,31.2,1752251430024
0.0,0.0,4.703,31.2,1752251430232
0.0,0.0,4.693,31.2,1752251430343
0.0,0.0,4.693,31.2,1752251431080
0.0,0.0,4.693,31.2,1752251431183
0.0,0.0,4.703,31.2,1752251431408
0.0,0.0,4.683,31.2,1752251431502
0.0,0.0,4.672,31.2,1752251431680
31.70828628540039,-97.18919372558594,4.672,31.2,1752251432000
0.0,0.0,4.672,31.2,1752251432188
0.0,0.0,4.662,31.2,1752251432270
0.0,0.0,4.651,31.2,1752251432408
0.0,0.0,4.662,31.2,1752251432478
0.0,0.0,4.662,31.2,1752251432617
0.0,0.0,4.662,31.2,1752251432682
0.0,0.0,4.641,31.2,1752251432819
0.0,0.0,4.651,31.2,1752251432884
0.0,0.0,4.662,31.2,1752251433024
0.0,0.0,4.651,31.2,1752251433088
0.0,0.0,4.662,31.2,1752251433249
0.0,0.0,4.651,31.2,1752251433354
0.0,0.0,4.672,31.2,1752251433567
0.0,0.0,4.683,31.2,1752251433660
0.0,0.0,4.693,31.2,1752251433861
0.0,0.0,4.683,31.2,1752251433955
31.70828628540039,-97.18919372558594,4.683,31.2,1752251434000
0.0,0.0,4.683,31.2,1752251434161
0.0,0.0,4.693,31.2,1752251434283
0.0,0.0,4.703,31.2,1752251434474
0.0,0.0,4.693,31.2,1752251434922
0.0,0.0,4.683,31.2,1752251435062
0.0,0.0,4.683,31.2,1752251435126
0.0,0.0,4.703,31.2,1752251435280
0.0,0.0,4.703,31.2,1752251435381
0.0,0.0,4.714,31.2,1752251435581
0.0,0.0,4.683,31.2,1752251435680
0.0,0.0,4.683,31.2,1752251435887
31.708288192749023,-97.18919372558594,4.693,31.2,1752251436000
0.0,0.0,4.693,31.2,1752251436037
0.0,0.0,4.693,31.2,1752251436135
0.0,0.0,4.703,31.2,1752251436359
0.0,0.0,4.693,31.2,1752251436452
0.0,0.0,4.703,31.2,1752251437009
0.0,0.0,4.703,31.2,1752251437079
0.0,0.0,4.703,31.2,1752251437229
0.0,0.0,4.693,31.2,1752251437347
0.0,0.0,4.693,31.2,1752251437548
0.0,0.0,4.693,31.2,1752251437651
0.0,0.0,4.714,31.2,1752251437853
0.0,0.0,4.703,31.2,1752251437956
0.0,0.0,4.714,31.2,1752251438161
0.0,0.0,4.703,31.2,1752251438284
0.0,0.0,4.703,31.2,1752251438477
0.0,0.0,4.703,31.2,1752251438932
31.708290100097656,-97.18919372558594,4.703,31.2,1752251439000
0.0,0.0,4.703,31.2,1752251439071
0.0,0.0,4.693,31.2,1752251439136
0.0,0.0,4.703,31.2,1752251439294
0.0,0.0,4.641,31.4,1752251453784
0.0,0.0,4.641,31.4,1752251453983
0.0,0.0,4.662,31.4,1752251454019
0.0,0.0,4.672,31.4,1752251455016
0.0,0.0,4.672,31.4,1752251456266
0.0,0.0,4.672,31.4,1752251456457
0.0,0.0,4.672,31.4,1752251456569
0.0,0.0,4.693,31.4,1752251456767
0.0,0.0,4.714,31.4,1752251456881
31.708147048950195,-97.18923950195312,4.724,31.4,1752251457000
0.0,0.0,4.724,31.4,1752251457083
0.0,0.0,4.745,31.4,1752251457299
0.0,0.0,4.756,31.4,1752251457418
0.0,0.0,4.776,31.4,1752251457628
0.0,0.0,4.776,31.4,1752251457755
0.0,0.0,4.787,31.4,1752251457957
0.0,0.0,4.797,31.4,1752251458081
0.0,0.0,4.808,31.4,1752251458331
0.0,0.0,4.818,31.4,1752251458482
0.0,0.0,4.839,31.4,1752251458776
0.0,0.0,4.828,31.4,1752251458948
0.0,0.0,4.828,31.4,1752251459246
0.0,0.0,4.839,31.4,1752251459433
0.0,0.0,4.828,31.4,1752251459722
31.708147048950195,-97.18923950195312,4.828,31.4,1752251460000
0.0,0.0,4.828,31.4,1752251460258
0.0,0.0,4.818,31.4,1752251460464
0.0,0.0,4.818,31.4,1752251460588
0.0,0.0,4.808,31.4,1752251460798
0.0,0.0,4.808,31.4,1752251460921
0.0,0.0,4.808,31.4,1752251461130
0.0,0.0,4.808,31.4,1752251461281
0.0,0.0,4.797,31.4,1752251461535
0.0,0.0,4.808,31.4,1752251461712
0.0,0.0,4.797,31.4,1752251462003
0.0,0.0,4.797,31.4,1752251462341
0.0,0.0,4.797,31.4,1752251462567
0.0,0.0,4.797,31.4,1752251462741
0.0,0.0,4.818,31.4,1752251463397
0.0,0.0,4.818,31.4,1752251463532
0.0,0.0,4.828,31.4,1752251463742
0.0,0.0,4.828,31.4,1752251463865
0.0,0.0,4.828,31.4,1752251464076
0.0,0.0,4.818,31.4,1752251464212
0.0,0.0,4.818,31.4,1752251464435
0.0,0.0,4.818,31.4,1752251464560
0.0,0.0,4.828,31.4,1752251464769
0.0,0.0,4.839,31.4,1752251464899
0.0,0.0,4.828,31.4,1752251465113
0.0,0.0,4.808,31.4,1752251465263
0.0,0.0,4.808,31.4,1752251465478
0.0,0.0,4.818,31.4,1752251465607
0.0,0.0,4.818,31.4,1752251465816
0.0,0.0,4.818,31.4,1752251465945
31.708147048950195,-97.18923950195312,4.818,31.4,1752251466000
0.0,0.0,4.828,31.4,1752251466157
0.0,0.0,4.828,31.4,1752251466307
0.0,0.0,4.818,31.4,1752251466518
0.0,0.0,4.818,31.4,1752251466646
0.0,0.0,4.808,31.4,1752251466856
0.0,0.0,4.808,31.4,1752251466980
0.0,0.0,4.808,31.4,1752251467286
0.0,0.0,4.828,31.4,1752251467405
0.0,0.0,4.818,31.4,1752251467655
0.0,0.0,4.808,31.4,1752251467826
31.708147048950195,-97.18923950195312,4.808,31.4,1752251468000
0.0,0.0,4.808,31.4,1752251468119
0.0,0.0,4.808,31.4,1752251468312
0.0,0.0,4.797,31.4,1752251468605
0.0,0.0,4.808,31.4,1752251468776
0.0,0.0,4.797,31.4,1752251469518
0.0,0.0,4.797,31.4,1752251469639
0.0,0.0,4.797,31.4,1752251469889
0.0,0.0,4.787,31.4,1752251470062
0.0,0.0,4.797,31.4,1752251470378
0.0,0.0,4.787,31.4,1752251470696
0.0,0.0,4.797,31.4,1752251470920
0.0,0.0,4.808,31.4,1752251471092
0.0,0.0,4.808,31.4,1752251471860
0.0,0.0,4.818,31.4,1752251471988
31.708145141601562,-97.18923950195312,4.818,31.4,1752251472000
0.0,0.0,4.808,31.4,1752251472217
0.0,0.0,4.808,31.4,1752251472368
0.0,0.0,4.808,31.4,1752251472595
0.0,0.0,4.808,31.4,1752251472728
0.0,0.0,4.808,31.4,1752251472958
0.0,0.0,4.818,31.4,1752251473096
0.0,0.0,4.808,31.4,1752251473344
0.0,0.0,4.808,31.4,1752251473494
0.0,0.0,4.797,31.4,1752251473785
0.0,0.0,4.797,31.4,1752251473956
0.0,0.0,4.797,31.4,1752251474256
0.0,0.0,4.797,31.4,1752251474444
0.0,0.0,4.797,31.4,1752251474735
0.0,0.0,4.787,31.4,1752251475474
0.0,0.0,4.797,31.4,1752251475706
0.0,0.0,4.787,31.4,1752251475838
31.708145141601562,-97.18923950195312,4.787,31.4,1752251476000
0.0,0.0,4.787,31.4,1752251476063
0.0,0.0,4.797,31.4,1752251476206
0.0,0.0,4.797,31.4,1752251476450
0.0,0.0,4.797,31.4,1752251476586
0.0,0.0,4.797,31.4,1752251476815
0.0,0.0,4.808,31.4,1752251476948
0.0,0.0,4.808,31.4,1752251477183
0.0,0.0,4.808,31.4,1752251477334
0.0,0.0,4.808,31.4,1752251477601
0.0,0.0,4.808,31.4,1752251477772
0.0,0.0,4.797,31.4,1752251478069
0.0,0.0,4.787,31.4,1752251478254
0.0,0.0,4.787,31.4,1752251478558
0.0,0.0,4.776,31.4,1752251478729
0.0,0.0,4.776,31.4,1752251479590
0.0,0.0,4.776,31.4,1752251479770
0.0,0.0,4.776,31.4,1752251479896
0.0,0.0,4.756,31.4,1752251480121
0.0,0.0,4.745,31.4,1752251480277
0.0,0.0,4.735,31.4,1752251480506
0.0,0.0,4.724,31.4,1752251480644
0.0,0.0,4.703,31.4,1752251480875
0.0,0.0,4.714,31.4,1752251481004
0.0,0.0,4.703,31.4,1752251481248
0.0,0.0,4.693,31.4,1752251481393
0.0,0.0,4.683,31.4,1752251481618
0.0,0.0,4.651,31.4,1752251481753
0.0,0.0,4.651,31.4,1752251481981
31.708145141601562,-97.18923950195312,4.651,31.4,1752251482000
0.0,0.0,4.641,31.4,1752251482118
0.0,0.0,4.631,31.4,1752251482370
0.0,0.0,4.641,31.4,1752251482507
0.0,0.0,4.641,31.4,1752251482734
0.0,0.0,4.641,31.4,1752251482870
0.0,0.0,4.641,31.4,1752251483097
0.0,0.0,4.631,31.4,1752251483453
0.0,0.0,4.62,31.4,1752251483607
0.0,0.0,4.62,31.4,1752251483996
0.0,0.0,4.62,31.4,1752251484153
0.0,0.0,4.62,31.4,1752251484470
0.0,0.0,4.631,31.4,1752251484641
31.70814323425293,-97.18923950195312,4.631,31.4,1752251485000
0.0,0.0,4.62,31.4,1752251485464
0.0,0.0,4.61,31.4,1752251485605
0.0,0.0,4.61,31.4,1752251485830
0.0,0.0,4.599,31.4,1752251485962
0.0,0.0,4.599,31.4,1752251486192
0.0,0.0,4.589,31.4,1752251486348
0.0,0.0,4.579,31.4,1752251486615
0.0,0.0,4.579,31.4,1752251486784
0.0,0.0,4.568,31.4,1752251487079
0.0,0.0,4.579,31.4,1752251487271
0.0,0.0,4.579,31.4,1752251487561
0.0,0.0,4.579,31.4,1752251487728
0.0,0.0,4.558,31.4,1752251488035
0.0,0.0,4.558,31.4,1752251488822
31.708141326904297,-97.18924713134766,4.558,31.4,1752251489000
0.0,0.0,4.558,31.4,1752251489120
0.0,0.0,4.568,31.4,1752251489328
0.0,0.0,4.547,31.4,1752251489638
0.0,0.0,4.547,31.4,1752251489811
0.0,0.0,4.547,31.4,1752251490121
0.0,0.0,4.537,31.4,1752251490316
0.0,0.0,4.537,31.4,1752251490591
0.0,0.0,4.527,31.4,1752251490762
0.0,0.0,4.516,31.4,1752251491069
0.0,0.0,4.516,31.4,1752251491255
0.0,0.0,4.527,31.4,1752251491575
0.0,0.0,4.506,31.4,1752251491746
31.70813751220703,-97.18924713134766,4.506,31.4,1752251492000
0.0,0.0,4.506,31.4,1752251492554
0.0,0.0,4.506,31.4,1752251492690
0.0,0.0,4.495,31.4,1752251492925
0.0,0.0,4.495,31.4,1752251493062
0.0,0.0,4.495,31.4,1752251493321
0.0,0.0,4.485,31.4,1752251493484
0.0,0.0,4.485,31.4,1752251493793
0.0,0.0,4.475,31.4,1752251493965
0.0,0.0,4.464,31.4,1752251494281
0.0,0.0,4.454,31.4,1752251494473
0.0,0.0,4.464,31.4,1752251494780
0.0,0.0,4.454,31.4,1752251495497
0.0,0.0,4.454,31.4,1752251495731
0.0,0.0,4.443,31.4,1752251495859
31.7081356048584,-97.18924713134766,4.433,31.4,1752251496000
0.0,0.0,4.433,31.4,1752251496098
0.0,0.0,4.443,31.4,1752251496247
0.0,0.0,4.433,31.4,1752251496491
0.0,0.0,4.433,31.4,1752251496630
0.0,0.0,4.433,31.4,1752251496862
0.0,0.0,4.422,31.4,1752251496995
0.0,0.0,4.433,31.4,1752251497253
0.0,0.0,4.422,31.4,1752251497395
0.0,0.0,4.412,31.4,1752251497676
0.0,0.0,4.412,31.4,1752251497851
0.0,0.0,4.412,31.4,1752251498164
0.0,0.0,4.412,31.4,1752251498359
0.0,0.0,4.412,31.4,1752251498670
0.0,0.0,4.412,31.4,1752251498842
0.0,0.0,4.402,31.4,1752251499704
0.0,0.0,4.402,31.4,1752251499851
31.7081298828125,-97.18924713134766,4.391,31.4,1752251500000
0.0,0.0,4.391,31.4,1752251500093
0.0,0.0,4.391,31.4,1752251500240
0.0,0.0,4.37,31.4,1752251500482
0.0,0.0,4.37,31.4,1752251500617
0.0,0.0,4.37,31.4,1752251500855
0.0,0.0,4.37,31.4,1752251500991
0.0,0.0,4.36,31.4,1752251501253
0.0,0.0,4.36,31.4,1752251501399
0.0,0.0,4.36,31.4,1752251501684
0.0,0.0,4.36,31.4,1752251501855
0.0,0.0,4.35,31.4,1752251502165
0.0,0.0,4.35,31.4,1752251502359
0.0,0.0,4.339,31.4,1752251502671
0.0,0.0,4.339,31.4,1752251502845
0.0,0.0,4.35,31.4,1752251503749
0.0,0.0,4.329,31.4,1752251503880
0.0,0.0,4.339,31.4,1752251504114
0.0,0.0,4.339,31.4,1752251504271
0.0,0.0,4.318,31.4,1752251504511
0.0,0.0,4.318,31.4,1752251504639
0.0,0.0,4.318,31.4,1752251504878
0.0,0.0,4.308,31.4,1752251505012
0.0,0.0,4.308,31.4,1752251505274
0.0,0.0,4.298,31.4,1752251505417
0.0,0.0,4.287,31.4,1752251505659
0.0,0.0,4.277,31.4,1752251505793
31.70812225341797,-97.18924713134766,4.277,31.4,1752251506000
0.0,0.0,4.277,31.4,1752251506031
0.0,0.0,4.277,31.4,1752251506171
0.0,0.0,4.277,31.4,1752251506427
0.0,0.0,4.266,31.4,1752251506560
0.0,0.0,4.266,31.4,1752251506806
0.0,0.0,4.256,31.4,1752251506937
0.0,0.0,4.256,31.4,1752251507190
0.0,0.0,4.256,31.4,1752251507342
0.0,0.0,4.246,31.4,1752251507632
0.0,0.0,4.235,31.4,1752251507804
0.0,0.0,4.235,31.4,1752251508116
0.0,0.0,4.235,31.4,1752251508310
0.0,0.0,4.225,31.4,1752251508620
0.0,0.0,4.214,31.4,1752251508792
0.0,0.0,4.214,31.4,1752251509622
0.0,0.0,4.214,31.4,1752251509756
0.0,0.0,4.204,31.4,1752251509984
31.70811653137207,-97.18924713134766,4.204,31.4,1752251510000
0.0,0.0,4.204,31.4,1752251510115
0.0,0.0,4.194,31.4,1752251510378
0.0,0.0,4.194,31.4,1752251510510
0.0,0.0,4.194,31.4,1752251510746
0.0,0.0,4.194,31.4,1752251510878
0.0,0.0,4.173,31.4,1752251511114
0.0,0.0,4.173,31.4,1752251511275
0.0,0.0,4.162,31.4,1752251511558
0.0,0.0,4.162,31.4,1752251511731
0.0,0.0,4.141,31.4,1752251512045
0.0,0.0,4.141,31.4,1752251512224
0.0,0.0,4.141,31.4,1752251512557
0.0,0.0,4.141,31.4,1752251512729
31.708110809326172,-97.18924713134766,4.141,31.4,1752251513000
0.0,0.0,4.131,31.4,1752251513565
0.0,0.0,4.121,31.4,1752251513702
0.0,0.0,4.121,31.4,1752251513934
0.0,0.0,4.1,31.4,1752251514068
0.0,0.0,4.11,31.4,1752251514331
0.0,0.0,4.1,31.4,1752251514496
0.0,0.0,4.1,31.4,1752251514804
0.0,0.0,4.1,31.4,1752251514975
0.0,0.0,4.1,31.4,1752251515295
0.0,0.0,4.089,31.4,1752251515489
0.0,0.0,4.089,31.4,1752251515800
0.0,0.0,4.079,31.4,1752251516523
0.0,0.0,4.079,31.4,1752251516751
0.0,0.0,4.058,31.4,1752251516879
31.708105087280273,-97.18924713134766,4.069,31.4,1752251517000
0.0,0.0,4.069,31.4,1752251517117
0.0,0.0,4.069,31.4,1752251517274
0.0,0.0,4.069,31.4,1752251517510
0.0,0.0,4.058,31.4,1752251517644
0.0,0.0,4.048,31.4,1752251517879
0.0,0.0,4.037,31.4,1752251518010
0.0,0.0,4.037,31.4,1752251518264
0.0,0.0,4.037,31.4,1752251518435
0.0,0.0,4.027,31.4,1752251518744
0.0,0.0,4.006,31.4,1752251519068
0.0,0.0,4.006,31.4,1752251519308
0.0,0.0,4.017,31.4,1752251519649
31.708097457885742,-97.18924713134766,4.017,31.4,1752251520000
0.0,0.0,4.006,31.4,1752251520446
0.0,0.0,3.996,31.4,1752251520577
0.0,0.0,3.985,31.4,1752251520803
0.0,0.0,3.996,31.4,1752251520938
0.0,0.0,3.996,31.4,1752251521157
0.0,0.0,3.985,31.4,1752251521305
0.0,0.0,3.985,31.4,1752251521583
0.0,0.0,3.975,31.4,1752251521763
0.0,0.0,3.975,31.4,1752251522072
0.0,0.0,3.965,31.4,1752251522259
0.0,0.0,3.965,31.4,1752251522575
0.0,0.0,3.965,31.4,1752251522746
0.0,0.0,3.954,31.4,1752251523420
0.0,0.0,3.944,31.4,1752251523553
0.0,0.0,3.944,31.4,1752251523773
0.0,0.0,3.933,31.4,1752251523900
31.70809555053711,-97.18925476074219,3.933,31.4,1752251524000
0.0,0.0,3.923,31.4,1752251524123
0.0,0.0,3.933,31.4,1752251524271
0.0,0.0,3.933,31.4,1752251524491
0.0,0.0,3.923,31.4,1752251524612
0.0,0.0,3.923,31.4,1752251524845
0.0,0.0,3.913,31.4,1752251524971
0.0,0.0,3.913,31.4,1752251525204
0.0,0.0,3.923,31.4,1752251525343
0.0,0.0,3.923,31.4,1752251525620
0.0,0.0,3.913,31.4,1752251525794
0.0,0.0,3.913,31.4,1752251526114
0.0,0.0,3.902,31.4,1752251526307
0.0,0.0,3.902,31.4,1752251526619
0.0,0.0,3.902,31.4,1752251526789
0.0,0.0,3.881,31.4,1752251527473
0.0,0.0,3.881,31.4,1752251527599
0.0,0.0,3.881,31.4,1752251527818
0.0,0.0,3.871,31.4,1752251527939
0.0,0.0,3.871,31.4,1752251528162
0.0,0.0,3.85,31.4,1752251528302
0.0,0.0,3.85,31.4,1752251528525
0.0,0.0,3.861,31.4,1752251528650
0.0,0.0,0.437,32.2,1752251547896
0.0,0.0,0.437,32.2,1752251549928
0.0,0.0,0.437,32.2,1752251552449
0.0,0.0,0.468,32.2,1752251552995
0.0,0.0,0.489,32.2,1752251553548
0.0,0.0,0.509,32.2,1752251554882
0.0,0.0,0.53,32.2,1752251555638
0.0,0.0,0.561,32.2,1752251557134
0.0,0.0,0.561,32.2,1752251559051
0.0,0.0,0.593,32.2,1752251561494
0.0,0.0,0.614,32.2,1752251562011
0.0,0.0,0.624,32.2,1752251562953
0.0,0.0,0.624,32.2,1752251564456
0.0,0.0,0.624,32.2,1752251566670
0.0,0.0,0.634,32.2,1752251568086
0.0,0.0,0.738,32.2,1752251568606
0.0,0.0,0.738,32.2,1752251569579
0.0,0.0,0.822,32.2,1752251570082
0.0,0.0,0.811,32.2,1752251570603
0.0,0.0,0.832,32.2,1752251571106
0.0,0.0,0.832,32.2,1752251571617
0.0,0.0,0.811,32.2,1752251572069
0.0,0.0,0.874,32.2,1752251573025
0.0,0.0,0.895,32.2,1752251573548
0.0,0.0,0.957,32.2,1752251574003
0.0,0.0,0.978,32.2,1752251574545
0.0,0.0,0.999,32.2,1752251575099
0.0,0.0,0.905,32.2,1752251575519
0.0,0.0,0.905,32.2,1752251576025
0.0,0.0,0.801,32.2,1752251576477
0.0,0.0,0.79,32.2,1752251576980
0.0,0.0,0.77,32.2,1752251577965
0.0,0.0,0.78,32.2,1752251578510
0.0,0.0,0.78,32.2,1752251578957
0.0,0.0,0.707,32.2,1752251579479
0.0,0.0,0.686,32.2,1752251579976
0.0,0.0,0.614,32.2,1752251580486
0.0,0.0,0.603,32.2,1752251580966
0.0,0.0,0.593,32.2,1752251581462
0.0,0.0,0.634,32.2,1752251582831
0.0,0.0,0.655,32.2,1752251584671
0.0,0.0,0.697,32.2,1752251585156
0.0,0.0,0.697,32.2,1752251585652
0.0,0.0,0.738,32.2,1752251586578
0.0,0.0,0.749,32.2,1752251587061
0.0,0.0,0.749,32.2,1752251587988
0.0,0.0,0.79,32.2,1752251588481
0.0,0.0,0.738,32.2,1752251588966
0.0,0.0,0.78,32.2,1752251589459
0.0,0.0,0.759,32.2,1752251589912
0.0,0.0,0.759,32.2,1752251590903
0.0,0.0,0.759,32.2,1752251591395
0.0,0.0,0.77,32.2,1752251591877
0.0,0.0,0.801,32.2,1752251592362
0.0,0.0,0.759,32.2,1752251592799
0.0,0.0,0.811,32.2,1752251593737
0.0,0.0,0.863,32.2,1752251594223
0.0,0.0,0.863,32.2,1752251594697
0.0,0.0,0.874,32.2,1752251595175
0.0,0.0,0.905,32.2,1752251596603
0.0,0.0,0.895,32.2,1752251597081
0.0,0.0,0.874,32.2,1752251597573
0.0,0.0,0.905,32.2,1752251598538
0.0,0.0,0.905,32.2,1752251599520
0.0,0.0,0.884,32.2,1752251600017
0.0,0.0,0.874,32.2,1752251600506
0.0,0.0,0.874,32.2,1752251600979
0.0,0.0,0.811,32.4,1752251601970
0.0,0.0,0.738,32.4,1752251602461
0.0,0.0,2.091,32.4,1752251616702
0.0,0.0,3.475,32.4,1752251620286
0.0,0.0,4.797,32.4,1752251621136
0.0,0.0,6.181,32.4,1752251622036
0.0,0.0,7.576,32.4,1752251623357
0.0,0.0,8.856,32.4,1752251624653
0.0,0.0,10.261,32.4,1752251625552
0.0,0.0,11.551,32.4,1752251626010
0.0,0.0,12.904,32.4,1752251627803
0.0,0.0,4.703,30.8,1752251647105
0.0,0.0,4.683,30.8,1752251647203
0.0,0.0,4.703,30.8,1752251647279
0.0,0.0,4.714,30.8,1752251647350
0.0,0.0,4.703,30.8,1752251647504
0.0,0.0,4.724,30.8,1752251647592
0.0,0.0,4.735,30.8,1752251647688
0.0,0.0,4.787,30.8,1752251647786
0.0,0.0,4.818,30.8,1752251647882
0.0,0.0,4.818,30.8,1752251647981
0.0,0.0,4.818,30.8,1752251648087
0.0,0.0,4.818,30.8,1752251648165
0.0,0.0,4.818,30.8,1752251648254
0.0,0.0,4.818,30.8,1752251648337
0.0,0.0,4.818,30.8,1752251648413
0.0,0.0,4.787,30.8,1752251648460
0.0,0.0,4.797,30.8,1752251648535
0.0,0.0,4.776,30.8,1752251648639
0.0,0.0,4.766,30.8,1752251648740
0.0,0.0,4.703,30.8,1752251648833
0.0,0.0,4.672,30.8,1752251648932
0.0,0.0,4.672,30.8,1752251648992
0.0,0.0,4.683,30.8,1752251649049
0.0,0.0,4.672,30.8,1752251649116
0.0,0.0,4.672,30.8,1752251649181
0.0,0.0,4.672,30.8,1752251649246
0.0,0.0,4.683,30.8,1752251649309
0.0,0.0,4.714,30.8,1752251649371
0.0,0.0,4.724,30.8,1752251649433
0.0,0.0,4.756,30.8,1752251649498
0.0,0.0,4.756,30.8,1752251649561
0.0,0.0,4.797,30.8,1752251649623
0.0,0.0,4.808,30.8,1752251649743
0.0,0.0,4.808,30.8,1752251649877
31.70814323425293,-97.1893081665039,4.808,30.8,1752251650000
0.0,0.0,4.797,30.8,1752251650281
0.0,0.0,4.808,30.8,1752251650334
0.0,0.0,4.839,30.8,1752251650386
0.0,0.0,4.828,30.8,1752251650489
0.0,0.0,4.818,30.8,1752251650567
0.0,0.0,4.787,30.8,1752251650735
0.0,0.0,4.787,30.8,1752251650811
0.0,0.0,4.766,30.8,1752251650975
0.0,0.0,4.776,30.8,1752251651049
0.0,0.0,4.787,30.8,1752251651215
0.0,0.0,4.797,30.8,1752251651299
0.0,0.0,4.828,30.8,1752251651459
0.0,0.0,4.828,30.8,1752251651535
0.0,0.0,4.808,30.8,1752251651696
0.0,0.0,4.787,30.8,1752251651921
31.708147048950195,-97.1893081665039,4.787,30.8,1752251652000
0.0,0.0,4.787,30.8,1752251652063
0.0,0.0,4.797,30.8,1752251652188
0.0,0.0,4.787,30.8,1752251652786
0.0,0.0,4.776,30.8,1752251652834
0.0,0.0,4.797,30.8,1752251652970
0.0,0.0,4.787,30.8,1752251653017
0.0,0.0,4.776,30.8,1752251653150
0.0,0.0,4.766,30.8,1752251653160
0.0,0.0,4.745,30.8,1752251653442
0.0,0.0,4.735,30.8,1752251653495
0.0,0.0,4.724,30.8,1752251653738
0.0,0.0,4.745,30.8,1752251653801
0.0,0.0,4.745,30.8,1752251653988
31.70815086364746,-97.1893081665039,4.745,30.8,1752251654000
0.0,0.0,4.745,30.8,1752251654094
0.0,0.0,4.766,30.8,1752251654333
0.0,0.0,4.756,30.8,1752251654826
0.0,0.0,4.735,30.8,1752251654992
0.0,0.0,4.745,30.8,1752251655042
0.0,0.0,4.735,30.8,1752251655211
0.0,0.0,4.724,30.8,1752251655295
0.0,0.0,4.724,30.8,1752251655459
0.0,0.0,4.724,30.8,1752251655532
0.0,0.0,4.714,30.8,1752251655711
0.0,0.0,4.724,30.8,1752251655822
31.70815086364746,-97.1893081665039,4.714,30.8,1752251656000
0.0,0.0,4.714,30.8,1752251656044
0.0,0.0,4.703,30.8,1752251656145
0.0,0.0,4.724,30.8,1752251656377
0.0,0.0,4.724,30.8,1752251656844
0.0,0.0,4.724,30.8,1752251657060
0.0,0.0,4.724,30.8,1752251657116
0.0,0.0,4.735,30.8,1752251657376
0.0,0.0,4.766,30.8,1752251657493
0.0,0.0,4.776,30.8,1752251657716
0.0,0.0,4.787,30.8,1752251657827
0.0,0.0,4.808,30.8,1752251658029
0.0,0.0,4.797,30.8,1752251658255
0.0,0.0,4.787,30.8,1752251658339
0.0,0.0,4.787,30.8,1752251658542
31.70815086364746,-97.1893081665039,4.766,30.8,1752251659000
0.0,0.0,4.766,30.8,1752251659014
0.0,0.0,4.776,30.8,1752251659176
0.0,0.0,4.787,30.8,1752251659262
0.0,0.0,4.797,30.8,1752251659425
0.0,0.0,4.787,30.8,1752251659502
0.0,0.0,4.776,30.8,1752251659665
0.0,0.0,4.766,30.8,1752251659736
0.0,0.0,4.766,30.8,1752251659920
0.0,0.0,4.766,30.8,1752251659998
0.0,0.0,4.766,30.8,1752251660158
0.0,0.0,4.766,30.8,1752251660241
0.0,0.0,4.776,30.8,1752251660402
0.0,0.0,4.776,30.8,1752251660472
0.0,0.0,4.776,30.8,1752251660632
0.0,0.0,4.787,30.8,1752251660703
0.0,0.0,4.776,30.8,1752251660880
0.0,0.0,4.776,30.8,1752251660985
31.708154678344727,-97.1893081665039,4.776,30.8,1752251661000
0.0,0.0,4.787,30.8,1752251661220
0.0,0.0,4.787,30.8,1752251661346
0.0,0.0,4.776,30.8,1752251661909
0.0,0.0,4.766,30.8,1752251661981
0.0,0.0,4.776,30.8,1752251662144
0.0,0.0,4.766,30.8,1752251662230
0.0,0.0,4.766,30.8,1752251662390
0.0,0.0,4.787,30.8,1752251662462
0.0,0.0,4.787,30.8,1752251662640
0.0,0.0,4.766,30.8,1752251662737
0.0,0.0,4.745,30.8,1752251662962
31.708152770996094,-97.1893081665039,4.745,30.8,1752251663000
0.0,0.0,4.745,30.8,1752251663066
0.0,0.0,4.724,30.8,1752251663312
0.0,0.0,4.724,30.8,1752251663410
0.0,0.0,4.735,30.8,1752251663975
0.0,0.0,4.735,30.8,1752251664053
0.0,0.0,4.724,30.8,1752251664216
0.0,0.0,4.735,30.8,1752251664301
0.0,0.0,4.714,30.8,1752251664459
0.0,0.0,4.703,30.8,1752251664531
0.0,0.0,4.693,30.8,1752251664744
0.0,0.0,4.703,30.8,1752251664846
0.0,0.0,4.714,30.8,1752251665065
0.0,0.0,4.735,30.8,1752251665174
0.0,0.0,4.766,30.8,1752251665398
0.0,0.0,4.766,30.8,1752251665869
31.708152770996094,-97.1893081665039,4.756,30.8,1752251666000
0.0,0.0,4.756,30.8,1752251666030
0.0,0.0,4.756,30.8,1752251666103
0.0,0.0,4.766,30.8,1752251666277
0.0,0.0,4.766,30.8,1752251666351
0.0,0.0,4.787,30.8,1752251666516
0.0,0.0,4.797,30.8,1752251666590
0.0,0.0,4.808,30.8,1752251666750
0.0,0.0,4.787,30.8,1752251666823
0.0,0.0,4.776,30.8,1752251666982
0.0,0.0,4.745,30.8,1752251667055
0.0,0.0,4.703,30.8,1752251667218
0.0,0.0,4.703,30.8,1752251667302
0.0,0.0,4.703,30.8,1752251667460
0.0,0.0,4.703,30.8,1752251667530
0.0,0.0,4.683,30.8,1752251667734
0.0,0.0,4.672,30.8,1752251667846
31.70815086364746,-97.1893081665039,4.651,30.8,1752251668000
0.0,0.0,4.651,30.8,1752251668085
0.0,0.0,4.631,30.8,1752251668153
0.0,0.0,4.631,30.8,1752251668405
0.0,0.0,4.631,30.8,1752251668525
0.0,0.0,4.62,30.8,1752251668990
0.0,0.0,4.62,30.8,1752251669061
0.0,0.0,4.631,30.8,1752251669224
0.0,0.0,4.631,30.8,1752251669307
0.0,0.0,4.631,30.8,1752251669466
0.0,0.0,4.631,30.8,1752251669573
0.0,0.0,4.641,30.8,1752251669800
0.0,0.0,4.641,30.8,1752251669896
31.70815086364746,-97.1893081665039,4.641,30.8,1752251670000
0.0,0.0,4.631,30.8,1752251670123
0.0,0.0,4.641,30.8,1752251670249
0.0,0.0,4.641,30.8,1752251670489
0.0,0.0,4.631,30.8,1752251670943
0.0,0.0,4.62,30.8,1752251671106
0.0,0.0,4.62,30.8,1752251671181
0.0,0.0,4.61,30.8,1752251671351
0.0,0.0,4.62,30.8,1752251671422
0.0,0.0,4.61,30.8,1752251671646
0.0,0.0,4.599,30.8,1752251671752
0.0,0.0,4.599,30.8,1752251671977
0.0,0.0,4.599,30.8,1752251672080
0.0,0.0,4.599,30.8,1752251672336
0.0,0.0,4.599,30.8,1752251672433
31.70815086364746,-97.1893081665039,4.589,30.8,1752251673000
0.0,0.0,4.589,30.8,1752251673003
0.0,0.0,4.589,30.8,1752251673075
0.0,0.0,4.589,30.8,1752251673244
0.0,0.0,4.579,30.8,1752251673323
0.0,0.0,4.589,30.8,1752251673487
0.0,0.0,4.589,30.8,1752251673558
0.0,0.0,4.589,31.0,1752251673737
0.0,0.0,4.589,31.0,1752251673815
0.0,0.0,4.589,31.0,1752251673976
0.0,0.0,4.579,31.0,1752251674047
0.0,0.0,4.579,31.0,1752251674208
0.0,0.0,4.558,31.0,1752251674264
0.0,0.0,4.558,31.0,1752251674425
0.0,0.0,4.558,31.0,1752251674520
0.0,0.0,4.558,31.0,1752251674749
0.0,0.0,4.558,31.0,1752251674852
31.708147048950195,-97.1893081665039,4.537,31.0,1752251675000
0.0,0.0,4.537,31.0,1752251675077
0.0,0.0,4.537,31.0,1752251675186
0.0,0.0,4.537,31.0,1752251675431
0.0,0.0,4.527,31.0,1752251675912
0.0,0.0,4.527,31.0,1752251676071
0.0,0.0,4.527,31.0,1752251676143
0.0,0.0,4.527,31.0,1752251676316
0.0,0.0,4.516,31.0,1752251676323
0.0,0.0,4.516,31.0,1752251676552
0.0,0.0,4.516,31.0,1752251676656
0.0,0.0,4.516,31.0,1752251676885
0.0,0.0,4.516,31.0,1752251676989
0.0,0.0,4.506,31.0,1752251677222
0.0,0.0,4.516,31.0,1752251677350
0.0,0.0,4.516,31.0,1752251677950
31.70814323425293,-97.1893081665039,4.506,31.0,1752251678000
0.0,0.0,4.506,31.0,1752251678023
0.0,0.0,4.506,31.0,1752251678180
0.0,0.0,4.506,31.0,1752251678273
0.0,0.0,4.506,31.0,1752251678431
0.0,0.0,4.495,31.0,1752251678501
0.0,0.0,4.506,31.0,1752251678659
0.0,0.0,4.506,31.0,1752251678729
0.0,0.0,4.495,31.0,1752251678887
0.0,0.0,4.495,31.0,1752251678959
31.708139419555664,-97.1893081665039,4.495,31.0,1752251679000
0.0,0.0,4.495,31.0,1752251679160
0.0,0.0,4.485,31.0,1752251679231
0.0,0.0,4.475,31.0,1752251679392
0.0,0.0,4.475,31.0,1752251679496
0.0,0.0,4.464,31.0,1752251679734
0.0,0.0,4.464,31.0,1752251679845
0.0,0.0,4.454,31.0,1752251680071
0.0,0.0,4.454,31.0,1752251680192
0.0,0.0,4.443,31.0,1752251680407
0.0,0.0,4.443,31.0,1752251680476
0.0,0.0,4.443,31.0,1752251681274
0.0,0.0,4.433,31.0,1752251681397
0.0,0.0,4.433,31.0,1752251681623
0.0,0.0,4.433,31.0,1752251681731
0.0,0.0,4.433,31.0,1752251681974
31.70813751220703,-97.18931579589844,4.433,31.0,1752251682000
0.0,0.0,4.422,31.0,1752251682369
0.0,0.0,4.443,31.0,1752251682526
0.0,0.0,4.433,31.0,1752251682598
0.0,0.0,4.433,31.0,1752251682762
0.0,0.0,4.422,31.0,1752251682833
0.0,0.0,4.422,31.0,1752251682991
0.0,0.0,4.412,31.0,1752251683063
0.0,0.0,4.412,31.0,1752251683225
0.0,0.0,4.412,31.0,1752251683308
0.0,0.0,4.412,31.0,1752251683527
0.0,0.0,4.402,31.0,1752251683634
0.0,0.0,4.402,31.0,1752251683861
0.0,0.0,4.402,31.0,1752251683969
31.7081298828125,-97.18931579589844,4.402,31.0,1752251684000
0.0,0.0,4.37,31.0,1752251684203
0.0,0.0,4.37,31.0,1752251684330
0.0,0.0,4.37,31.0,1752251684551
0.0,0.0,4.36,31.0,1752251685115
0.0,0.0,4.36,31.0,1752251685174
0.0,0.0,4.37,31.0,1752251685342
0.0,0.0,4.35,31.0,1752251685436
0.0,0.0,4.35,31.0,1752251685679
0.0,0.0,4.35,31.0,1752251685783
0.0,0.0,4.339,31.0,1752251686009
0.0,0.0,4.339,31.0,1752251686114
0.0,0.0,4.339,31.0,1752251686374
0.0,0.0,4.329,31.0,1752251686476
31.7081241607666,-97.18931579589844,4.339,31.0,1752251687000
0.0,0.0,4.339,31.0,1752251687050
0.0,0.0,4.339,31.0,1752251687122
0.0,0.0,4.318,31.0,1752251687296
0.0,0.0,4.318,31.0,1752251687373
0.0,0.0,4.318,31.0,1752251687532
0.0,0.0,4.308,31.0,1752251687603
0.0,0.0,4.308,31.0,1752251687762
0.0,0.0,4.298,31.0,1752251687834
0.0,0.0,4.298,31.0,1752251687993
0.0,0.0,4.287,31.0,1752251688066
0.0,0.0,4.287,31.0,1752251688229
0.0,0.0,4.287,31.0,1752251688313
0.0,0.0,4.277,31.0,1752251688532
0.0,0.0,4.277,31.0,1752251688641
0.0,0.0,4.277,31.0,1752251688866
0.0,0.0,4.266,31.0,1752251688970
31.708120346069336,-97.18931579589844,4.266,31.0,1752251689000
0.0,0.0,4.266,31.0,1752251689200
0.0,0.0,4.266,31.0,1752251689326
0.0,0.0,4.256,31.0,1752251689558
0.0,0.0,4.256,31.0,1752251690021
0.0,0.0,4.256,31.0,1752251690181
0.0,0.0,4.235,31.0,1752251690269
0.0,0.0,4.235,31.0,1752251690484
0.0,0.0,4.235,31.0,1752251690595
0.0,0.0,4.225,31.0,1752251690844
0.0,0.0,4.214,31.0,1752251690959
0.0,0.0,4.214,31.0,1752251691208
0.0,0.0,4.214,31.0,1752251691342
0.0,0.0,4.204,31.0,1752251691565
31.708114624023438,-97.18931579589844,4.194,31.0,1752251692000
0.0,0.0,4.194,31.0,1752251692042
0.0,0.0,4.194,31.0,1752251692201
0.0,0.0,4.194,31.0,1752251692288
0.0,0.0,4.183,31.0,1752251692451
0.0,0.0,4.173,31.0,1752251692523
0.0,0.0,4.173,31.0,1752251692680
0.0,0.0,4.183,31.0,1752251692751
0.0,0.0,4.183,31.0,1752251692912
0.0,0.0,4.183,31.0,1752251692983
0.0,0.0,4.173,31.0,1752251693142
0.0,0.0,4.162,31.0,1752251693227
0.0,0.0,4.162,31.0,1752251693386
0.0,0.0,4.162,31.0,1752251693488
0.0,0.0,4.152,31.0,1752251693729
0.0,0.0,4.141,31.0,1752251693835
31.708112716674805,-97.18931579589844,4.131,31.0,1752251694000
0.0,0.0,4.131,31.0,1752251694060
0.0,0.0,4.131,31.0,1752251694170
0.0,0.0,4.11,31.0,1752251694429
0.0,0.0,4.11,31.0,1752251694531
0.0,0.0,4.089,31.0,1752251695107
0.0,0.0,4.079,31.0,1752251695183
0.0,0.0,4.079,31.0,1752251695353
0.0,0.0,4.069,31.0,1752251695442
0.0,0.0,4.069,31.0,1752251695745
0.0,0.0,4.058,31.0,1752251695831
31.708110809326172,-97.18932342529297,4.048,31.0,1752251696000
0.0,0.0,4.048,31.0,1752251696056
0.0,0.0,4.048,31.0,1752251696159
0.0,0.0,4.037,31.0,1752251696418
0.0,0.0,4.048,31.0,1752251696527
0.0,0.0,4.037,31.0,1752251697138
0.0,0.0,4.037,31.0,1752251697211
0.0,0.0,4.027,31.0,1752251697370
0.0,0.0,4.027,31.0,1752251697461
0.0,0.0,4.017,31.0,1752251697692
0.0,0.0,4.006,31.0,1752251697796
0.0,0.0,4.017,31.0,1752251698024
0.0,0.0,4.006,31.0,1752251698130
0.0,0.0,3.985,31.0,1752251698382
0.0,0.0,3.985,31.0,1752251698485
31.708106994628906,-97.18932342529297,3.985,31.0,1752251699000
0.0,0.0,3.985,31.0,1752251699053
0.0,0.0,3.965,31.0,1752251699061
0.0,0.0,3.965,31.0,1752251699192
0.0,0.0,3.954,31.0,1752251699283
0.0,0.0,3.954,31.0,1752251699442
0.0,0.0,3.944,31.0,1752251699512
0.0,0.0,3.954,31.0,1752251699667
0.0,0.0,3.944,31.0,1752251699740
0.0,0.0,3.944,31.0,1752251699897
0.0,0.0,3.923,31.0,1752251699969
0.0,0.0,3.933,31.0,1752251700124
0.0,0.0,3.933,31.0,1752251700210
0.0,0.0,3.933,31.0,1752251700365
0.0,0.0,3.913,31.0,1752251700466
0.0,0.0,3.902,31.0,1752251700703
0.0,0.0,3.902,31.0,1752251700813
31.70810317993164,-97.18932342529297,3.902,31.0,1752251701000
0.0,0.0,3.902,31.0,1752251701032
0.0,0.0,3.892,31.0,1752251701152
0.0,0.0,3.892,31.0,1752251701394
0.0,0.0,3.892,31.0,1752251701502
0.0,0.0,3.881,31.0,1752251702076
0.0,0.0,3.871,31.0,1752251702149
0.0,0.0,3.861,31.0,1752251702317
0.0,0.0,3.85,31.0,1752251702416
0.0,0.0,3.85,31.0,1752251702644
0.0,0.0,3.85,31.0,1752251702766
0.0,0.0,3.85,31.0,1752251702997
31.708099365234375,-97.18932342529297,3.85,31.0,1752251703000
0.0,0.0,3.85,31.0,1752251703102
0.0,0.0,3.84,31.0,1752251703344
0.0,0.0,3.84,31.0,1752251703450
0.0,0.0,3.84,31.0,1752251703667
0.0,0.0,3.84,31.0,1752251704024
0.0,0.0,3.829,31.0,1752251704175
0.0,0.0,3.829,31.0,1752251704264
0.0,0.0,3.819,31.0,1752251704468
0.0,0.0,3.819,31.0,1752251704572
0.0,0.0,3.808,31.0,1752251704797
0.0,0.0,3.808,31.0,1752251704900
0.0,0.0,3.808,31.0,1752251705117
0.0,0.0,3.798,31.0,1752251705244
0.0,0.0,3.808,31.0,1752251705456
0.0,0.0,3.808,31.0,1752251705947
0.0,0.0,3.798,31.0,1752251706098
0.0,0.0,3.798,31.0,1752251706173
31.707992553710938,-97.1893310546875,1.259,31.6,1752251725000
0.0,0.0,1.259,31.6,1752251725171
0.0,0.0,1.238,31.6,1752251725323
0.0,0.0,1.238,31.6,1752251725636
0.0,0.0,1.228,31.6,1752251725828
0.0,0.0,1.228,31.6,1752251726026
0.0,0.0,1.207,31.6,1752251726203
0.0,0.0,1.207,31.6,1752251726440
0.0,0.0,1.196,31.6,1752251726618
0.0,0.0,1.196,31.6,1752251726877
0.0,0.0,1.175,31.6,1752251727050
0.0,0.0,1.175,31.6,1752251727327
0.0,0.0,1.175,31.6,1752251727499
0.0,0.0,1.165,31.6,1752251727755
0.0,0.0,1.175,31.6,1752251728548
0.0,0.0,1.186,31.6,1752251728740
0.0,0.0,1.196,31.6,1752251728863
31.707992553710938,-97.1893310546875,1.196,31.6,1752251729000
0.0,0.0,1.196,31.6,1752251729051
0.0,0.0,1.228,31.6,1752251729184
0.0,0.0,1.238,31.6,1752251729392
0.0,0.0,1.248,31.6,1752251729528
0.0,0.0,1.248,31.6,1752251729715
0.0,0.0,1.248,31.6,1752251729837
0.0,0.0,1.248,31.6,1752251730017
0.0,0.0,1.238,31.6,1752251730140
0.0,0.0,1.248,31.6,1752251730379
0.0,0.0,1.228,31.6,1752251730558
0.0,0.0,1.217,31.6,1752251730808
0.0,0.0,1.186,31.6,1752251730982
0.0,0.0,1.186,31.6,1752251731255
0.0,0.0,1.155,31.6,1752251731447
0.0,0.0,1.165,31.6,1752251731705
0.0,0.0,1.144,31.6,1752251732198
0.0,0.0,1.144,31.6,1752251732385
0.0,0.0,1.144,31.6,1752251732505
0.0,0.0,1.144,31.6,1752251732687
0.0,0.0,1.155,31.6,1752251732811
0.0,0.0,1.175,31.6,1752251732996
0.0,0.0,1.196,31.6,1752251733119
0.0,0.0,1.196,31.6,1752251733318
0.0,0.0,1.207,31.6,1752251733444
0.0,0.0,1.228,31.6,1752251733630
0.0,0.0,1.228,31.6,1752251733758
0.0,0.0,1.217,31.6,1752251733940
31.707992553710938,-97.1893310546875,1.217,31.6,1752251734000
0.0,0.0,1.228,31.6,1752251734069
0.0,0.0,1.228,31.6,1752251734280
0.0,0.0,1.238,31.6,1752251734293
0.0,0.0,1.238,31.6,1752251734478
0.0,0.0,1.207,31.6,1752251734699
0.0,0.0,1.196,31.6,1752251734898
0.0,0.0,1.186,31.6,1752251735031
0.0,0.0,1.165,31.6,1752251735241
0.0,0.0,1.155,31.6,1752251735428
0.0,0.0,1.134,31.6,1752251735688
0.0,0.0,1.134,31.6,1752251736019
0.0,0.0,1.144,31.6,1752251736316
0.0,0.0,1.144,31.6,1752251736489
0.0,0.0,1.123,31.6,1752251736811
31.707992553710938,-97.1893310546875,1.123,31.6,1752251737000
0.0,0.0,1.123,31.6,1752251737194
0.0,0.0,1.123,31.6,1752251737394
0.0,0.0,1.134,31.6,1752251737466
0.0,0.0,1.155,31.6,1752251737665
0.0,0.0,1.165,31.6,1752251737789
0.0,0.0,1.155,31.6,1752251737932
0.0,0.0,1.134,31.6,1752251738057
0.0,0.0,1.144,31.6,1752251738217
0.0,0.0,1.155,31.6,1752251738372
0.0,0.0,1.155,31.6,1752251738666
0.0,0.0,1.144,31.6,1752251738838
0.0,0.0,1.155,31.6,1752251739125
0.0,0.0,1.144,31.6,1752251739329
0.0,0.0,1.123,31.6,1752251739630
0.0,0.0,1.123,31.6,1752251739801
0.0,0.0,1.123,31.6,1752251739888
31.707990646362305,-97.1893310546875,1.123,31.6,1752251740000
0.0,0.0,1.123,31.6,1752251740259
0.0,0.0,1.113,31.6,1752251740409
0.0,0.0,1.113,31.6,1752251740536
0.0,0.0,1.103,31.6,1752251740734
0.0,0.0,1.092,31.6,1752251740859
0.0,0.0,1.082,31.6,1752251741072
0.0,0.0,1.092,31.6,1752251741213
0.0,0.0,1.082,31.6,1752251741389
0.0,0.0,1.092,31.6,1752251741569
0.0,0.0,1.092,31.6,1752251741850
0.0,0.0,1.082,31.6,1752251742020
0.0,0.0,1.092,31.6,1752251742328
0.0,0.0,1.103,31.6,1752251742501
0.0,0.0,1.103,31.6,1752251742758
0.0,0.0,1.092,31.6,1752251742841
0.0,0.0,1.092,31.6,1752251743346
0.0,0.0,1.123,31.6,1752251743408
0.0,0.0,1.113,31.6,1752251743607
0.0,0.0,1.082,31.6,1752251743681
0.0,0.0,1.082,31.6,1752251743877
0.0,0.0,1.061,31.6,1752251744001
0.0,0.0,1.071,31.6,1752251744205
0.0,0.0,1.071,31.6,1752251744350
0.0,0.0,1.061,31.6,1752251744542
0.0,0.0,1.061,31.6,1752251744670
0.0,0.0,1.061,31.6,1752251744863
0.0,0.0,1.071,31.6,1752251744977
31.707990646362305,-97.1893310546875,1.071,31.6,1752251745000
0.0,0.0,1.071,31.6,1752251745174
0.0,0.0,1.04,31.6,1752251745311
0.0,0.0,1.03,31.6,1752251745508
0.0,0.0,1.051,31.6,1752251745633
0.0,0.0,1.061,31.6,1752251745837
0.0,0.0,1.071,31.6,1752251745959
0.0,0.0,1.061,31.6,1752251746158
0.0,0.0,1.061,31.6,1752251746302
0.0,0.0,1.071,31.6,1752251746532
0.0,0.0,1.082,31.6,1752251746712
0.0,0.0,1.082,31.6,1752251746981
0.0,0.0,1.051,31.6,1752251747156
0.0,0.0,1.04,31.6,1752251747453
0.0,0.0,1.061,31.6,1752251747628
31.707988739013672,-97.1893310546875,1.061,31.6,1752251748000
0.0,0.0,1.061,31.6,1752251748283
0.0,0.0,1.082,31.6,1752251748416
0.0,0.0,1.061,31.6,1752251748621
0.0,0.0,1.061,31.6,1752251748740
0.0,0.0,1.092,31.6,1752251748936
0.0,0.0,1.082,31.6,1752251749055
0.0,0.0,1.082,31.6,1752251749257
0.0,0.0,1.071,31.6,1752251749408
0.0,0.0,1.061,31.6,1752251749686
0.0,0.0,1.082,31.6,1752251749866
0.0,0.0,1.082,31.6,1752251750154
0.0,0.0,1.082,31.6,1752251750365
0.0,0.0,1.082,31.6,1752251750646
31.707988739013672,-97.1893310546875,1.071,31.6,1752251751000
0.0,0.0,1.071,31.6,1752251751195
0.0,0.0,1.071,31.6,1752251751399
0.0,0.0,1.071,31.6,1752251751522
0.0,0.0,1.051,31.6,1752251751720
0.0,0.0,1.061,31.6,1752251751838
0.0,0.0,1.061,31.6,1752251752041
0.0,0.0,1.061,31.6,1752251752169
0.0,0.0,1.061,31.6,1752251752419
0.0,0.0,1.061,31.6,1752251752592
0.0,0.0,1.071,31.6,1752251752866
0.0,0.0,1.061,31.6,1752251753043
0.0,0.0,1.061,31.6,1752251753350
0.0,0.0,1.061,31.6,1752251753527
0.0,0.0,1.061,31.6,1752251754147
0.0,0.0,1.051,31.6,1752251754284
0.0,0.0,1.061,31.6,1752251754481
0.0,0.0,1.061,31.6,1752251754604
0.0,0.0,1.071,31.6,1752251754797
0.0,0.0,1.061,31.6,1752251754915
31.707988739013672,-97.1893310546875,1.061,31.6,1752251755000
0.0,0.0,1.061,31.6,1752251755117
0.0,0.0,1.071,31.6,1752251755264
0.0,0.0,1.061,31.6,1752251755459
0.0,0.0,1.082,31.6,1752251755585
0.0,0.0,1.071,31.6,1752251755783
0.0,0.0,1.071,31.6,1752251755904
0.0,0.0,1.082,31.6,1752251756103
0.0,0.0,1.082,31.6,1752251756250
0.0,0.0,1.103,31.6,1752251756483
0.0,0.0,1.103,31.6,1752251756655
0.0,0.0,1.092,31.6,1752251756933
0.0,0.0,1.092,31.6,1752251757105
0.0,0.0,1.103,31.6,1752251757397
0.0,0.0,1.092,31.6,1752251757571
31.707988739013672,-97.1893310546875,1.092,31.6,1752251758000
0.0,0.0,1.092,31.6,1752251758222
0.0,0.0,1.082,31.6,1752251758350
0.0,0.0,1.061,31.6,1752251758543
0.0,0.0,1.061,31.6,1752251758666
0.0,0.0,1.061,31.6,1752251758862
0.0,0.0,1.051,31.6,1752251758986
0.0,0.0,1.04,31.6,1752251759183
0.0,0.0,1.03,31.6,1752251759321
0.0,0.0,1.03,31.6,1752251759552
0.0,0.0,1.019,31.6,1752251759729
31.707988739013672,-97.1893310546875,1.009,31.6,1752251760000
0.0,0.0,1.009,31.6,1752251760010
0.0,0.0,1.019,31.6,1752251760198
0.0,0.0,1.03,31.6,1752251760498
0.0,0.0,1.03,31.6,1752251760683
0.0,0.0,1.051,31.6,1752251760876
0.0,0.0,1.04,31.6,1752251761386
0.0,0.0,1.04,31.6,1752251761536
0.0,0.0,1.051,31.6,1752251761691
0.0,0.0,1.051,31.6,1752251761984
0.0,0.0,1.071,31.6,1752251762173
0.0,0.0,1.061,31.6,1752251762475
0.0,0.0,1.061,31.6,1752251762663
0.0,0.0,1.061,31.6,1752251762961
0.0,0.0,1.051,31.6,1752251763070
31.707988739013672,-97.1893310546875,1.03,31.6,1752251764000
31.70798683166504,-97.1893310546875,1.03,31.6,1752251764000
31.70798683166504,-97.1893310546875,1.03,31.6,1752251764000
31.70798683166504,-97.1893310546875,1.03,31.6,1752251764000
31.70798683166504,-97.1893310546875,1.03,31.6,1752251764000
31.70798683166504,-97.1893310546875,1.03,31.6,1752251764000
31.70798683166504,-97.1893310546875,1.03,31.6,1752251764000
31.70798683166504,-97.1893310546875,1.03,31.6,1752251764000
0.0,0.0,1.03,31.6,1752251764518
0.0,0.0,1.03,31.6,1752251764524
0.0,0.0,1.009,31.6,1752251764526
0.0,0.0,1.009,31.6,1752251764534
0.0,0.0,0.999,31.6,1752251764536
0.0,0.0,1.009,31.6,1752251764550
0.0,0.0,1.009,31.6,1752251764552
0.0,0.0,1.009,31.6,1752251764558
0.0,0.0,1.009,31.6,1752251764562
0.0,0.0,1.009,31.6,1752251764563
0.0,0.0,1.019,31.6,1752251764569
0.0,0.0,1.03,31.6,1752251764575
0.0,0.0,1.03,31.6,1752251764578
0.0,0.0,1.051,31.6,1752251764582
0.0,0.0,1.061,31.6,1752251764586
0.0,0.0,1.071,31.6,1752251764591
0.0,0.0,1.082,31.6,1752251764595
0.0,0.0,1.082,31.6,1752251764599
0.0,0.0,1.071,31.6,1752251764602
0.0,0.0,1.071,31.6,1752251764606
0.0,0.0,1.061,31.6,1752251764619
0.0,0.0,1.051,31.6,1752251764623
0.0,0.0,1.04,31.6,1752251764625
0.0,0.0,1.04,31.6,1752251764632
0.0,0.0,1.04,31.6,1752251764636
0.0,0.0,1.04,31.6,1752251764638
0.0,0.0,1.03,31.6,1752251764643
0.0,0.0,1.019,31.6,1752251764647
0.0,0.0,1.03,31.6,1752251764652
0.0,0.0,1.019,31.6,1752251764654
0.0,0.0,1.04,31.6,1752251764660
0.0,0.0,1.051,31.6,1752251764663
0.0,0.0,1.051,31.6,1752251764665
0.0,0.0,1.051,31.6,1752251764673
0.0,0.0,1.061,31.6,1752251764681
0.0,0.0,1.061,31.6,1752251764687
0.0,0.0,1.061,31.6,1752251764693
0.0,0.0,1.051,31.6,1752251764695
0.0,0.0,1.04,31.6,1752251764700
0.0,0.0,1.04,31.6,1752251764704
0.0,0.0,1.03,31.6,1752251764706
0.0,0.0,1.04,31.6,1752251764711
0.0,0.0,1.04,31.6,1752251764715
0.0,0.0,1.03,31.6,1752251764717
0.0,0.0,1.03,31.6,1752251764722
0.0,0.0,1.03,31.6,1752251764726
0.0,0.0,1.019,31.6,1752251764728
0.0,0.0,1.019,31.6,1752251764733
0.0,0.0,1.019,31.6,1752251764744
0.0,0.0,1.03,31.6,1752251764746
0.0,0.0,1.051,31.6,1752251764753
0.0,0.0,1.061,31.6,1752251764755
0.0,0.0,1.071,31.6,1752251764760
0.0,0.0,1.082,31.6,1752251764764
0.0,0.0,1.103,31.6,1752251764766
0.0,0.0,1.134,31.6,1752251764771
0.0,0.0,1.134,31.6,1752251764775
0.0,0.0,1.144,31.6,1752251764777
0.0,0.0,1.144,31.6,1752251764782
0.0,0.0,1.165,31.6,1752251764784
0.0,0.0,1.165,31.6,1752251764790
0.0,0.0,1.155,31.6,1752251764793
0.0,0.0,1.144,31.6,1752251764797
0.0,0.0,1.155,31.6,1752251764809
0.0,0.0,1.155,31.6,1752251764813
0.0,0.0,1.134,31.6,1752251764815
0.0,0.0,1.123,31.6,1752251764820
0.0,0.0,1.103,31.6,1752251764824
0.0,0.0,1.103,31.6,1752251764826
0.0,0.0,1.092,31.6,1752251764831
0.0,0.0,1.082,31.6,1752251764835
0.0,0.0,1.082,31.6,1752251764836
0.0,0.0,1.071,31.6,1752251764842
0.0,0.0,1.082,31.6,1752251764844
0.0,0.0,1.092,31.6,1752251764849
0.0,0.0,1.071,31.6,1752251764853
0.0,0.0,1.071,31.6,1752251764855
0.0,0.0,1.071,31.6,1752251764867
0.0,0.0,1.092,31.6,1752251764871
0.0,0.0,1.103,31.6,1752251764876
0.0,0.0,1.103,31.6,1752251764880
0.0,0.0,1.113,31.6,1752251764882
0.0,0.0,1.123,31.6,1752251764887
0.0,0.0,1.123,31.6,1752251764893
0.0,0.0,1.134,31.6,1752251764896
0.0,0.0,1.134,31.6,1752251764900
0.0,0.0,1.123,31.6,1752251764904
0.0,0.0,1.134,31.6,1752251764909
0.0,0.0,1.123,31.6,1752251764913
0.0,0.0,1.123,31.6,1752251764914
0.0,0.0,1.123,31.6,1752251764920
0.0,0.0,1.113,31.6,1752251764932
0.0,0.0,1.113,31.6,1752251764934
0.0,0.0,1.092,31.6,1752251764940
0.0,0.0,1.071,31.6,1752251764944
0.0,0.0,1.051,31.6,1752251764948
0.0,0.0,1.04,31.6,1752251764954
0.0,0.0,1.04,31.6,1752251764955
0.0,0.0,1.04,31.6,1752251764961
0.0,0.0,1.04,31.6,1752251764965
0.0,0.0,1.051,31.6,1752251764968
0.0,0.0,1.071,31.6,1752251764974
0.0,0.0,1.061,31.6,1752251764977
0.0,0.0,1.071,31.6,1752251764979
0.0,0.0,1.071,31.6,1752251764985
0.0,0.0,1.071,31.6,1752251764995
0.0,0.0,1.071,31.6,1752251764999
31.70798683166504,-97.1893310546875,1.071,31.6,1752251765000
31.70798683166504,-97.1893310546875,1.071,31.6,1752251765000
31.70798683166504,-97.1893310546875,1.071,31.6,1752251765000
31.70798683166504,-97.1893310546875,1.071,31.6,1752251765000
31.707983016967773,-97.18933868408203,1.071,31.6,1752251765000
31.707979202270508,-97.1893310546875,1.071,31.6,1752251765000
31.70797348022461,-97.1893310546875,1.071,31.6,1752251765000
31.707969665527344,-97.1893310546875,1.071,31.6,1752251765000
31.707962036132812,-97.1893310546875,1.071,31.6,1752251765000
31.70795440673828,-97.1893310546875,1.071,31.6,1752251765000
31.707948684692383,-97.1893310546875,1.071,31.6,1752251765000
31.707942962646484,-97.1893310546875,1.071,31.6,1752251765000
31.707937240600586,-97.1893310546875,1.071,31.6,1752251765000
31.707927703857422,-97.1893310546875,1.071,31.6,1752251765000
31.707921981811523,-97.1893310546875,1.071,31.6,1752251765000
31.707914352416992,-97.1893310546875,1.071,31.6,1752251765000
31.707904815673828,-97.18932342529297,1.071,31.6,1752251765000
31.707904815673828,-97.18932342529297,1.071,31.6,1752251765000
0.0,0.0,1.082,31.6,1752251765001
0.0,0.0,1.071,31.6,1752251765007
0.0,0.0,1.082,31.6,1752251765016
0.0,0.0,1.082,31.6,1752251765020
0.0,0.0,1.071,31.6,1752251765024
0.0,0.0,1.061,31.6,1752251765032
0.0,0.0,1.051,31.6,1752251765040
0.0,0.0,1.04,31.6,1752251765049
0.0,0.0,1.04,31.6,1752251765054
0.0,0.0,1.051,31.6,1752251765056
0.0,0.0,1.04,31.6,1752251765061
0.0,0.0,1.04,31.6,1752251765065
0.0,0.0,1.03,31.6,1752251765068
0.0,0.0,1.04,31.6,1752251765080
0.0,0.0,1.051,31.6,1752251765084
0.0,0.0,1.051,31.6,1752251765088
0.0,0.0,1.061,31.6,1752251765092
0.0,0.0,1.071,31.6,1752251765095
0.0,0.0,1.071,31.6,1752251765100
0.0,0.0,1.071,31.6,1752251765100
0.0,0.0,1.071,31.6,1752251765109
0.0,0.0,1.051,31.6,1752251765110
0.0,0.0,1.061,31.6,1752251765115
0.0,0.0,1.061,31.6,1752251765119
0.0,0.0,1.071,31.6,1752251765120
0.0,0.0,1.061,31.6,1752251765126
0.0,0.0,1.051,31.6,1752251765131
0.0,0.0,1.04,31.6,1752251765135
0.0,0.0,1.04,31.6,1752251765147
0.0,0.0,1.04,31.6,1752251765149
0.0,0.0,1.04,31.6,1752251765160
0.0,0.0,1.051,31.6,1752251765171
0.0,0.0,1.051,31.6,1752251765173
0.0,0.0,1.071,31.6,1752251765178
0.0,0.0,1.071,31.6,1752251765182
0.0,0.0,1.082,31.6,1752251765184
0.0,0.0,1.082,31.6,1752251765191
0.0,0.0,1.092,31.6,1752251765192
0.0,0.0,1.103,31.6,1752251765198
0.0,0.0,1.134,31.6,1752251765201
0.0,0.0,1.144,31.6,1752251765211
0.0,0.0,1.123,31.6,1752251765217
0.0,0.0,1.134,31.6,1752251765219
0.0,0.0,1.123,31.6,1752251765225
0.0,0.0,1.113,31.6,1752251765230
0.0,0.0,1.113,31.6,1752251765234
0.0,0.0,1.103,31.6,1752251765237
0.0,0.0,1.082,31.6,1752251765241
0.0,0.0,1.071,31.6,1752251765246
0.0,0.0,1.071,31.6,1752251765250
0.0,0.0,1.071,31.6,1752251765252
0.0,0.0,1.051,31.6,1752251765257
0.0,0.0,1.04,31.6,1752251765261
0.0,0.0,1.03,31.6,1752251765263
0.0,0.0,1.009,31.6,1752251765277
0.0,0.0,1.019,31.6,1752251765278
0.0,0.0,1.019,31.6,1752251765284
0.0,0.0,1.019,31.6,1752251765289
0.0,0.0,1.019,31.6,1752251765293
0.0,0.0,1.019,31.6,1752251765297
0.0,0.0,1.03,31.6,1752251765301
0.0,0.0,1.03,31.6,1752251765302
0.0,0.0,1.019,31.6,1752251765309
0.0,0.0,1.019,31.6,1752251765313
0.0,0.0,1.019,31.6,1752251765314
0.0,0.0,1.019,31.6,1752251765320
0.0,0.0,1.03,31.6,1752251765323
0.0,0.0,1.03,31.6,1752251765333
0.0,0.0,1.019,31.6,1752251765339
0.0,0.0,1.03,31.6,1752251765341
0.0,0.0,1.04,31.6,1752251765348
0.0,0.0,1.03,31.6,1752251765352
0.0,0.0,1.009,31.6,1752251765353
0.0,0.0,0.999,31.6,1752251765359
0.0,0.0,0.978,31.6,1752251765362
0.0,0.0,0.957,31.6,1752251765364
0.0,0.0,0.957,31.6,1752251765369
0.0,0.0,0.926,31.6,1752251765373
0.0,0.0,0.915,31.6,1752251765375
0.0,0.0,0.905,31.6,1752251765380
0.0,0.0,0.874,31.6,1752251765384
0.0,0.0,0.853,31.6,1752251765385
0.0,0.0,0.842,31.6,1752251765397
0.0,0.0,0.79,31.6,1752251765401
0.0,0.0,0.77,31.6,1752251765407
0.0,0.0,0.759,31.6,1752251765412
0.0,0.0,0.77,31.6,1752251765412
0.0,0.0,0.79,31.6,1752251765417
0.0,0.0,0.77,31.6,1752251765421
0.0,0.0,0.78,31.6,1752251765423
0.0,0.0,0.749,31.6,1752251765430
0.0,0.0,0.77,31.6,1752251765434
0.0,0.0,0.77,31.6,1752251765435
0.0,0.0,0.759,31.6,1752251765441
0.0,0.0,0.77,31.6,1752251765444
0.0,0.0,0.79,31.6,1752251765448
0.0,0.0,0.79,31.6,1752251765460
0.0,0.0,0.77,31.6,1752251765461
0.0,0.0,0.77,31.6,1752251765466
0.0,0.0,0.749,31.6,1752251765470
0.0,0.0,0.738,31.6,1752251765472
0.0,0.0,0.738,31.6,1752251765477
0.0,0.0,0.728,31.6,1752251765481
0.0,0.0,0.707,31.6,1752251765482
0.0,0.0,0.697,31.6,1752251765488
0.0,0.0,0.697,31.6,1752251765491
0.0,0.0,0.718,31.6,1752251765493
0.0,0.0,0.707,31.6,1752251765498
0.0,0.0,0.707,31.6,1752251765502
0.0,0.0,0.728,31.6,1752251765503
0.0,0.0,0.718,31.6,1752251765515
0.0,0.0,0.718,31.6,1752251765519
0.0,0.0,0.718,31.6,1752251765525
0.0,0.0,0.728,31.6,1752251765529
0.0,0.0,0.738,31.6,1752251765531
0.0,0.0,0.749,31.6,1752251765536
0.0,0.0,0.749,31.6,1752251765543
0.0,0.0,0.738,31.6,1752251765547
0.0,0.0,0.749,31.6,1752251765558
0.0,0.0,0.749,31.6,1752251765565
0.0,0.0,0.738,31.6,1752251765569
0.0,0.0,0.718,31.6,1752251765570
0.0,0.0,0.718,31.6,1752251765576
0.0,0.0,0.707,31.6,1752251765580
0.0,0.0,0.697,31.6,1752251765584
0.0,0.0,0.697,31.6,1752251765592
0.0,0.0,0.666,31.6,1752251765598
0.0,0.0,0.666,31.6,1752251765602
0.0,0.0,0.655,31.6,1752251765608
0.0,0.0,0.666,31.6,1752251765612
0.0,0.0,0.655,31.6,1752251765615
0.0,0.0,0.666,31.6,1752251765620
0.0,0.0,0.666,31.6,1752251765623
0.0,0.0,0.676,31.6,1752251765629
0.0,0.0,0.676,31.6,1752251765630
0.0,0.0,0.676,31.6,1752251765636
0.0,0.0,0.686,31.6,1752251765640
0.0,0.0,0.697,31.6,1752251765644
0.0,0.0,0.697,31.6,1752251765645
0.0,0.0,0.707,31.6,1752251765658
0.0,0.0,0.718,31.6,1752251765662
0.0,0.0,0.707,31.6,1752251765666
0.0,0.0,0.718,31.6,1752251765668
0.0,0.0,0.718,31.6,1752251765673
0.0,0.0,0.738,31.6,1752251765677
0.0,0.0,0.718,31.6,1752251765679
0.0,0.0,0.718,31.6,1752251765686
0.0,0.0,0.718,31.6,1752251765686
0.0,0.0,0.718,31.6,1752251765692
0.0,0.0,0.707,31.6,1752251765696
0.0,0.0,0.707,31.6,1752251765697
0.0,0.0,0.686,31.6,1752251765703
0.0,0.0,0.676,31.6,1752251765707
0.0,0.0,0.666,31.6,1752251765711
0.0,0.0,0.676,31.6,1752251765721
0.0,0.0,0.666,31.6,1752251765725
0.0,0.0,0.645,31.6,1752251765731
0.0,0.0,0.666,31.6,1752251765735
0.0,0.0,0.655,31.6,1752251765739
0.0,0.0,0.655,31.6,1752251765744
0.0,0.0,0.666,31.6,1752251765748
0.0,0.0,0.666,31.6,1752251765749
0.0,0.0,0.676,31.6,1752251765755
0.0,0.0,0.666,31.6,1752251765775
0.0,0.0,0.676,31.6,1752251765781
0.0,0.0,0.666,31.6,1752251765781
0.0,0.0,0.655,31.6,1752251765781
0.0,0.0,0.666,31.6,1752251765781
0.0,0.0,0.666,31.6,1752251765785
0.0,0.0,0.645,31.6,1752251765792
0.0,0.0,0.634,31.6,1752251765800
0.0,0.0,0.676,31.6,1752251765803
0.0,0.0,0.666,31.6,1752251765806
0.0,0.0,0.666,31.6,1752251765808
0.0,0.0,0.645,31.6,1752251765813
0.0,0.0,0.645,31.6,1752251765824
0.0,0.0,0.624,31.6,1752251765834
0.0,0.0,0.624,31.6,1752251765836
0.0,0.0,0.634,31.6,1752251765836
0.0,0.0,0.624,31.6,1752251765838
0.0,0.0,0.634,31.6,1752251765845
0.0,0.0,0.645,31.6,1752251765850
0.0,0.0,0.676,31.6,1752251765854
0.0,0.0,0.634,31.6,1752251765856
0.0,0.0,0.655,31.6,1752251765858
0.0,0.0,0.666,31.6,1752251765863
0.0,0.0,0.686,31.6,1752251765871
0.0,0.0,0.697,31.6,1752251765873
0.0,0.0,0.728,31.6,1752251765874
0.0,0.0,0.707,31.6,1752251765888
0.0,0.0,0.707,31.6,1752251765892
0.0,0.0,0.718,31.6,1752251765896
0.0,0.0,0.707,31.6,1752251765900
0.0,0.0,0.697,31.6,1752251765901
0.0,0.0,0.655,31.6,1752251765905
0.0,0.0,0.676,31.6,1752251765910
0.0,0.0,0.676,31.6,1752251765914
0.0,0.0,0.676,31.6,1752251765915
0.0,0.0,0.676,31.6,1752251765918
0.0,0.0,0.676,31.6,1752251765924
0.0,0.0,0.686,31.6,1752251765927
0.0,0.0,0.707,31.6,1752251765929
0.0,0.0,0.738,31.6,1752251765931
0.0,0.0,0.749,31.6,1752251765951
0.0,0.0,0.759,31.6,1752251765955
0.0,0.0,0.78,31.6,1752251765966
0.0,0.0,2.081,31.8,1752251767134
0.0,0.0,3.413,31.8,1752251768692
0.0,0.0,4.735,31.8,1752251769612
0.0,0.0,6.067,31.8,1752251770538
0.0,0.0,7.378,31.8,1752251771350
0.0,0.0,8.762,31.8,1752251771725
0.0,0.0,10.073,31.8,1752251771972
0.0,0.0,11.395,31.8,1752251772287
0.0,0.0,12.748,31.8,1752251772620
0.0,0.0,14.091,31.8,1752251772902
0.0,0.0,15.464,31.8,1752251775714
0.0,0.0,16.828,31.8,1752251775815
0.0,0.0,16.744,31.8,1752251775898
0.0,0.0,16.588,31.8,1752251775940
0.0,0.0,16.38,31.8,1752251776026
0.0,0.0,16.214,31.8,1752251777426
0.0,0.0,16.12,31.6,1752251778640
0.0,0.0,15.943,31.6,1752251778878
0.0,0.0,15.568,31.6,1752251779858
0.0,0.0,15.391,31.6,1752251780089
0.0,0.0,15.173,31.6,1752251780688
31.708009719848633,-97.18953704833984,14.934,31.6,1752251781000
0.0,0.0,14.934,31.6,1752251781288
0.0,0.0,14.725,31.6,1752251781602
0.0,0.0,14.507,31.6,1752251781904
0.0,0.0,15.079,31.6,1752251782183
0.0,0.0,15.537,31.6,1752251784668
0.0,0.0,16.037,31.6,1752251784696
0.0,0.0,16.463,31.6,1752251784735
0.0,0.0,16.994,31.6,1752251784772
0.0,0.0,17.494,31.6,1752251784807
0.0,0.0,18.285,31.6,1752251784837
0.0,0.0,18.888,31.6,1752251784869
0.0,0.0,18.878,31.6,1752251784900
0.0,0.0,18.805,31.6,1752251785796
0.0,0.0,18.847,31.6,1752251787033
0.0,0.0,18.649,31.6,1752251789202
0.0,0.0,18.659,31.6,1752251789246
0.0,0.0,18.763,31.6,1752251789708
31.70806121826172,-97.18961334228516,18.867,31.6,1752251790000
0.0,0.0,18.867,31.6,1752251790102
0.0,0.0,18.899,31.6,1752251790404
0.0,0.0,18.607,31.6,1752251791028
0.0,0.0,0.52,37.4,1752252798668
0.0,0.0,0.541,37.4,1752252799551
0.0,0.0,0.551,37.4,1752252800152
0.0,0.0,0.572,37.4,1752252800428
0.0,0.0,0.572,37.2,1752252800970
0.0,0.0,0.593,37.2,1752252801378
31.70799446105957,-97.18955993652344,0.593,37.2,1752252802000
31.707992553710938,-97.18955993652344,0.593,37.2,1752252802000
0.0,0.0,0.593,37.2,1752252802293
0.0,0.0,0.614,37.2,1752252802561
0.0,0.0,0.624,37.2,1752252802836
0.0,0.0,0.655,37.2,1752252803145
0.0,0.0,0.666,37.0,1752252803904
0.0,0.0,0.697,37.0,1752252804578
0.0,0.0,0.676,37.0,1752252804854
31.70800018310547,-97.1895523071289,0.645,37.0,1752252805000
0.0,0.0,0.645,37.0,1752252805111
0.0,0.0,0.645,37.0,1752252805394
0.0,0.0,0.655,36.8,1752252806835
0.0,0.0,0.666,36.8,1752252807118
0.0,0.0,0.655,36.8,1752252807743
31.70803451538086,-97.18951416015625,0.655,36.8,1752252808000
0.0,0.0,0.655,36.8,1752252808019
0.0,0.0,0.634,36.8,1752252808577
31.708024978637695,-97.18951416015625,0.624,36.8,1752252809000
0.0,0.0,0.624,36.8,1752252809171
0.0,0.0,0.603,36.8,1752252809493
0.0,0.0,0.614,36.8,1752252809957
0.0,0.0,1.987,36.4,1752252819811
0.0,0.0,3.33,36.4,1752252820078
0.0,0.0,4.745,36.0,1752252827942
0.0,0.0,6.108,36.0,1752252829092
0.0,0.0,7.43,36.0,1752252830609
0.0,0.0,8.773,35.8,1752252830887
0.0,0.0,10.178,35.8,1752252831526
0.0,0.0,11.53,35.8,1752252832676
0.0,0.0,12.894,35.8,1752252832947
0.0,0.0,3.923,33.8,1752252862809
0.0,0.0,3.923,33.8,1752252862875
0.0,0.0,3.944,33.8,1752252862954
0.0,0.0,3.954,33.8,1752252863030
0.0,0.0,3.965,33.8,1752252863108
0.0,0.0,3.975,33.8,1752252863188
0.0,0.0,3.985,33.8,1752252863267
0.0,0.0,4.006,33.8,1752252863346
0.0,0.0,4.027,33.8,1752252863423
0.0,0.0,4.037,33.8,1752252863501
0.0,0.0,4.048,33.8,1752252863578
0.0,0.0,4.069,33.8,1752252863656
0.0,0.0,4.089,33.8,1752252863733
0.0,0.0,4.1,33.8,1752252863811
0.0,0.0,4.1,33.8,1752252863888
0.0,0.0,4.1,33.8,1752252863965
0.0,0.0,4.11,33.8,1752252864042
0.0,0.0,4.1,33.8,1752252864119
0.0,0.0,4.121,33.8,1752252864199
0.0,0.0,4.11,33.8,1752252864279
0.0,0.0,4.1,33.8,1752252864395
0.0,0.0,4.11,33.8,1752252864455
0.0,0.0,4.11,33.6,1752252864548
0.0,0.0,4.1,33.6,1752252864617
0.0,0.0,4.079,33.6,1752252864706
0.0,0.0,4.079,33.6,1752252864784
0.0,0.0,4.069,33.6,1752252864861
0.0,0.0,4.079,33.6,1752252864938
0.0,0.0,4.089,33.6,1752252865015
0.0,0.0,4.1,33.6,1752252865093
0.0,0.0,4.079,33.6,1752252865171
0.0,0.0,4.1,33.6,1752252865254
0.0,0.0,4.1,33.6,1752252865330
0.0,0.0,4.11,33.6,1752252865408
0.0,0.0,4.1,33.6,1752252865484
0.0,0.0,4.1,33.6,1752252865561
0.0,0.0,4.11,33.6,1752252865640
0.0,0.0,4.121,33.6,1752252865717
0.0,0.0,4.141,33.6,1752252865795
0.0,0.0,4.121,33.6,1752252865861
0.0,0.0,4.11,33.6,1752252865947
0.0,0.0,4.11,33.6,1752252866024
0.0,0.0,4.121,33.6,1752252866103
0.0,0.0,4.11,33.6,1752252866181
0.0,0.0,4.11,33.6,1752252866263
0.0,0.0,4.11,33.6,1752252866342
0.0,0.0,4.11,33.6,1752252866419
0.0,0.0,4.1,33.6,1752252866496
0.0,0.0,4.089,33.6,1752252866573
0.0,0.0,4.079,33.6,1752252866650
0.0,0.0,4.079,33.6,1752252866729
0.0,0.0,4.079,33.6,1752252866806
0.0,0.0,4.089,33.6,1752252866883
0.0,0.0,4.1,33.6,1752252866962
0.0,0.0,4.1,33.6,1752252867040
0.0,0.0,4.1,33.6,1752252867117
0.0,0.0,4.11,33.6,1752252867198
0.0,0.0,4.11,33.6,1752252867280
0.0,0.0,4.11,33.6,1752252867357
0.0,0.0,4.121,33.6,1752252867435
0.0,0.0,4.121,33.6,1752252867513
0.0,0.0,4.11,33.6,1752252867580
0.0,0.0,4.11,33.6,1752252867670
0.0,0.0,4.11,33.6,1752252867748
0.0,0.0,4.1,33.6,1752252867826
0.0,0.0,4.1,33.6,1752252867904
0.0,0.0,4.089,33.6,1752252867983
31.708311080932617,-97.18925476074219,4.089,33.6,1752252868000
0.0,0.0,4.089,33.6,1752252868061
0.0,0.0,4.089,33.6,1752252868139
0.0,0.0,4.089,33.6,1752252868222
0.0,0.0,4.079,33.6,1752252868303
0.0,0.0,4.079,33.6,1752252868373
0.0,0.0,4.089,33.6,1752252868463
0.0,0.0,4.11,33.6,1752252868529
0.0,0.0,4.121,33.6,1752252868620
0.0,0.0,4.121,33.6,1752252868688
0.0,0.0,4.121,33.6,1752252868779
0.0,0.0,4.121,33.6,1752252868845
0.0,0.0,4.121,33.6,1752252868934
31.708316802978516,-97.18925476074219,4.121,33.6,1752252869000
0.0,0.0,4.121,33.6,1752252869002
0.0,0.0,4.121,33.6,1752252869094
0.0,0.0,4.121,33.6,1752252869163
0.0,0.0,4.121,33.6,1752252869269
0.0,0.0,4.121,33.6,1752252869349
0.0,0.0,4.11,33.6,1752252869457
0.0,0.0,4.1,33.6,1752252869534
0.0,0.0,4.089,33.6,1752252869641
0.0,0.0,4.089,33.6,1752252869718
0.0,0.0,4.1,33.6,1752252869966
31.70831871032715,-97.18925476074219,4.1,33.6,1752252870000
0.0,0.0,4.1,33.6,1752252870034
0.0,0.0,4.1,33.6,1752252870127
0.0,0.0,4.1,33.6,1752252870203
0.0,0.0,4.1,33.6,1752252870319
0.0,0.0,4.11,33.6,1752252870401
0.0,0.0,4.11,33.4,1752252870513
0.0,0.0,4.121,33.4,1752252870602
0.0,0.0,4.121,33.4,1752252870716
0.0,0.0,4.11,33.4,1752252870799
0.0,0.0,4.11,33.4,1752252871090
0.0,0.0,4.11,33.4,1752252871159
0.0,0.0,4.1,33.4,1752252871278
0.0,0.0,4.1,33.4,1752252871365
0.0,0.0,4.089,33.4,1752252871482
0.0,0.0,4.089,33.4,1752252871567
0.0,0.0,4.079,33.4,1752252871683
0.0,0.0,4.1,33.4,1752252871730
0.0,0.0,4.089,33.4,1752252871849
31.708322525024414,-97.18925476074219,4.089,33.4,1752252872000
0.0,0.0,4.089,33.4,1752252872121
0.0,0.0,4.089,33.4,1752252872188
0.0,0.0,4.1,33.4,1752252872262
0.0,0.0,4.11,33.4,1752252872357
0.0,0.0,4.11,33.4,1752252872426
0.0,0.0,4.11,33.4,1752252872520
0.0,0.0,4.11,33.4,1752252872591
0.0,0.0,4.11,33.4,1752252872685
0.0,0.0,4.11,33.4,1752252872755
0.0,0.0,4.1,33.4,1752252872889
0.0,0.0,4.1,33.4,1752252872948
31.70832633972168,-97.18925476074219,4.079,33.4,1752252873000
0.0,0.0,4.079,33.4,1752252873044
0.0,0.0,4.089,33.4,1752252873112
0.0,0.0,4.079,33.4,1752252873220
0.0,0.0,4.048,33.4,1752252873309
0.0,0.0,4.048,33.4,1752252873425
0.0,0.0,4.048,33.4,1752252873508
0.0,0.0,4.048,33.4,1752252873624
0.0,0.0,4.027,33.4,1752252873707
0.0,0.0,4.017,33.4,1752252873826
31.70832633972168,-97.18926239013672,4.017,33.4,1752252874000
0.0,0.0,4.006,33.4,1752252874175
0.0,0.0,4.027,33.4,1752252874327
0.0,0.0,4.037,33.4,1752252874462
0.0,0.0,4.037,33.4,1752252874637
0.0,0.0,4.058,33.4,1752252874708
0.0,0.0,4.069,33.4,1752252874824
0.0,0.0,4.1,33.4,1752252874907
31.70832633972168,-97.18926239013672,4.1,33.4,1752252875000
0.0,0.0,4.079,33.4,1752252875243
0.0,0.0,4.069,33.4,1752252875302
0.0,0.0,4.1,33.4,1752252875405
0.0,0.0,4.121,33.4,1752252875487
0.0,0.0,4.131,33.4,1752252875604
0.0,0.0,4.152,33.4,1752252875686
0.0,0.0,4.141,33.4,1752252875805
0.0,0.0,4.131,33.4,1752252875948
0.0,0.0,4.141,33.4,1752252876282
0.0,0.0,4.141,33.4,1752252876355
0.0,0.0,4.141,33.4,1752252876463
0.0,0.0,4.152,33.4,1752252876546
0.0,0.0,4.162,33.4,1752252876711
0.0,0.0,4.194,33.4,1752252876783
0.0,0.0,4.194,33.4,1752252876900
0.0,0.0,4.194,33.4,1752252876983
31.70832633972168,-97.18926239013672,4.194,33.4,1752252877000
0.0,0.0,4.194,33.4,1752252877275
0.0,0.0,4.173,33.4,1752252877362
0.0,0.0,4.214,33.4,1752252877469
0.0,0.0,4.235,33.4,1752252877536
0.0,0.0,4.246,33.4,1752252877633
0.0,0.0,4.256,33.4,1752252877702
0.0,0.0,4.256,33.4,1752252877799
0.0,0.0,4.256,33.4,1752252877866
0.0,0.0,4.266,33.4,1752252877963
31.708324432373047,-97.18926239013672,4.256,33.4,1752252878000
0.0,0.0,4.256,33.4,1752252878031
0.0,0.0,4.256,33.4,1752252878128
0.0,0.0,4.256,33.4,1752252878212
0.0,0.0,4.256,33.4,1752252878331
0.0,0.0,4.266,33.4,1752252878413
0.0,0.0,4.266,33.4,1752252878532
0.0,0.0,4.266,33.4,1752252878615
0.0,0.0,4.266,33.4,1752252878733
0.0,0.0,4.266,33.4,1752252878815
0.0,0.0,4.287,33.4,1752252879117
0.0,0.0,4.287,33.4,1752252879206
0.0,0.0,4.287,33.4,1752252879374
0.0,0.0,4.318,33.4,1752252879446
0.0,0.0,4.329,33.4,1752252879566
0.0,0.0,4.329,33.4,1752252879650
0.0,0.0,4.339,33.4,1752252879770
0.0,0.0,4.36,33.4,1752252879852
31.708322525024414,-97.18927001953125,4.36,33.4,1752252880000
31.70832061767578,-97.18927764892578,4.36,33.4,1752252880000
0.0,0.0,4.36,33.4,1752252880241
0.0,0.0,4.36,33.4,1752252880300
0.0,0.0,4.381,33.4,1752252880399
0.0,0.0,4.381,33.4,1752252880467
0.0,0.0,4.381,33.4,1752252880604
0.0,0.0,4.402,33.4,1752252880663
0.0,0.0,4.412,33.4,1752252880763
0.0,0.0,4.412,33.4,1752252880884
0.0,0.0,4.412,33.4,1752252880945
0.0,0.0,4.402,33.4,1752252881044
0.0,0.0,4.412,33.4,1752252881113
0.0,0.0,4.402,33.4,1752252881236
0.0,0.0,4.412,33.4,1752252881318
0.0,0.0,4.422,33.4,1752252881441
0.0,0.0,4.412,33.4,1752252881524
0.0,0.0,4.412,33.4,1752252881647
0.0,0.0,4.422,33.4,1752252881791
0.0,0.0,4.412,33.4,1752252881936
0.0,0.0,4.412,33.4,1752252882144
0.0,0.0,4.433,33.4,1752252882319
0.0,0.0,1.488,35.2,1752253317404
0.0,0.0,1.561,35.2,1752253318880
0.0,0.0,1.561,35.2,1752253319184
0.0,0.0,1.55,35.2,1752253319469
0.0,0.0,1.509,35.2,1752253319751
31.707927703857422,-97.1894302368164,1.477,35.2,1752253320000
31.707937240600586,-97.18943786621094,1.477,35.2,1752253320000
0.0,0.0,1.477,35.2,1752253320082
0.0,0.0,1.436,35.2,1752253320370
0.0,0.0,1.404,35.2,1752253321246
0.0,0.0,1.363,35.2,1752253322627
0.0,0.0,1.321,35.2,1752253322958
0.0,0.0,1.269,35.2,1752253323623
0.0,0.0,1.228,35.2,1752253323967
0.0,0.0,1.207,35.2,1752253324565
0.0,0.0,1.071,35.2,1752253324899
0.0,0.0,1.019,35.0,1752253325922
31.707965850830078,-97.18941497802734,1.019,35.0,1752253326000
0.0,0.0,1.019,35.0,1752253326270
0.0,0.0,1.009,35.0,1752253326609
0.0,0.0,1.009,35.0,1752253326951
0.0,0.0,0.999,35.0,1752253327303
0.0,0.0,0.978,35.0,1752253327683
31.70796775817871,-97.18941497802734,1.061,35.0,1752253328000
0.0,0.0,1.061,35.0,1752253328237
0.0,0.0,1.051,34.8,1752253328580
0.0,0.0,1.04,34.8,1752253328929
0.0,0.0,1.019,34.8,1752253329276
0.0,0.0,1.009,34.8,1752253329666
0.0,0.0,1.04,34.8,1752253330211
0.0,0.0,1.04,34.8,1752253330552
0.0,0.0,0.988,34.8,1752253330898
0.0,0.0,0.967,34.8,1752253331252
0.0,0.0,0.957,34.8,1752253331946
0.0,0.0,0.936,34.8,1752253332309
0.0,0.0,0.926,34.8,1752253332660
0.0,0.0,0.811,34.8,1752253333013
0.0,0.0,0.759,34.8,1752253333713
0.0,0.0,0.749,34.8,1752253334069
0.0,0.0,0.738,34.8,1752253334432
31.707979202270508,-97.18939971923828,0.738,34.6,1752253335000
0.0,0.0,0.738,34.6,1752253335140
0.0,0.0,0.738,34.6,1752253335503
0.0,0.0,0.738,34.6,1752253335857
0.0,0.0,0.749,34.6,1752253336213
0.0,0.0,0.738,34.6,1752253336627
0.0,0.0,0.718,34.6,1752253337533
0.0,0.0,0.728,34.6,1752253337891
0.0,0.0,0.707,34.4,1752253338259
0.0,0.0,0.749,34.4,1752253339350
0.0,0.0,0.842,34.4,1752253339708
0.0,0.0,0.853,34.4,1752253340781
0.0,0.0,0.863,34.4,1752253341142
0.0,0.0,0.863,34.4,1752253341518
0.0,0.0,0.853,34.4,1752253342173
0.0,0.0,0.863,34.4,1752253342553
0.0,0.0,0.884,34.4,1752253342934
0.0,0.0,0.863,34.4,1752253343340
0.0,0.0,0.895,34.4,1752253343750
0.0,0.0,0.926,34.4,1752253344175
0.0,0.0,0.967,34.4,1752253344621
31.708005905151367,-97.18939208984375,0.999,34.4,1752253345000
0.0,0.0,0.999,34.4,1752253345016
0.0,0.0,0.926,34.4,1752253345619
0.0,0.0,0.947,34.4,1752253345982
0.0,0.0,0.947,34.4,1752253346355
0.0,0.0,0.967,34.4,1752253346783
0.0,0.0,1.009,34.2,1752253347385
0.0,0.0,1.009,34.2,1752253347755
0.0,0.0,1.019,34.2,1752253348122
0.0,0.0,1.04,34.2,1752253348500
0.0,0.0,1.051,34.2,1752253348566
0.0,0.0,1.061,34.2,1752253348665
0.0,0.0,1.071,34.2,1752253348741
0.0,0.0,1.092,34.2,1752253348839
0.0,0.0,1.165,34.2,1752253348913
31.70801544189453,-97.18937683105469,1.196,34.2,1752253349000
0.0,0.0,1.196,34.2,1752253349011
0.0,0.0,1.228,34.2,1752253349085
0.0,0.0,1.259,34.2,1752253349191
0.0,0.0,1.3,34.2,1752253349272
0.0,0.0,1.342,34.2,1752253349370
0.0,0.0,1.352,34.2,1752253349450
0.0,0.0,1.342,34.2,1752253349551
0.0,0.0,1.321,34.2,1752253349625
0.0,0.0,1.332,34.2,1752253349723
0.0,0.0,1.332,34.2,1752253349797
0.0,0.0,1.342,34.2,1752253349895
0.0,0.0,1.332,34.2,1752253349969
31.708019256591797,-97.18937683105469,1.332,34.2,1752253350000
0.0,0.0,1.363,34.2,1752253350067
0.0,0.0,1.373,34.2,1752253350147
0.0,0.0,1.342,34.2,1752253350265
0.0,0.0,1.3,34.2,1752253350354
0.0,0.0,1.238,34.2,1752253350485
0.0,0.0,1.207,34.2,1752253350573
0.0,0.0,1.207,34.2,1752253350702
0.0,0.0,1.186,34.2,1752253350789
0.0,0.0,1.165,34.2,1752253351050
0.0,0.0,1.134,34.2,1752253351122
0.0,0.0,1.113,34.2,1752253351243
0.0,0.0,1.071,34.2,1752253351334
0.0,0.0,1.03,34.2,1752253351465
0.0,0.0,0.967,34.2,1752253351552
0.0,0.0,0.978,34.2,1752253351691
0.0,0.0,0.978,34.2,1752253351780
31.708023071289062,-97.18936920166016,0.978,34.2,1752253352000
0.0,0.0,0.978,34.2,1752253352027
0.0,0.0,0.967,34.2,1752253352102
0.0,0.0,0.926,34.2,1752253352215
0.0,0.0,0.926,34.2,1752253352308
0.0,0.0,0.884,34.2,1752253352379
0.0,0.0,0.874,34.2,1752253352486
0.0,0.0,0.853,34.2,1752253352559
0.0,0.0,0.853,34.2,1752253352657
0.0,0.0,0.842,34.2,1752253352730
0.0,0.0,0.853,34.2,1752253352834
0.0,0.0,0.853,34.2,1752253352909
31.70802879333496,-97.18936920166016,0.842,34.2,1752253353000
0.0,0.0,0.842,34.2,1752253353016
0.0,0.0,0.832,34.2,1752253353090
0.0,0.0,0.842,34.2,1752253353200
0.0,0.0,0.822,34.2,1752253353298
0.0,0.0,0.801,34.2,1752253353431
0.0,0.0,0.759,34.2,1752253353522
0.0,0.0,0.738,34.2,1752253353651
0.0,0.0,0.738,34.2,1752253353740
0.0,0.0,0.738,34.2,1752253353797
0.0,0.0,0.749,34.2,1752253353999
31.708032608032227,-97.18936920166016,0.749,34.2,1752253354000
0.0,0.0,0.728,34.2,1752253354090
0.0,0.0,0.707,34.0,1752253354206
0.0,0.0,0.707,34.0,1752253354291
0.0,0.0,0.707,34.0,1752253354418
0.0,0.0,0.676,34.0,1752253354507
0.0,0.0,0.666,34.0,1752253354581
0.0,0.0,0.676,34.0,1752253354640
0.0,0.0,0.655,34.0,1752253354704
0.0,0.0,0.666,34.0,1752253354749
0.0,0.0,0.666,34.0,1752253354808
0.0,0.0,0.655,34.0,1752253354884
0.0,0.0,0.655,34.0,1752253355113
0.0,0.0,0.666,34.0,1752253355168
0.0,0.0,0.655,34.0,1752253355208
0.0,0.0,0.634,34.0,1752253355269
0.0,0.0,0.645,34.0,1752253355342
0.0,0.0,0.655,34.0,1752253355406
0.0,0.0,0.655,34.0,1752253355452
0.0,0.0,0.655,34.0,1752253355511
0.0,0.0,0.666,34.0,1752253355595
0.0,0.0,0.676,34.0,1752253355663
0.0,0.0,0.655,34.0,1752253355726
0.0,0.0,0.645,34.0,1752253355770
0.0,0.0,0.645,34.0,1752253355829
0.0,0.0,0.655,34.0,1752253355911
31.708040237426758,-97.18936157226562,0.655,34.0,1752253356000
31.708044052124023,-97.18936157226562,0.655,34.0,1752253356000
0.0,0.0,0.666,34.0,1752253356121
0.0,0.0,0.676,34.0,1752253356175
0.0,0.0,0.676,34.0,1752253356219
0.0,0.0,0.666,34.0,1752253356282
0.0,0.0,0.655,34.0,1752253356354
0.0,0.0,0.655,34.0,1752253356406
0.0,0.0,0.645,34.0,1752253356440
0.0,0.0,0.655,34.0,1752253356500
0.0,0.0,0.645,34.0,1752253356569
0.0,0.0,0.655,34.0,1752253356622
0.0,0.0,0.655,34.0,1752253356715
0.0,0.0,0.666,34.0,1752253356771
0.0,0.0,0.655,34.0,1752253356821
0.0,0.0,0.655,34.0,1752253356909
0.0,0.0,0.676,34.0,1752253356964
0.0,0.0,0.697,34.0,1752253357049
0.0,0.0,0.718,34.0,1752253357157
0.0,0.0,0.728,34.0,1752253357196
0.0,0.0,0.738,34.0,1752253357332
0.0,0.0,0.749,34.0,1752253357422
0.0,0.0,0.738,34.0,1752253357554
0.0,0.0,0.749,34.0,1752253357642
0.0,0.0,0.738,34.0,1752253357775
0.0,0.0,0.749,34.0,1752253357916
31.708051681518555,-97.18936157226562,0.749,34.0,1752253358000
0.0,0.0,0.749,34.0,1752253358170
0.0,0.0,0.77,34.0,1752253358269
0.0,0.0,0.728,34.0,1752253358412
0.0,0.0,0.718,34.0,1752253358651
0.0,0.0,0.728,34.0,1752253358763
0.0,0.0,0.728,34.0,1752253358837
0.0,0.0,0.728,34.0,1752253358949
0.0,0.0,0.728,34.0,1752253359026
0.0,0.0,0.749,34.0,1752253359135
0.0,0.0,0.77,34.0,1752253359222
0.0,0.0,0.77,34.0,1752253359364
0.0,0.0,0.801,34.0,1752253359452
0.0,0.0,0.77,34.0,1752253359585
0.0,0.0,0.801,34.0,1752253359672
0.0,0.0,0.822,34.0,1752253359800
31.708057403564453,-97.18936157226562,0.842,34.0,1752253360000
0.0,0.0,0.842,34.0,1752253360035
0.0,0.0,0.853,34.0,1752253360151
0.0,0.0,0.863,34.0,1752253360236
0.0,0.0,0.915,34.0,1752253360350
0.0,0.0,0.967,34.0,1752253360426
0.0,0.0,0.988,34.0,1752253360535
0.0,0.0,0.999,34.0,1752253360613
0.0,0.0,1.04,34.0,1752253360723
0.0,0.0,1.061,34.0,1752253360800
0.0,0.0,1.123,34.0,1752253360912
0.0,0.0,1.134,34.0,1752253360992
31.70806121826172,-97.1893539428711,1.134,34.0,1752253361000
0.0,0.0,1.155,34.0,1752253361102
0.0,0.0,1.165,34.0,1752253361182
0.0,0.0,1.196,34.0,1752253361306
0.0,0.0,1.228,34.0,1752253361393
0.0,0.0,1.217,34.0,1752253361525
0.0,0.0,1.217,34.0,1752253361614
0.0,0.0,1.217,34.0,1752253361746
0.0,0.0,1.259,34.0,1752253361839
0.0,0.0,1.248,34.0,1752253362117
0.0,0.0,1.269,34.0,1752253362196
0.0,0.0,1.3,34.0,1752253362317
0.0,0.0,1.352,34.0,1752253362405
0.0,0.0,1.415,34.0,1752253362547
0.0,0.0,1.467,34.0,1752253363086
0.0,0.0,1.529,34.0,1752253363156
0.0,0.0,1.644,34.0,1752253363281
0.0,0.0,1.758,34.0,1752253363359
0.0,0.0,1.862,34.0,1752253363474
0.0,0.0,1.998,34.0,1752253363574
0.0,0.0,2.018,34.0,1752253363649
0.0,0.0,2.143,34.0,1752253363764
0.0,0.0,2.247,34.0,1752253363842
0.0,0.0,2.32,34.0,1752253363956
0.0,0.0,2.404,34.0,1752253364032
0.0,0.0,2.466,34.0,1752253364141
0.0,0.0,2.528,33.8,1752253364229
0.0,0.0,2.57,33.8,1752253364352
0.0,0.0,2.58,33.8,1752253364428
0.0,0.0,2.591,33.8,1752253364539
0.0,0.0,2.601,33.8,1752253364614
0.0,0.0,2.58,33.8,1752253364724
0.0,0.0,2.674,33.8,1752253364800
0.0,0.0,2.664,33.8,1752253364911
0.0,0.0,2.664,33.8,1752253365016
0.0,0.0,2.695,33.8,1752253365087
0.0,0.0,2.705,33.8,1752253365206
0.0,0.0,2.716,33.8,1752253365288
0.0,0.0,2.737,33.8,1752253365399
0.0,0.0,2.757,33.8,1752253365491
0.0,0.0,2.799,33.8,1752253365590
0.0,0.0,2.851,33.8,1752253365665
0.0,0.0,2.893,33.8,1752253365778
0.0,0.0,2.934,33.8,1752253365854
0.0,0.0,2.924,33.8,1752253365966
31.70807647705078,-97.18934631347656,2.924,33.8,1752253366000
0.0,0.0,2.955,33.8,1752253366044
0.0,0.0,2.986,33.8,1752253366156
0.0,0.0,3.018,33.8,1752253366257
0.0,0.0,3.038,33.8,1752253366356
0.0,0.0,3.038,33.8,1752253366435
0.0,0.0,3.059,33.8,1752253366548
0.0,0.0,3.049,33.8,1752253366629
0.0,0.0,3.101,33.8,1752253366743
0.0,0.0,3.111,33.8,1752253366819
0.0,0.0,3.101,33.8,1752253366933
31.708084106445312,-97.18934631347656,3.111,33.8,1752253367000
0.0,0.0,3.111,33.8,1752253367009
0.0,0.0,3.132,33.8,1752253367122
0.0,0.0,3.142,33.8,1752253367207
0.0,0.0,3.142,33.8,1752253367356
0.0,0.0,3.153,33.8,1752253367453
0.0,0.0,3.163,33.8,1752253367593
0.0,0.0,3.184,33.8,1752253367683
0.0,0.0,3.194,33.8,1752253367819
0.0,0.0,3.215,33.8,1752253368054
0.0,0.0,3.215,33.8,1752253368173
0.0,0.0,3.226,33.8,1752253368261
0.0,0.0,3.246,33.8,1752253368399
0.0,0.0,3.246,33.8,1752253368492
0.0,0.0,3.257,33.8,1752253368640
0.0,0.0,3.267,33.8,1752253368728
0.0,0.0,3.288,33.8,1752253368866
31.708091735839844,-97.18934631347656,3.288,33.8,1752253369000
0.0,0.0,3.288,33.8,1752253369097
0.0,0.0,3.288,33.8,1752253369223
0.0,0.0,3.309,33.8,1752253369323
0.0,0.0,3.309,33.8,1752253369435
0.0,0.0,3.319,33.8,1752253369513
0.0,0.0,3.34,33.8,1752253369629
0.0,0.0,3.351,33.8,1752253369709
0.0,0.0,3.361,33.8,1752253369829
0.0,0.0,3.382,33.8,1752253369906
0.0,0.0,3.392,33.8,1752253370024
0.0,0.0,3.403,33.8,1752253370102
0.0,0.0,3.423,33.8,1752253370227
0.0,0.0,3.434,33.8,1752253370319
0.0,0.0,3.455,33.8,1752253370462
0.0,0.0,3.465,33.8,1752253370554
0.0,0.0,3.475,33.8,1752253370704
0.0,0.0,3.486,33.8,1752253370795
31.70809555053711,-97.18934631347656,3.496,33.8,1752253371000
0.0,0.0,3.496,33.8,1752253371081
0.0,0.0,3.496,33.8,1752253371155
0.0,0.0,3.507,33.8,1752253371287
0.0,0.0,3.507,33.8,1752253371366
0.0,0.0,3.507,33.8,1752253371486
0.0,0.0,3.527,33.8,1752253371563
0.0,0.0,3.527,33.8,1752253371684
0.0,0.0,3.538,33.8,1752253371761
0.0,0.0,3.548,33.8,1752253371879
0.0,0.0,3.559,33.8,1752253371958
31.708101272583008,-97.18933868408203,3.559,33.8,1752253372000
0.0,0.0,3.569,33.8,1752253372077
0.0,0.0,3.569,33.8,1752253372154
0.0,0.0,3.569,33.8,1752253372293
0.0,0.0,3.59,33.8,1752253372383
0.0,0.0,3.58,33.8,1752253372532
0.0,0.0,3.6,33.8,1752253372622
0.0,0.0,3.621,33.8,1752253372769
0.0,0.0,3.611,33.8,1752253372859
0.0,0.0,3.632,33.8,1752253373152
0.0,0.0,3.632,33.8,1752253373237
0.0,0.0,3.632,33.8,1752253373371
0.0,0.0,3.611,33.8,1752253373461
0.0,0.0,3.621,33.8,1752253373607
0.0,0.0,3.652,33.8,1752253373697
0.0,0.0,3.652,33.8,1752253373855
0.0,0.0,3.663,33.8,1752253373974
31.708110809326172,-97.18933868408203,3.663,33.8,1752253374000
0.0,0.0,3.652,33.8,1752253374271
0.0,0.0,3.663,33.8,1752253374398
0.0,0.0,3.663,33.8,1752253374476
0.0,0.0,3.684,33.8,1752253374595
0.0,0.0,3.684,33.8,1752253374673
0.0,0.0,3.694,33.8,1752253374797
0.0,0.0,3.694,33.8,1752253374875
0.0,0.0,3.704,33.8,1752253374996
0.0,0.0,3.715,33.8,1752253375073
0.0,0.0,3.694,33.8,1752253375196
0.0,0.0,3.704,33.8,1752253375285
0.0,0.0,3.704,33.8,1752253375433
0.0,0.0,3.725,33.8,1752253375523
0.0,0.0,3.715,33.8,1752253375672
0.0,0.0,3.704,33.8,1752253375768
0.0,0.0,3.694,33.8,1752253375916
31.708114624023438,-97.1893310546875,3.694,33.8,1752253376000
0.0,0.0,3.684,33.8,1752253376197
0.0,0.0,3.704,33.8,1752253376328
0.0,0.0,3.704,33.8,1752253376406
0.0,0.0,3.715,33.8,1752253376531
0.0,0.0,3.715,33.8,1752253376609
0.0,0.0,3.725,33.8,1752253376727
0.0,0.0,3.746,33.8,1752253376804
0.0,0.0,3.746,33.8,1752253376928
0.0,0.0,3.746,33.8,1752253377007
0.0,0.0,3.756,33.8,1752253377128
0.0,0.0,3.767,33.8,1752253377213
0.0,0.0,3.788,33.8,1752253377370
0.0,0.0,3.798,33.8,1752253377460
0.0,0.0,3.819,33.8,1752253377609
0.0,0.0,3.808,33.8,1752253377699
0.0,0.0,3.808,33.8,1752253377849
31.70812225341797,-97.18932342529297,3.808,33.8,1752253378000
0.0,0.0,3.829,33.8,1752253378218
0.0,0.0,3.84,33.8,1752253378294
0.0,0.0,3.829,33.8,1752253378417
0.0,0.0,3.84,33.8,1752253378495
0.0,0.0,3.84,33.8,1752253378616
0.0,0.0,3.84,33.8,1752253378694
0.0,0.0,3.871,33.8,1752253378818
0.0,0.0,3.871,33.8,1752253378900
31.7081241607666,-97.18931579589844,3.861,33.8,1752253379000
0.0,0.0,3.861,33.8,1752253379026
0.0,0.0,3.84,33.8,1752253379113
0.0,0.0,3.85,33.8,1752253379259
0.0,0.0,3.84,33.8,1752253379350
0.0,0.0,3.84,33.8,1752253379503
0.0,0.0,3.84,33.8,1752253379594
0.0,0.0,3.84,33.8,1752253379750
0.0,0.0,3.829,33.8,1752253379843
0.0,0.0,3.85,33.8,1752253380188
0.0,0.0,3.84,33.8,1752253380289
0.0,0.0,3.819,33.8,1752253380441
0.0,0.0,3.808,33.8,1752253380531
0.0,0.0,3.829,33.8,1752253380686
0.0,0.0,3.84,33.8,1752253380776
0.0,0.0,3.84,33.8,1752253380929
31.708127975463867,-97.1893081665039,3.861,33.8,1752253381000
0.0,0.0,3.861,33.8,1752253381019
0.0,0.0,3.892,33.6,1752253381382
0.0,0.0,3.881,33.6,1752253381469
0.0,0.0,3.913,33.6,1752253381598
0.0,0.0,3.913,33.6,1752253381676
0.0,0.0,3.923,33.6,1752253381798
0.0,0.0,3.923,33.6,1752253381907
0.0,0.0,3.944,33.6,1752253381985
0.0,0.0,3.954,33.6,1752253382111
0.0,0.0,3.954,33.6,1752253382199
0.0,0.0,3.975,33.6,1752253382345
0.0,0.0,3.954,33.6,1752253382434
0.0,0.0,3.954,33.6,1752253382588
0.0,0.0,3.954,33.6,1752253382678
0.0,0.0,3.954,33.6,1752253382836
0.0,0.0,3.954,33.6,1752253382926
31.708131790161133,-97.1893081665039,3.954,33.6,1752253383000
0.0,0.0,3.944,33.6,1752253383283
0.0,0.0,3.954,33.6,1752253383374
0.0,0.0,3.975,33.6,1752253383526
0.0,0.0,3.985,33.6,1752253383604
0.0,0.0,4.006,33.6,1752253383730
0.0,0.0,4.017,33.6,1752253383811
0.0,0.0,4.017,33.6,1752253383943
0.0,0.0,4.048,33.6,1752253384021
0.0,0.0,4.058,33.6,1752253384148
0.0,0.0,4.048,33.6,1752253384248
0.0,0.0,4.048,33.6,1752253384402
0.0,0.0,4.037,33.6,1752253384494
0.0,0.0,4.058,33.6,1752253384645
0.0,0.0,4.069,33.6,1752253384735
0.0,0.0,4.069,33.6,1752253384943
31.70813751220703,-97.1893081665039,4.069,33.6,1752253385000
0.0,0.0,4.058,33.6,1752253385178
0.0,0.0,4.058,33.6,1752253385341
0.0,0.0,4.058,33.6,1752253385462
0.0,0.0,4.069,33.6,1752253385546
0.0,0.0,4.048,33.6,1752253385668
0.0,0.0,4.048,33.6,1752253385746
0.0,0.0,4.048,33.6,1752253385871
0.0,0.0,4.069,33.6,1752253385952
0.0,0.0,4.1,33.6,1752253386076
0.0,0.0,4.1,33.6,1752253386162
0.0,0.0,4.089,33.6,1752253386311
0.0,0.0,4.1,33.6,1752253386401
0.0,0.0,4.11,33.6,1752253386554
0.0,0.0,4.131,33.6,1752253386644
0.0,0.0,4.141,33.6,1752253386793
0.0,0.0,4.152,33.6,1752253386883
31.708139419555664,-97.18930053710938,4.152,33.6,1752253387000
0.0,0.0,4.162,33.6,1752253387237
0.0,0.0,4.173,33.6,1752253387331
0.0,0.0,4.194,33.6,1752253387497
0.0,0.0,4.194,33.6,1752253387577
0.0,0.0,4.194,33.6,1752253387697
0.0,0.0,4.204,33.6,1752253387778
0.0,0.0,4.214,33.6,1752253387903
0.0,0.0,4.225,33.6,1752253387990
31.70814323425293,-97.18929290771484,4.225,33.6,1752253388000
0.0,0.0,4.225,33.6,1752253388130
0.0,0.0,4.204,33.6,1752253388236
0.0,0.0,4.204,33.6,1752253388385
0.0,0.0,4.214,33.6,1752253388475
0.0,0.0,4.235,33.6,1752253388622
0.0,0.0,4.235,33.6,1752253388716
0.0,0.0,4.235,33.6,1752253388863
0.0,0.0,4.235,33.6,1752253388953
0.0,0.0,4.246,33.6,1752253389308
0.0,0.0,4.266,33.6,1752253389399
0.0,0.0,4.256,33.6,1752253389552
0.0,0.0,4.266,33.6,1752253389673
0.0,0.0,4.287,33.6,1752253389875
0.0,0.0,4.308,33.6,1752253389991
0.0,0.0,4.339,33.6,1752253390187
0.0,0.0,4.329,33.6,1752253390316
0.0,0.0,4.329,33.6,1752253390656
0.0,0.0,4.36,33.6,1752253390744
0.0,0.0,4.35,33.6,1752253390896
0.0,0.0,4.36,33.6,1752253390993
31.708145141601562,-97.18928527832031,4.36,33.6,1752253391000
0.0,0.0,4.37,33.6,1752253391146
0.0,0.0,4.37,33.6,1752253391252
0.0,0.0,4.37,33.6,1752253391399
0.0,0.0,4.381,33.6,1752253391498
0.0,0.0,4.37,33.6,1752253391645
0.0,0.0,4.381,33.6,1752253391740
0.0,0.0,4.381,33.6,1752253391886
0.0,0.0,4.412,33.6,1752253391982
0.0,0.0,4.402,33.6,1752253392132
0.0,0.0,4.412,33.6,1752253392238
0.0,0.0,4.443,33.6,1752253392387
0.0,0.0,4.443,33.6,1752253392479
0.0,0.0,4.475,33.6,1752253392624
0.0,0.0,4.485,33.6,1752253392714
0.0,0.0,4.506,33.6,1752253392863
0.0,0.0,4.506,33.6,1752253392979
0.0,0.0,4.495,33.6,1752253393376
0.0,0.0,4.506,33.6,1752253393473
0.0,0.0,4.516,33.6,1752253393636
0.0,0.0,4.516,33.6,1752253393737
0.0,0.0,4.516,33.6,1752253393885
0.0,0.0,4.506,33.6,1752253393990
31.708152770996094,-97.18928527832031,4.506,33.6,1752253394000
0.0,0.0,4.506,33.6,1752253394140
0.0,0.0,4.516,33.6,1752253394256
0.0,0.0,4.506,33.6,1752253394406
0.0,0.0,4.495,33.6,1752253394590
0.0,0.0,4.495,33.6,1752253394676
0.0,0.0,4.485,33.6,1752253394824
0.0,0.0,4.516,33.6,1752253394999
0.0,0.0,4.527,33.6,1752253395091
0.0,0.0,4.527,33.6,1752253395256
0.0,0.0,4.537,33.6,1752253395373
0.0,0.0,4.547,33.6,1752253395586
0.0,0.0,4.568,33.6,1752253395716
0.0,0.0,4.579,33.6,1752253395931
0.0,0.0,4.589,33.6,1752253396058
0.0,0.0,4.61,33.6,1752253396270
0.0,0.0,4.631,33.6,1752253396554
0.0,0.0,4.631,33.6,1752253396706
0.0,0.0,4.662,33.6,1752253396803
0.0,0.0,4.662,33.6,1752253396950
31.708158493041992,-97.18927764892578,4.672,33.6,1752253397000
0.0,0.0,4.672,33.6,1752253397048
0.0,0.0,4.672,33.6,1752253397199
0.0,0.0,4.683,33.6,1752253397313
0.0,0.0,4.683,33.6,1752253397461
0.0,0.0,4.672,33.6,1752253397556
0.0,0.0,4.693,33.6,1752253397707
0.0,0.0,4.703,33.6,1752253397803
0.0,0.0,4.703,33.6,1752253397958
0.0,0.0,4.683,33.6,1752253398058
0.0,0.0,4.693,33.6,1752253398226
0.0,0.0,4.693,33.6,1752253398354
0.0,0.0,4.703,33.6,1752253398561
0.0,0.0,4.703,33.6,1752253398688
0.0,0.0,4.693,33.6,1752253398896
0.0,0.0,4.693,33.6,1752253399027
0.0,0.0,4.703,33.6,1752253399246
0.0,0.0,4.703,33.6,1752253399560
0.0,0.0,4.703,33.6,1752253399713
0.0,0.0,4.714,33.6,1752253399811
0.0,0.0,4.693,33.6,1752253399966
0.0,0.0,4.714,33.6,1752253400066
0.0,0.0,4.724,33.6,1752253400227
0.0,0.0,4.735,33.6,1752253400335
0.0,0.0,4.724,33.6,1752253400490
0.0,0.0,4.735,33.6,1752253400589
0.0,0.0,4.745,33.6,1752253400750
0.0,0.0,4.745,33.6,1752253400860
31.708168029785156,-97.18927001953125,4.735,33.6,1752253401000
0.0,0.0,4.735,33.6,1752253401018
0.0,0.0,4.735,33.6,1752253401118
0.0,0.0,4.756,33.6,1752253401283
0.0,0.0,4.766,33.6,1752253401386
0.0,0.0,4.776,33.6,1752253401539
0.0,0.0,4.756,33.6,1752253401641
0.0,0.0,4.745,33.6,1752253401798
0.0,0.0,4.756,33.6,1752253401900
0.0,0.0,4.756,33.6,1752253402056
0.0,0.0,4.766,33.6,1752253402165
0.0,0.0,4.776,33.6,1752253402353
0.0,0.0,4.797,33.6,1752253402486
0.0,0.0,4.808,33.6,1752253402701
0.0,0.0,4.828,33.6,1752253402828
0.0,0.0,4.828,33.6,1752253403038
0.0,0.0,4.839,33.6,1752253403169
0.0,0.0,4.839,33.6,1752253403569
0.0,0.0,4.839,33.6,1752253403690
0.0,0.0,4.87,33.6,1752253403785
0.0,0.0,4.88,33.6,1752253403937
31.708175659179688,-97.18927001953125,4.88,33.6,1752253404000
0.0,0.0,4.88,33.6,1752253404042
0.0,0.0,4.87,33.6,1752253404203
0.0,0.0,4.86,33.6,1752253404311
0.0,0.0,4.86,33.6,1752253404471
0.0,0.0,4.849,33.6,1752253404570
0.0,0.0,4.828,33.6,1752253404729
0.0,0.0,4.818,33.6,1752253404828
0.0,0.0,4.818,33.6,1752253404980
0.0,0.0,4.797,33.6,1752253405083
0.0,0.0,4.797,33.6,1752253405250
0.0,0.0,4.776,33.6,1752253405375
0.0,0.0,4.776,33.6,1752253405590
0.0,0.0,4.776,33.6,1752253405715
0.0,0.0,4.776,33.6,1752253405934
31.70817756652832,-97.18926239013672,4.776,33.6,1752253406000
0.0,0.0,4.776,33.6,1752253406062
0.0,0.0,4.766,33.6,1752253406291
0.0,0.0,4.776,33.6,1752253406591
0.0,0.0,4.787,33.6,1752253406744
0.0,0.0,4.797,33.6,1752253406840
0.0,0.0,4.776,33.6,1752253406992
0.0,0.0,4.776,33.6,1752253407091
0.0,0.0,4.787,33.6,1752253407261
0.0,0.0,4.787,33.6,1752253407375
0.0,0.0,4.787,33.6,1752253407583
0.0,0.0,4.776,33.6,1752253407711
0.0,0.0,4.787,33.6,1752253407920
0.0,0.0,4.787,33.6,1752253408048
0.0,0.0,4.787,33.6,1752253408268
0.0,0.0,4.787,33.6,1752253408600
0.0,0.0,4.797,33.6,1752253408754
0.0,0.0,4.818,33.6,1752253408849
0.0,0.0,4.839,33.6,1752253409012
0.0,0.0,4.849,33.6,1752253409111
0.0,0.0,4.849,33.6,1752253409278
0.0,0.0,4.87,33.6,1752253409381
0.0,0.0,4.87,33.6,1752253409536
0.0,0.0,4.891,33.6,1752253409641
0.0,0.0,4.901,33.6,1752253409801
0.0,0.0,4.922,33.6,1752253409904
31.708187103271484,-97.18925476074219,4.912,33.6,1752253410000
0.0,0.0,4.912,33.6,1752253410071
0.0,0.0,4.912,33.6,1752253410177
0.0,0.0,4.912,33.6,1752253410348
0.0,0.0,4.901,33.6,1752253410455
0.0,0.0,4.891,33.6,1752253410612
0.0,0.0,4.891,33.6,1752253410715
0.0,0.0,4.891,33.6,1752253410874
0.0,0.0,4.891,33.6,1752253410986
0.0,0.0,4.891,33.6,1752253411150
0.0,0.0,4.901,33.6,1752253411268
0.0,0.0,4.891,33.6,1752253411449
0.0,0.0,4.891,33.6,1752253411575
0.0,0.0,4.912,33.6,1752253411794
0.0,0.0,4.932,33.6,1752253411921
31.70819091796875,-97.18925476074219,4.932,33.6,1752253412000
0.0,0.0,4.922,33.6,1752253412132
0.0,0.0,4.943,33.6,1752253412276
0.0,0.0,4.943,33.6,1752253412679
0.0,0.0,4.953,33.6,1752253412769
0.0,0.0,4.953,33.6,1752253412918
0.0,0.0,4.943,33.6,1752253413025
0.0,0.0,4.964,33.6,1752253413249
0.0,0.0,4.943,33.6,1752253413422
0.0,0.0,4.953,33.6,1752253413548
0.0,0.0,4.953,33.6,1752253413760
0.0,0.0,4.943,33.6,1752253413888
0.0,0.0,4.932,33.6,1752253414107
0.0,0.0,4.922,33.6,1752253414475
0.0,0.0,4.932,33.6,1752253414626
0.0,0.0,4.912,33.6,1752253414721
0.0,0.0,4.901,33.6,1752253414883
0.0,0.0,4.891,33.6,1752253414983
31.70819854736328,-97.18925476074219,4.891,33.6,1752253415000
0.0,0.0,4.912,33.6,1752253415139
0.0,0.0,4.891,33.6,1752253415263
0.0,0.0,4.912,33.6,1752253415419
0.0,0.0,4.891,33.6,1752253415520
0.0,0.0,4.86,33.6,1752253415681
0.0,0.0,4.891,33.6,1752253415784
0.0,0.0,1.259,32.8,1752253432942
0.0,0.0,1.28,32.8,1752253433039
0.0,0.0,1.28,32.8,1752253433239
0.0,0.0,1.28,32.8,1752253433361
0.0,0.0,1.28,32.8,1752253433551
0.0,0.0,1.3,32.8,1752253433663
0.0,0.0,1.3,32.8,1752253433853
0.0,0.0,1.3,32.8,1752253434220
0.0,0.0,1.29,32.8,1752253434363
0.0,0.0,1.29,32.8,1752253434446
0.0,0.0,1.3,32.8,1752253434587
0.0,0.0,1.3,32.8,1752253434676
0.0,0.0,1.311,32.8,1752253434819
0.0,0.0,1.29,32.8,1752253434909
31.70844078063965,-97.18911743164062,1.3,32.8,1752253435000
0.0,0.0,1.3,32.8,1752253435054
0.0,0.0,1.311,32.8,1752253435144
0.0,0.0,1.321,32.8,1752253435301
0.0,0.0,1.311,32.8,1752253435389
0.0,0.0,1.311,32.8,1752253435533
0.0,0.0,1.332,32.8,1752253435624
0.0,0.0,1.342,32.8,1752253435764
0.0,0.0,1.352,32.8,1752253435853
0.0,0.0,1.373,32.8,1752253436000
0.0,0.0,1.373,32.8,1752253436087
0.0,0.0,1.352,32.8,1752253436283
0.0,0.0,1.363,32.8,1752253436395
0.0,0.0,1.352,32.8,1752253436584
0.0,0.0,1.342,32.8,1752253436696
0.0,0.0,1.352,32.8,1752253436885
0.0,0.0,1.373,32.8,1752253436998
31.708444595336914,-97.18911743164062,1.373,32.8,1752253437000
0.0,0.0,1.363,32.8,1752253437275
0.0,0.0,1.363,32.8,1752253437516
0.0,0.0,1.342,32.8,1752253437651
0.0,0.0,1.342,32.8,1752253437731
0.0,0.0,1.342,32.8,1752253437877
0.0,0.0,1.332,32.8,1752253437965
0.0,0.0,1.352,32.8,1752253438107
0.0,0.0,1.352,32.8,1752253438196
0.0,0.0,1.363,32.8,1752253438378
0.0,0.0,1.363,32.8,1752253438489
0.0,0.0,1.352,32.8,1752253438678
0.0,0.0,1.342,32.8,1752253438790
0.0,0.0,1.342,32.8,1752253438981
31.70844841003418,-97.18911743164062,1.342,32.8,1752253439000
0.0,0.0,1.352,32.8,1752253439093
0.0,0.0,1.352,32.8,1752253439365
0.0,0.0,1.321,32.8,1752253439573
0.0,0.0,1.321,32.8,1752253439709
0.0,0.0,1.3,32.8,1752253439789
0.0,0.0,1.29,32.8,1752253439929
0.0,0.0,1.3,32.8,1752253440017
0.0,0.0,1.3,32.8,1752253440162
0.0,0.0,1.311,32.8,1752253440279
0.0,0.0,1.321,32.8,1752253440473
0.0,0.0,1.332,32.8,1752253440584
0.0,0.0,1.342,32.8,1752253440774
0.0,0.0,1.321,32.8,1752253440886
31.708454132080078,-97.18911743164062,1.342,32.8,1752253441000
0.0,0.0,1.342,32.8,1752253441077
0.0,0.0,1.352,32.8,1752253441192
0.0,0.0,1.363,32.8,1752253441562
0.0,0.0,1.363,32.8,1752253441642
0.0,0.0,1.373,32.8,1752253441777
0.0,0.0,1.352,32.8,1752253441860
0.0,0.0,1.363,32.8,1752253442005
0.0,0.0,1.363,32.8,1752253442089
0.0,0.0,1.352,32.8,1752253442280
0.0,0.0,1.332,32.8,1752253442393
0.0,0.0,1.321,32.8,1752253442583
0.0,0.0,1.311,32.8,1752253442695
0.0,0.0,1.332,32.8,1752253442886
0.0,0.0,1.321,32.8,1752253442998
0.0,0.0,1.321,32.8,1752253443267
0.0,0.0,1.321,32.8,1752253443490
0.0,0.0,1.311,32.8,1752253443627
0.0,0.0,1.321,32.8,1752253443707
0.0,0.0,1.332,32.8,1752253443848
0.0,0.0,1.321,32.8,1752253443935
0.0,0.0,1.332,32.8,1752253444075
0.0,0.0,1.321,32.8,1752253444169
0.0,0.0,1.321,32.8,1752253444318
0.0,0.0,1.311,32.8,1752253444406
0.0,0.0,1.3,32.8,1752253444544
0.0,0.0,1.28,32.8,1752253444629
0.0,0.0,1.28,32.8,1752253444774
0.0,0.0,1.29,32.8,1752253444861
31.70845603942871,-97.1891098022461,1.29,32.8,1752253445000
0.0,0.0,1.29,32.8,1752253445002
0.0,0.0,1.269,32.8,1752253445086
0.0,0.0,1.269,32.8,1752253445241
0.0,0.0,1.269,32.8,1752253445335
0.0,0.0,1.248,32.8,1752253445476
0.0,0.0,1.269,32.8,1752253445560
0.0,0.0,1.248,32.8,1752253445702
0.0,0.0,1.238,32.8,1752253445789
0.0,0.0,1.238,32.8,1752253445929
0.0,0.0,1.248,32.8,1752253446016
0.0,0.0,1.228,32.8,1752253446157
0.0,0.0,1.207,32.8,1752253446276
0.0,0.0,1.207,32.8,1752253446465
0.0,0.0,1.196,32.8,1752253446577
0.0,0.0,1.196,32.8,1752253446766
0.0,0.0,1.186,32.8,1752253446877
31.708457946777344,-97.1891098022461,1.186,32.8,1752253447000
0.0,0.0,1.186,32.8,1752253447067
0.0,0.0,1.165,32.8,1752253447189
0.0,0.0,1.155,32.8,1752253447552
0.0,0.0,1.155,32.8,1752253447632
0.0,0.0,1.155,32.8,1752253447771
0.0,0.0,1.144,32.8,1752253447854
0.0,0.0,1.134,32.8,1752253447997
0.0,0.0,1.134,32.8,1752253448081
0.0,0.0,1.144,32.8,1752253448233
0.0,0.0,1.134,32.8,1752253448341
0.0,0.0,1.123,32.8,1752253448530
0.0,0.0,1.113,32.8,1752253448642
0.0,0.0,1.092,32.8,1752253448830
0.0,0.0,1.103,32.8,1752253448942
31.708463668823242,-97.1891098022461,1.103,32.8,1752253449000
0.0,0.0,1.092,32.8,1752253449132
0.0,0.0,1.092,32.8,1752253449260
0.0,0.0,1.092,32.8,1752253449617
0.0,0.0,1.092,32.8,1752253449696
0.0,0.0,1.092,32.8,1752253449831
0.0,0.0,1.092,32.8,1752253449914
0.0,0.0,1.092,32.8,1752253450056
0.0,0.0,1.082,32.8,1752253450139
0.0,0.0,1.082,32.8,1752253450334
0.0,0.0,1.082,32.8,1752253450446
0.0,0.0,1.082,32.8,1752253450635
0.0,0.0,1.071,32.8,1752253450746
0.0,0.0,1.092,32.8,1752253450937
31.708467483520508,-97.18910217285156,1.092,32.8,1752253451000
0.0,0.0,1.092,32.8,1752253451051
0.0,0.0,1.092,32.8,1752253451245
0.0,0.0,1.082,32.8,1752253451558
0.0,0.0,1.071,32.8,1752253451692
0.0,0.0,1.061,32.8,1752253451772
0.0,0.0,1.061,32.8,1752253451907
0.0,0.0,1.04,32.8,1752253451992
0.0,0.0,1.04,32.8,1752253452135
0.0,0.0,1.051,32.8,1752253452239
0.0,0.0,1.061,32.8,1752253452412
0.0,0.0,1.051,32.8,1752253452523
0.0,0.0,1.04,32.8,1752253452714
0.0,0.0,1.03,32.8,1752253452825
31.70846939086914,-97.18910217285156,1.019,32.8,1752253453000
0.0,0.0,1.019,32.8,1752253453015
0.0,0.0,1.019,32.8,1752253453128
0.0,0.0,1.03,32.8,1752253453392
0.0,0.0,1.019,32.8,1752253453599
0.0,0.0,1.019,32.8,1752253453741
0.0,0.0,1.04,32.8,1752253453822
0.0,0.0,1.04,32.8,1752253453958
0.0,0.0,1.04,32.8,1752253454040
0.0,0.0,1.051,32.8,1752253454191
0.0,0.0,1.061,32.8,1752253454308
0.0,0.0,1.071,32.8,1752253454500
0.0,0.0,1.071,32.8,1752253454612
0.0,0.0,1.092,32.8,1752253454803
0.0,0.0,1.092,32.8,1752253454916
31.708473205566406,-97.18909454345703,1.092,32.8,1752253455000
0.0,0.0,1.092,32.8,1752253455108
0.0,0.0,1.123,32.8,1752253455438
0.0,0.0,1.123,32.8,1752253455576
0.0,0.0,1.103,32.8,1752253455655
0.0,0.0,1.103,32.8,1752253455795
0.0,0.0,1.103,32.8,1752253455876
0.0,0.0,1.113,32.8,1752253456015
0.0,0.0,1.113,32.8,1752253456100
0.0,0.0,1.123,32.8,1752253456289
0.0,0.0,1.134,32.8,1752253456400
0.0,0.0,1.144,32.8,1752253456588
0.0,0.0,1.144,32.8,1752253456699
0.0,0.0,1.144,32.8,1752253456889
31.708477020263672,-97.18909454345703,1.144,32.8,1752253457000
0.0,0.0,1.144,32.8,1752253457002
0.0,0.0,1.155,32.8,1752253457253
0.0,0.0,1.175,32.8,1752253457477
0.0,0.0,1.186,32.8,1752253457613
0.0,0.0,1.207,32.8,1752253457695
0.0,0.0,1.217,32.8,1752253457834
0.0,0.0,1.217,32.8,1752253457921
0.0,0.0,1.217,32.8,1752253458060
0.0,0.0,1.207,32.8,1752253458145
0.0,0.0,1.217,32.8,1752253458334
0.0,0.0,1.207,32.8,1752253458445
0.0,0.0,1.228,32.8,1752253458633
0.0,0.0,1.217,32.8,1752253458744
0.0,0.0,1.186,32.8,1752253458933
31.708480834960938,-97.18909454345703,1.196,32.8,1752253459000
0.0,0.0,1.196,32.8,1752253459047
0.0,0.0,1.186,32.8,1752253459240
0.0,0.0,1.175,32.8,1752253459529
0.0,0.0,1.175,32.8,1752253459664
0.0,0.0,1.155,32.8,1752253459743
0.0,0.0,1.155,32.8,1752253459883
0.0,0.0,1.155,32.8,1752253459964
0.0,0.0,1.134,32.8,1752253460104
0.0,0.0,1.123,32.8,1752253460199
0.0,0.0,1.082,32.8,1752253460379
0.0,0.0,1.082,32.8,1752253460491
0.0,0.0,1.082,32.8,1752253460679
0.0,0.0,1.082,32.8,1752253460790
0.0,0.0,1.092,32.8,1752253460980
31.70848274230957,-97.1890869140625,1.092,32.8,1752253461000
0.0,0.0,1.092,32.8,1752253461094
0.0,0.0,1.061,32.8,1752253461297
0.0,0.0,1.051,32.8,1752253461574
0.0,0.0,1.019,32.8,1752253461713
0.0,0.0,1.061,32.8,1752253461792
0.0,0.0,1.061,32.8,1752253461929
0.0,0.0,1.051,32.8,1752253462016
0.0,0.0,1.04,32.8,1752253462157
0.0,0.0,1.03,32.8,1752253462275
0.0,0.0,0.999,32.8,1752253462463
0.0,0.0,0.978,32.8,1752253462574
0.0,0.0,0.936,32.8,1752253462760
0.0,0.0,0.915,32.8,1752253462875
31.7084903717041,-97.1890869140625,0.905,32.8,1752253463000
0.0,0.0,0.905,32.8,1752253463064
0.0,0.0,0.895,32.8,1752253463179
0.0,0.0,0.884,32.8,1752253463515
0.0,0.0,0.822,32.8,1752253463594
0.0,0.0,0.79,32.8,1752253463728
0.0,0.0,0.78,32.8,1752253463809
0.0,0.0,0.749,32.8,1752253463945
0.0,0.0,0.728,32.8,1752253464028
0.0,0.0,0.718,32.8,1752253464166
0.0,0.0,0.707,32.8,1752253464284
0.0,0.0,0.697,32.8,1752253464475
0.0,0.0,0.676,32.8,1752253464586
0.0,0.0,0.697,32.8,1752253464774
0.0,0.0,0.676,32.8,1752253464886
31.708494186401367,-97.1890869140625,0.676,32.8,1752253465000
0.0,0.0,0.676,32.8,1752253465074
0.0,0.0,0.686,32.8,1752253465187
0.0,0.0,0.697,32.8,1752253465520
0.0,0.0,0.686,32.8,1752253465599
0.0,0.0,0.676,32.8,1752253465732
0.0,0.0,0.666,32.8,1752253465812
0.0,0.0,0.666,32.8,1752253465947
0.0,0.0,0.676,32.8,1752253466030
0.0,0.0,0.676,32.8,1752253466177
0.0,0.0,0.666,32.8,1752253466290
0.0,0.0,0.634,32.8,1752253466478
0.0,0.0,0.645,32.8,1752253466590
0.0,0.0,0.645,32.8,1752253466777
0.0,0.0,0.634,32.8,1752253466889
0.0,0.0,0.624,32.8,1752253467078
0.0,0.0,0.614,32.8,1752253467185
0.0,0.0,0.614,32.8,1752253467510
0.0,0.0,0.603,32.8,1752253467591
0.0,0.0,0.603,32.8,1752253467724
0.0,0.0,0.593,32.8,1752253467803
0.0,0.0,0.582,32.8,1752253467937
31.708499908447266,-97.1890869140625,0.582,32.8,1752253468000
0.0,0.0,0.582,32.8,1752253468017
0.0,0.0,0.582,32.8,1752253468089
0.0,0.0,0.572,32.8,1752253468242
0.0,0.0,0.582,32.8,1752253468328
0.0,0.0,0.593,32.8,1752253468468
0.0,0.0,0.593,32.8,1752253468552
0.0,0.0,0.593,32.8,1752253468694
0.0,0.0,0.593,32.8,1752253468773
0.0,0.0,0.593,32.8,1752253468910
0.0,0.0,0.582,32.8,1752253468990
31.708505630493164,-97.1890869140625,0.582,32.8,1752253469000
0.0,0.0,0.582,32.8,1752253469126
0.0,0.0,0.582,32.8,1752253469224
0.0,0.0,0.582,32.8,1752253469394
0.0,0.0,0.582,32.8,1752253469504
0.0,0.0,0.582,32.8,1752253469694
0.0,0.0,0.582,32.8,1752253469810
0.0,0.0,0.582,32.8,1752253469997
0.0,0.0,0.582,32.8,1752253470109
0.0,0.0,0.582,32.8,1752253470294
0.0,0.0,0.572,32.8,1752253470574
0.0,0.0,0.572,32.8,1752253470764
0.0,0.0,0.572,32.8,1752253470870
0.0,0.0,0.572,32.8,1752253471057
0.0,0.0,0.572,32.8,1752253471173
0.0,0.0,0.561,32.8,1752253471370
0.0,0.0,0.572,32.8,1752253471475
0.0,0.0,0.572,32.8,1752253471790
0.0,0.0,0.572,32.8,1752253471871
31.70850944519043,-97.18907928466797,0.582,32.8,1752253472000
0.0,0.0,0.582,32.8,1752253472003
0.0,0.0,0.582,32.8,1752253472087
0.0,0.0,0.582,32.8,1752253472235
0.0,0.0,0.593,32.8,1752253472314
0.0,0.0,0.593,32.8,1752253472451
0.0,0.0,0.593,32.8,1752253472533
0.0,0.0,0.593,32.8,1752253472670
0.0,0.0,0.614,32.8,1752253472751
0.0,0.0,0.614,32.8,1752253472891
0.0,0.0,0.614,32.8,1752253472971
31.708515167236328,-97.18907928466797,0.614,32.8,1752253473000
0.0,0.0,0.614,32.8,1752253473109
0.0,0.0,0.603,32.8,1752253473199
0.0,0.0,0.603,32.8,1752253473373
0.0,0.0,0.593,32.8,1752253473484
0.0,0.0,0.593,32.8,1752253473668
0.0,0.0,0.593,32.8,1752253473776
0.0,0.0,0.593,32.8,1752253473965
0.0,0.0,0.593,32.8,1752253474077
0.0,0.0,0.593,32.8,1752253474506
0.0,0.0,0.593,32.8,1752253474597
0.0,0.0,0.593,32.8,1752253474782
0.0,0.0,0.593,32.8,1752253474893
0.0,0.0,0.603,32.8,1752253475075
0.0,0.0,0.603,32.8,1752253475192
0.0,0.0,0.624,32.8,1752253475388
0.0,0.0,0.624,32.8,1752253475653
0.0,0.0,0.624,32.8,1752253475790
0.0,0.0,0.624,32.8,1752253475869
31.70851707458496,-97.18907928466797,0.645,32.8,1752253476000
0.0,0.0,0.645,32.8,1752253476003
0.0,0.0,0.666,32.8,1752253476088
0.0,0.0,0.666,32.8,1752253476227
0.0,0.0,0.666,32.8,1752253476311
0.0,0.0,0.666,32.8,1752253476444
0.0,0.0,0.666,32.8,1752253476526
0.0,0.0,0.666,32.8,1752253476666
0.0,0.0,0.676,32.8,1752253476748
0.0,0.0,0.676,32.8,1752253476884
0.0,0.0,0.686,32.8,1752253476964
31.708518981933594,-97.18907165527344,0.686,32.8,1752253477000
0.0,0.0,0.697,32.8,1752253477105
0.0,0.0,0.686,32.8,1752253477190
0.0,0.0,0.666,32.8,1752253477368
0.0,0.0,0.655,32.8,1752253477481
0.0,0.0,0.666,32.8,1752253477665
0.0,0.0,0.666,32.8,1752253477782
0.0,0.0,0.666,32.8,1752253477965
0.0,0.0,0.666,32.8,1752253478077
0.0,0.0,0.666,32.8,1752253478269
0.0,0.0,0.666,32.8,1752253478553
0.0,0.0,0.655,32.8,1752253478740
0.0,0.0,0.655,32.8,1752253478853
31.708520889282227,-97.18907165527344,0.655,32.8,1752253479000
0.0,0.0,0.655,32.8,1752253479042
0.0,0.0,0.666,32.8,1752253479159
0.0,0.0,0.676,32.8,1752253479356
0.0,0.0,0.686,32.8,1752253479460
0.0,0.0,0.676,32.8,1752253479784
0.0,0.0,0.676,32.8,1752253479863
0.0,0.0,0.676,32.8,1752253479995
0.0,0.0,0.676,32.8,1752253480077
0.0,0.0,0.697,32.8,1752253480217
0.0,0.0,0.697,32.8,1752253480330
0.0,0.0,0.707,32.8,1752253480516
0.0,0.0,0.718,32.8,1752253480629
0.0,0.0,0.718,32.8,1752253480815
0.0,0.0,0.728,32.8,1752253480931
0.0,0.0,0.749,32.8,1752253481116
0.0,0.0,0.749,32.8,1752253481238
0.0,0.0,0.759,32.8,1752253481558
0.0,0.0,0.78,32.8,1752253481637
0.0,0.0,0.78,32.8,1752253481772
0.0,0.0,0.78,32.8,1752253481852
0.0,0.0,0.78,32.8,1752253481988
31.708520889282227,-97.18907165527344,0.78,32.8,1752253482000
0.0,0.0,0.79,32.8,1752253482067
0.0,0.0,0.811,32.8,1752253482229
0.0,0.0,0.811,32.8,1752253482315
0.0,0.0,0.79,32.8,1752253482455
0.0,0.0,0.801,32.8,1752253482535
0.0,0.0,0.801,32.8,1752253482670
0.0,0.0,0.801,32.8,1752253482749
0.0,0.0,0.79,32.8,1752253482891
0.0,0.0,0.78,32.8,1752253482971
31.708520889282227,-97.18907165527344,0.78,32.8,1752253483000
0.0,0.0,0.78,32.8,1752253483116
0.0,0.0,0.77,32.8,1752253483203
0.0,0.0,0.77,32.8,1752253483381
0.0,0.0,0.78,32.8,1752253483493
0.0,0.0,0.759,32.8,1752253483676
0.0,0.0,0.759,32.8,1752253483789
0.0,0.0,0.79,32.8,1752253483978
0.0,0.0,0.77,32.8,1752253484092
0.0,0.0,0.79,32.8,1752253484291
0.0,0.0,0.79,32.8,1752253484594
0.0,0.0,0.801,32.8,1752253484782
0.0,0.0,0.832,32.8,1752253484893
0.0,0.0,0.832,32.8,1752253485079
0.0,0.0,0.842,32.8,1752253485196
0.0,0.0,0.842,32.8,1752253485390
0.0,0.0,0.832,32.8,1752253485501
0.0,0.0,0.832,32.8,1752253485848
0.0,0.0,0.842,32.8,1752253485926
31.708520889282227,-97.1890640258789,0.853,32.8,1752253486000
0.0,0.0,0.853,32.8,1752253486058
0.0,0.0,0.863,32.8,1752253486136
0.0,0.0,0.863,32.8,1752253486287
0.0,0.0,0.842,32.8,1752253486369
0.0,0.0,0.832,32.8,1752253486507
0.0,0.0,0.811,32.8,1752253486588
0.0,0.0,0.811,32.8,1752253486722
0.0,0.0,0.79,32.8,1752253486806
0.0,0.0,0.811,32.8,1752253486942
31.708520889282227,-97.1890640258789,0.801,32.8,1752253487000
0.0,0.0,0.801,32.8,1752253487024
0.0,0.0,0.79,32.8,1752253487165
0.0,0.0,0.79,32.8,1752253487279
0.0,0.0,0.78,32.8,1752253487460
0.0,0.0,0.759,32.8,1752253487569
0.0,0.0,0.738,32.8,1752253487750
0.0,0.0,0.759,32.8,1752253487860
0.0,0.0,0.77,32.8,1752253488049
0.0,0.0,0.759,32.8,1752253488164
0.0,0.0,0.759,32.8,1752253488547
0.0,0.0,0.77,32.8,1752253488656
0.0,0.0,0.77,32.8,1752253488836
0.0,0.0,0.79,32.8,1752253488946
0.0,0.0,0.801,32.8,1752253489129
0.0,0.0,0.801,32.8,1752253489252
0.0,0.0,0.811,32.8,1752253489437
0.0,0.0,0.822,32.8,1752253489719
0.0,0.0,0.832,32.8,1752253489850
0.0,0.0,0.822,32.8,1752253489928
31.708524703979492,-97.1890640258789,0.822,32.8,1752253490000
0.0,0.0,0.822,32.8,1752253490062
0.0,0.0,0.822,32.8,1752253490146
0.0,0.0,0.832,32.8,1752253490303
0.0,0.0,0.832,32.8,1752253490389
0.0,0.0,0.811,32.8,1752253490523
0.0,0.0,0.811,32.8,1752253490605
0.0,0.0,0.822,32.8,1752253490743
0.0,0.0,0.832,32.8,1752253490825
0.0,0.0,0.842,32.8,1752253490959
0.0,0.0,0.842,32.8,1752253491047
0.0,0.0,0.853,32.8,1752253491196
0.0,0.0,0.853,32.8,1752253491304
0.0,0.0,0.853,32.8,1752253491488
0.0,0.0,0.853,32.8,1752253491595
0.0,0.0,0.863,32.8,1752253491775
0.0,0.0,0.853,32.8,1752253491884
31.708526611328125,-97.1890640258789,0.874,32.8,1752253492000
0.0,0.0,0.874,32.8,1752253492065
0.0,0.0,0.874,32.8,1752253492183
0.0,0.0,0.874,32.8,1752253492570
0.0,0.0,0.884,32.8,1752253492647
0.0,0.0,0.884,32.8,1752253492776
0.0,0.0,0.895,32.8,1752253492854
0.0,0.0,0.905,32.8,1752253492983
0.0,0.0,0.905,32.8,1752253493065
0.0,0.0,0.905,32.8,1752253493208
0.0,0.0,0.905,32.8,1752253493319
0.0,0.0,0.915,32.8,1752253493501
0.0,0.0,0.947,32.8,1752253493609
0.0,0.0,0.957,32.8,1752253493790
0.0,0.0,0.957,32.8,1752253493901
31.70853042602539,-97.1890640258789,0.988,32.8,1752253494000
0.0,0.0,0.988,32.8,1752253494081
0.0,0.0,0.999,32.8,1752253494200
0.0,0.0,0.999,32.8,1752253494564
0.0,0.0,0.999,32.8,1752253494644
0.0,0.0,0.999,32.8,1752253494775
0.0,0.0,1.019,32.8,1752253494853
0.0,0.0,1.061,32.8,1752253494990
0.0,0.0,1.061,32.8,1752253495072
0.0,0.0,1.051,32.8,1752253495219
0.0,0.0,1.051,32.8,1752253495335
0.0,0.0,1.04,32.8,1752253495519
0.0,0.0,1.082,32.8,1752253495631
0.0,0.0,1.082,32.8,1752253495818
0.0,0.0,1.092,32.8,1752253495930
31.708532333374023,-97.1890640258789,1.092,32.8,1752253496000
0.0,0.0,1.113,32.8,1752253496114
0.0,0.0,1.134,32.8,1752253496239
0.0,0.0,1.134,32.8,1752253496592
0.0,0.0,1.113,32.8,1752253496670
0.0,0.0,1.113,32.8,1752253496804
0.0,0.0,1.134,32.8,1752253496883
0.0,0.0,1.144,32.8,1752253497013
0.0,0.0,1.165,32.8,1752253497096
0.0,0.0,1.186,32.8,1752253497277
0.0,0.0,1.165,32.8,1752253497390
0.0,0.0,1.175,32.8,1752253497573
0.0,0.0,1.155,32.8,1752253497684
0.0,0.0,1.165,32.8,1752253497872
0.0,0.0,1.165,32.8,1752253497985
0.0,0.0,1.144,32.8,1752253498172
0.0,0.0,1.155,32.8,1752253498482
0.0,0.0,1.165,32.8,1752253498614
0.0,0.0,1.144,32.8,1752253498693
0.0,0.0,1.144,32.8,1752253498824
0.0,0.0,1.123,32.8,1752253498905
0.0,0.0,1.113,32.8,1752253499042
0.0,0.0,1.092,32.8,1752253499127
0.0,0.0,1.113,32.8,1752253499283
0.0,0.0,1.134,32.8,1752253499370
0.0,0.0,1.103,32.8,1752253499502
0.0,0.0,1.103,32.8,1752253499586
0.0,0.0,1.113,32.8,1752253499725
0.0,0.0,1.113,32.8,1752253499810
0.0,0.0,1.103,32.8,1752253499946
31.708534240722656,-97.18905639648438,1.134,32.8,1752253500000
0.0,0.0,1.134,32.8,1752253500035
0.0,0.0,1.134,32.8,1752253500188
0.0,0.0,1.123,32.8,1752253500282
0.0,0.0,1.123,32.8,1752253500417
0.0,0.0,1.134,32.8,1752253500504
0.0,0.0,1.113,32.8,1752253500638
0.0,0.0,1.103,32.8,1752253500720
0.0,0.0,1.134,32.8,1752253500859
0.0,0.0,1.113,32.8,1752253500942
31.70853614807129,-97.18905639648438,1.113,32.8,1752253501000
0.0,0.0,1.103,32.8,1752253501080
0.0,0.0,1.071,32.8,1752253501170
0.0,0.0,1.082,32.8,1752253501343
0.0,0.0,1.019,32.8,1752253501454
0.0,0.0,1.03,32.8,1752253501639
0.0,0.0,1.019,32.8,1752253501753
0.0,0.0,1.019,32.8,1752253501938
0.0,0.0,1.009,32.8,1752253502057
0.0,0.0,1.009,32.8,1752253502251
0.0,0.0,0.999,32.8,1752253502561
0.0,0.0,0.967,32.8,1752253502745
0.0,0.0,1.467,32.8,1752253519639
0.0,0.0,1.467,32.8,1752253520047
0.0,0.0,1.467,32.8,1752253520480
0.0,0.0,1.467,32.8,1752253520922
0.0,0.0,1.467,32.8,1752253520996
31.708572387695312,-97.1890640258789,1.467,32.8,1752253521000
0.0,0.0,1.436,32.8,1752253521129
0.0,0.0,1.415,32.8,1752253521213
0.0,0.0,1.394,32.8,1752253521346
0.0,0.0,1.384,32.8,1752253521425
0.0,0.0,1.373,32.8,1752253521561
0.0,0.0,1.352,32.8,1752253521640
0.0,0.0,1.342,32.8,1752253521772
0.0,0.0,1.321,32.8,1752253521851
0.0,0.0,1.28,32.8,1752253521983
0.0,0.0,1.28,32.8,1752253522064
0.0,0.0,1.269,32.8,1752253522196
0.0,0.0,1.3,32.8,1752253522293
0.0,0.0,1.311,32.8,1752253522422
0.0,0.0,1.321,32.8,1752253522500
0.0,0.0,1.332,32.8,1752253522676
0.0,0.0,1.321,32.8,1752253522785
0.0,0.0,1.311,32.8,1752253522968
31.70857048034668,-97.1890640258789,1.311,32.8,1752253523000
0.0,0.0,1.332,32.8,1752253523079
0.0,0.0,1.332,32.8,1752253523497
0.0,0.0,1.332,32.8,1752253523575
0.0,0.0,1.332,32.8,1752253523706
0.0,0.0,1.332,32.8,1752253523788
0.0,0.0,1.342,32.8,1752253523926
0.0,0.0,1.29,32.8,1752253524012
0.0,0.0,1.3,32.8,1752253524154
0.0,0.0,1.28,32.8,1752253524274
0.0,0.0,1.29,32.8,1752253524456
0.0,0.0,1.3,32.8,1752253524565
0.0,0.0,1.3,32.8,1752253524747
0.0,0.0,1.29,32.8,1752253524858
0.0,0.0,1.29,32.8,1752253525041
0.0,0.0,1.29,32.8,1752253525152
0.0,0.0,1.3,32.8,1752253525535
0.0,0.0,1.332,32.8,1752253525613
0.0,0.0,1.321,32.8,1752253525742
0.0,0.0,1.352,32.8,1752253525819
0.0,0.0,1.363,32.8,1752253525959
31.708568572998047,-97.18907165527344,1.363,32.8,1752253526000
0.0,0.0,1.363,32.8,1752253526043
0.0,0.0,1.332,32.8,1752253526196
0.0,0.0,1.321,32.8,1752253526285
0.0,0.0,1.332,32.8,1752253526426
0.0,0.0,1.311,32.8,1752253526509
0.0,0.0,1.3,32.8,1752253526650
0.0,0.0,1.3,32.8,1752253526732
0.0,0.0,1.29,32.8,1752253526873
0.0,0.0,1.248,32.8,1752253526956
31.70856475830078,-97.18907165527344,1.248,32.8,1752253527000
0.0,0.0,1.259,32.8,1752253527098
0.0,0.0,1.248,32.8,1752253527188
0.0,0.0,1.207,32.8,1752253527358
0.0,0.0,1.186,32.8,1752253527468
0.0,0.0,1.217,32.8,1752253527651
0.0,0.0,1.196,32.8,1752253527762
0.0,0.0,1.155,32.8,1752253527952
0.0,0.0,1.165,32.8,1752253528062
0.0,0.0,1.155,32.8,1752253528261
0.0,0.0,1.113,32.8,1752253528577
0.0,0.0,1.113,32.8,1752253528764
0.0,0.0,1.113,32.8,1752253529021
0.0,0.0,1.113,32.8,1752253529122
0.0,0.0,1.092,32.8,1752253529319
0.0,0.0,1.082,32.8,1752253529428
0.0,0.0,1.082,32.8,1752253529792
0.0,0.0,1.04,32.8,1752253529870
31.70856285095215,-97.18907928466797,1.04,32.8,1752253530000
0.0,0.0,1.04,32.8,1752253530004
0.0,0.0,1.061,32.8,1752253530087
0.0,0.0,1.019,32.8,1752253530243
0.0,0.0,0.999,32.8,1752253530329
0.0,0.0,0.999,32.8,1752253530471
0.0,0.0,0.947,32.8,1752253530554
0.0,0.0,0.936,32.8,1752253530695
0.0,0.0,0.905,32.8,1752253530781
0.0,0.0,0.905,32.8,1752253530920
31.708560943603516,-97.18907928466797,0.895,32.8,1752253531000
0.0,0.0,0.895,32.8,1752253531002
0.0,0.0,0.884,32.8,1752253531144
0.0,0.0,0.863,32.8,1752253531266
0.0,0.0,0.842,32.8,1752253531448
0.0,0.0,0.822,32.8,1752253531557
0.0,0.0,0.822,32.8,1752253531738
0.0,0.0,0.832,32.8,1752253531848
0.0,0.0,0.811,32.8,1752253532036
0.0,0.0,0.842,32.8,1752253532145
0.0,0.0,0.853,32.8,1752253532548
0.0,0.0,0.884,32.8,1752253532657
0.0,0.0,0.895,32.8,1752253532862
0.0,0.0,0.926,32.8,1752253532971
0.0,0.0,0.957,32.8,1752253533278
0.0,0.0,0.978,32.8,1752253533853
0.0,0.0,0.988,32.8,1752253533928
31.708559036254883,-97.1890869140625,1.009,32.8,1752253534000
0.0,0.0,1.009,32.8,1752253534062
0.0,0.0,0.999,32.8,1752253534143
0.0,0.0,0.988,32.8,1752253534306
0.0,0.0,0.978,32.8,1752253534393
0.0,0.0,0.957,32.8,1752253534529
0.0,0.0,0.936,32.8,1752253534613
0.0,0.0,0.915,32.8,1752253534752
0.0,0.0,0.895,32.8,1752253534836
0.0,0.0,0.884,32.8,1752253534975
31.708553314208984,-97.1890869140625,0.884,32.8,1752253535000
0.0,0.0,0.822,32.8,1752253535057
0.0,0.0,0.822,32.8,1752253535204
0.0,0.0,0.822,32.8,1752253535325
0.0,0.0,0.801,32.8,1752253535507
0.0,0.0,0.832,32.8,1752253535616
0.0,0.0,0.822,32.8,1752253535797
0.0,0.0,0.832,32.8,1752253535908
0.0,0.0,0.863,32.8,1752253536110
0.0,0.0,0.895,32.8,1752253536234
0.0,0.0,0.905,32.8,1752253536610
0.0,0.0,0.905,32.8,1752253536719
0.0,0.0,0.905,32.8,1752253536899
0.0,0.0,0.915,32.8,1752253537008
0.0,0.0,0.874,32.8,1752253537195
0.0,0.0,0.853,32.8,1752253537319
0.0,0.0,0.853,32.8,1752253537503
0.0,0.0,0.811,32.8,1752253537809
31.70854949951172,-97.18909454345703,0.811,32.8,1752253538000
0.0,0.0,0.811,32.8,1752253538096
0.0,0.0,0.78,32.8,1752253538181
0.0,0.0,0.759,32.8,1752253538330
0.0,0.0,0.697,32.8,1752253538530
0.0,0.0,0.666,32.8,1752253538609
0.0,0.0,0.686,32.8,1752253538753
0.0,0.0,0.676,32.8,1752253538841
0.0,0.0,0.676,32.8,1752253538983
31.708547592163086,-97.18910217285156,0.676,32.8,1752253539000
0.0,0.0,0.686,32.8,1752253539068
0.0,0.0,0.707,32.8,1752253539219
0.0,0.0,0.759,32.8,1752253539281
0.0,0.0,0.79,32.8,1752253539431
0.0,0.0,0.79,32.8,1752253539617
0.0,0.0,0.79,32.8,1752253539732
0.0,0.0,0.78,32.8,1752253539917
0.0,0.0,0.79,32.8,1752253539981
0.0,0.0,0.832,32.8,1752253540035
0.0,0.0,0.79,32.8,1752253540126
0.0,0.0,0.78,32.8,1752253540268
0.0,0.0,0.77,32.8,1752253540597
0.0,0.0,0.759,32.8,1752253540694
0.0,0.0,0.749,32.8,1752253540755
0.0,0.0,0.676,32.8,1752253540845
0.0,0.0,0.645,32.8,1752253540977
31.708541870117188,-97.18910217285156,0.645,32.8,1752253541000
0.0,0.0,0.603,32.8,1752253541080
0.0,0.0,0.603,32.8,1752253541188
0.0,0.0,0.603,32.8,1752253541257
0.0,0.0,0.603,32.8,1752253541354
0.0,0.0,0.561,32.8,1752253541487
0.0,0.0,0.572,32.8,1752253541657
0.0,0.0,0.561,32.8,1752253541856
0.0,0.0,0.551,32.8,1752253541908
0.0,0.0,0.551,32.8,1752253541982
0.0,0.0,0.541,32.8,1752253542087
0.0,0.0,0.593,32.8,1752253542172
0.0,0.0,0.603,32.8,1752253542296
0.0,0.0,0.624,32.8,1752253542404
0.0,0.0,0.624,32.8,1752253542551
0.0,0.0,0.634,32.8,1752253542734
0.0,0.0,0.634,32.8,1752253542793
0.0,0.0,0.666,32.8,1752253542933
0.0,0.0,0.686,32.8,1752253543122
0.0,0.0,0.655,32.8,1752253543247
0.0,0.0,0.676,32.8,1752253543641
0.0,0.0,0.686,32.8,1752253543718
0.0,0.0,0.686,32.8,1752253543856
0.0,0.0,0.666,32.8,1752253543937
0.0,0.0,0.686,32.8,1752253544166
0.0,0.0,0.666,32.8,1752253544253
0.0,0.0,0.676,32.8,1752253544394
0.0,0.0,0.676,32.8,1752253544483
0.0,0.0,0.676,32.8,1752253544623
0.0,0.0,0.686,32.8,1752253544708
0.0,0.0,0.666,32.8,1752253544845
0.0,0.0,0.666,32.8,1752253544934
31.708538055419922,-97.1891098022461,0.666,32.8,1752253545000
0.0,0.0,0.655,32.8,1752253545071
0.0,0.0,0.655,32.8,1752253545163
0.0,0.0,0.666,32.8,1752253545315
0.0,0.0,0.686,32.8,1752253545404
0.0,0.0,0.697,32.8,1752253545549
0.0,0.0,0.728,32.8,1752253545636
0.0,0.0,0.738,32.8,1752253545776
0.0,0.0,0.759,32.8,1752253545861
0.0,0.0,0.78,32.8,1752253545998
0.0,0.0,0.801,32.8,1752253546087
0.0,0.0,0.832,32.8,1752253546243
0.0,0.0,0.853,32.8,1752253546350
0.0,0.0,0.874,32.8,1752253546533
0.0,0.0,0.905,32.8,1752253546644
0.0,0.0,0.926,32.8,1752253546827
0.0,0.0,0.957,32.8,1752253546939
31.708534240722656,-97.1891098022461,0.957,32.8,1752253547000
0.0,0.0,0.988,32.8,1752253547122
0.0,0.0,0.988,32.8,1752253547250
0.0,0.0,0.999,32.8,1752253547648
0.0,0.0,1.019,32.8,1752253547728
0.0,0.0,1.04,32.8,1752253547863
0.0,0.0,1.04,32.8,1752253547948
0.0,0.0,1.061,32.8,1752253548093
0.0,0.0,1.04,32.8,1752253548187
0.0,0.0,1.019,32.8,1752253548370
0.0,0.0,0.999,32.8,1752253548482
0.0,0.0,0.967,32.8,1752253548666
0.0,0.0,0.936,32.8,1752253548778
0.0,0.0,0.895,32.8,1752253548961
31.708532333374023,-97.18911743164062,0.895,32.8,1752253549000
0.0,0.0,0.915,32.8,1752253549073
0.0,0.0,0.936,32.8,1752253549271
0.0,0.0,0.905,32.8,1752253549610
0.0,0.0,0.874,32.8,1752253549744
0.0,0.0,0.874,32.8,1752253549829
0.0,0.0,0.895,32.8,1752253549965
0.0,0.0,0.936,32.8,1752253550056
0.0,0.0,0.978,32.8,1752253550202
0.0,0.0,0.988,32.8,1752253550317
0.0,0.0,1.051,32.8,1752253550502
0.0,0.0,1.103,32.8,1752253550611
0.0,0.0,1.165,32.6,1752253550804
0.0,0.0,1.134,32.6,1752253550918
0.0,0.0,1.123,32.6,1752253551105
0.0,0.0,1.155,32.6,1752253551226
0.0,0.0,1.165,32.6,1752253551631
0.0,0.0,1.144,32.6,1752253551716
0.0,0.0,1.123,32.6,1752253551855
0.0,0.0,1.103,32.6,1752253551937
0.0,0.0,1.061,32.6,1752253552085
0.0,0.0,1.061,32.6,1752253552183
0.0,0.0,1.019,32.6,1752253552332
0.0,0.0,0.978,32.6,1752253552419
0.0,0.0,0.926,32.6,1752253552562
0.0,0.0,0.957,32.6,1752253552647
0.0,0.0,0.978,32.6,1752253552794
0.0,0.0,0.988,32.6,1752253552881
31.708526611328125,-97.18913269042969,1.009,32.6,1752253553000
0.0,0.0,1.009,32.6,1752253553027
0.0,0.0,1.009,32.6,1752253553116
0.0,0.0,1.03,32.6,1752253553279
0.0,0.0,1.051,32.6,1752253553367
0.0,0.0,1.061,32.6,1752253553515
0.0,0.0,1.061,32.6,1752253553600
0.0,0.0,1.061,32.6,1752253553744
0.0,0.0,1.082,32.6,1752253553828
0.0,0.0,1.092,32.6,1752253553975
0.0,0.0,1.082,32.6,1752253554061
0.0,0.0,1.061,32.6,1752253554215
0.0,0.0,1.061,32.6,1752253554329
0.0,0.0,1.051,32.6,1752253554512
0.0,0.0,1.04,32.6,1752253554624
0.0,0.0,1.03,32.6,1752253554807
0.0,0.0,1.009,32.6,1752253554919
31.70851707458496,-97.18913269042969,1.009,32.6,1752253555000
0.0,0.0,0.999,32.6,1752253555102
0.0,0.0,1.009,32.6,1752253555227
0.0,0.0,1.019,32.6,1752253555631
0.0,0.0,1.009,32.6,1752253555709
0.0,0.0,0.999,32.6,1752253555851
0.0,0.0,0.988,32.6,1752253555933
0.0,0.0,0.978,32.6,1752253556077
0.0,0.0,0.967,32.6,1752253556165
0.0,0.0,0.957,32.6,1752253556343
0.0,0.0,0.947,32.6,1752253556452
0.0,0.0,0.936,32.6,1752253556634
0.0,0.0,0.936,32.6,1752253556744
0.0,0.0,0.926,32.6,1752253556930
0.0,0.0,0.905,32.6,1752253557039
0.0,0.0,0.905,32.6,1752253557227
0.0,0.0,0.905,32.6,1752253557573
0.0,0.0,0.895,32.6,1752253557707
0.0,0.0,0.895,32.6,1752253557790
0.0,0.0,0.895,32.6,1752253557930
0.0,0.0,0.884,32.6,1752253558017
0.0,0.0,0.895,32.6,1752253558163
0.0,0.0,0.874,32.6,1752253558268
0.0,0.0,0.863,32.6,1752253558406
0.0,0.0,0.863,32.6,1752253558494
0.0,0.0,0.853,32.6,1752253558633
0.0,0.0,0.842,32.6,1752253558721
0.0,0.0,0.822,32.6,1752253558861
0.0,0.0,0.811,32.6,1752253558948
31.708511352539062,-97.18914031982422,0.811,32.6,1752253559000
0.0,0.0,0.811,32.6,1752253559092
0.0,0.0,0.801,32.6,1752253559189
0.0,0.0,0.801,32.6,1752253559335
0.0,0.0,0.79,32.6,1752253559428
0.0,0.0,0.78,32.6,1752253559566
0.0,0.0,0.79,32.6,1752253559652
0.0,0.0,0.79,32.6,1752253559793
0.0,0.0,0.79,32.6,1752253559882
0.0,0.0,0.78,32.6,1752253560024
0.0,0.0,0.79,32.6,1752253560113
0.0,0.0,0.78,32.6,1752253560295
0.0,0.0,0.77,32.6,1752253560404
0.0,0.0,0.749,32.6,1752253560587
0.0,0.0,0.738,32.6,1752253560696
0.0,0.0,0.728,32.6,1752253560880
0.0,0.0,0.728,32.6,1752253560989
31.708513259887695,-97.18914794921875,0.728,32.6,1752253561000
0.0,0.0,0.728,32.6,1752253561172
0.0,0.0,0.728,32.6,1752253561521
0.0,0.0,0.707,32.6,1752253561651
0.0,0.0,0.686,32.6,1752253561734
0.0,0.0,0.686,32.6,1752253561877
0.0,0.0,0.676,32.6,1752253561922
0.0,0.0,0.666,32.6,1752253561965
31.708511352539062,-97.18916320800781,0.666,32.6,1752253562000
0.0,0.0,0.676,32.6,1752253562038
0.0,0.0,0.697,32.6,1752253562143
0.0,0.0,0.718,32.6,1752253562303
0.0,0.0,0.738,32.6,1752253562398
0.0,0.0,0.749,32.6,1752253562487
0.0,0.0,0.728,32.6,1752253562544
0.0,0.0,0.728,32.6,1752253562636
0.0,0.0,0.728,32.6,1752253562767
0.0,0.0,0.728,32.6,1752253562868
0.0,0.0,0.718,32.6,1752253562964
0.0,0.0,0.707,32.6,1752253563023
0.0,0.0,0.697,32.6,1752253563114
0.0,0.0,0.697,32.6,1752253563254
0.0,0.0,0.666,32.6,1752253563448
0.0,0.0,0.634,32.6,1752253563658
0.0,0.0,0.593,32.6,1752253563753
0.0,0.0,0.582,32.6,1752253563881
0.0,0.0,0.593,32.6,1752253563982
31.70850944519043,-97.18917083740234,0.593,32.6,1752253564000
0.0,0.0,0.582,32.6,1752253564080
0.0,0.0,0.582,32.6,1752253564139
0.0,0.0,0.582,32.6,1752253564247
0.0,0.0,0.593,32.6,1752253564390
0.0,0.0,0.614,32.6,1752253564720
0.0,0.0,0.614,32.6,1752253564762
0.0,0.0,0.614,32.6,1752253564834
0.0,0.0,0.634,32.6,1752253564932
0.0,0.0,0.645,32.6,1752253565000
31.708511352539062,-97.18917846679688,0.645,32.6,1752253565000
0.0,0.0,0.666,32.6,1752253565043
0.0,0.0,0.686,32.6,1752253565117
0.0,0.0,0.676,32.6,1752253565234
0.0,0.0,0.686,32.6,1752253565334
0.0,0.0,0.686,32.6,1752253565393
0.0,0.0,0.686,32.6,1752253565613
0.0,0.0,0.666,32.6,1752253565677
0.0,0.0,0.634,32.6,1752253565765
0.0,0.0,0.624,32.6,1752253565822
0.0,0.0,0.634,32.6,1752253565912
0.0,0.0,0.624,32.6,1752253566048
0.0,0.0,0.634,32.6,1752253566149
0.0,0.0,0.645,32.6,1752253566251
0.0,0.0,0.634,32.6,1752253566549
0.0,0.0,0.634,32.6,1752253566636
0.0,0.0,0.634,32.6,1752253566772
0.0,0.0,0.634,32.6,1752253566867
0.0,0.0,0.624,32.6,1752253566926
31.708515167236328,-97.18917846679688,0.624,32.6,1752253567000
0.0,0.0,0.645,32.6,1752253567148
0.0,0.0,0.655,32.6,1752253567315
0.0,0.0,0.645,32.6,1752253567372
0.0,0.0,0.634,32.6,1752253567424
0.0,0.0,0.645,32.6,1752253567512
0.0,0.0,0.624,32.6,1752253567850
0.0,0.0,0.645,32.6,1752253567926
0.0,0.0,0.645,32.6,1752253567995
0.0,0.0,0.645,32.6,1752253568037
0.0,0.0,0.634,32.6,1752253568109
0.0,0.0,0.634,32.6,1752253568314
0.0,0.0,0.634,32.6,1752253568373
0.0,0.0,0.634,32.6,1752253568425
0.0,0.0,0.624,32.6,1752253568513
0.0,0.0,0.634,32.6,1752253568743
0.0,0.0,0.634,32.6,1752253568802
0.0,0.0,0.634,32.6,1752253568854
0.0,0.0,0.645,32.6,1752253568942
31.708518981933594,-97.1891860961914,0.645,32.6,1752253569000
0.0,0.0,0.624,32.6,1752253569074
0.0,0.0,0.614,32.6,1752253569185
0.0,0.0,0.614,32.6,1752253569290
0.0,0.0,0.614,32.6,1752253569574
0.0,0.0,0.614,32.6,1752253569642
0.0,0.0,0.603,32.6,1752253569739
0.0,0.0,0.603,32.6,1752253569808
0.0,0.0,0.593,32.6,1752253569850
0.0,0.0,0.582,32.6,1752253569922
31.70851707458496,-97.18919372558594,0.582,32.6,1752253570000
0.0,0.0,0.582,32.6,1752253570025
0.0,0.0,0.572,32.6,1752253570098
0.0,0.0,0.572,32.6,1752253570143
0.0,0.0,0.582,32.6,1752253570244
0.0,0.0,0.593,32.6,1752253570378
0.0,0.0,0.593,32.6,1752253570534
0.0,0.0,0.582,32.6,1752253570629
0.0,0.0,0.593,32.6,1752253570716
0.0,0.0,0.593,32.6,1752253570774
0.0,0.0,0.593,32.6,1752253570870
0.0,0.0,0.603,32.6,1752253571001
0.0,0.0,0.603,32.6,1752253571100
0.0,0.0,0.593,32.6,1752253571195
0.0,0.0,0.593,32.6,1752253571605
0.0,0.0,0.603,32.6,1752253571705
0.0,0.0,0.624,32.6,1752253571792
0.0,0.0,0.614,32.6,1752253571849
0.0,0.0,0.614,32.6,1752253571939
31.70851707458496,-97.18919372558594,0.614,32.6,1752253572000
0.0,0.0,0.603,32.6,1752253572069
0.0,0.0,0.603,32.6,1752253572274
0.0,0.0,0.593,32.6,1752253572414
0.0,0.0,0.593,32.6,1752253572628
0.0,0.0,0.593,32.6,1752253572696
0.0,0.0,0.582,32.6,1752253572792
0.0,0.0,0.593,32.6,1752253572865
0.0,0.0,0.593,32.6,1752253572912
0.0,0.0,0.603,32.6,1752253572980
0.0,0.0,0.593,32.6,1752253573080
0.0,0.0,0.593,32.6,1752253573155
0.0,0.0,0.593,32.6,1752253573288
0.0,0.0,0.593,32.6,1752253573475
0.0,0.0,0.593,32.6,1752253573584
0.0,0.0,0.593,32.6,1752253573764
0.0,0.0,0.603,32.6,1752253573821
0.0,0.0,0.614,32.6,1752253573961
31.70851707458496,-97.18920135498047,0.614,32.6,1752253574000
0.0,0.0,0.624,32.6,1752253574057
0.0,0.0,0.614,32.6,1752253574251
0.0,0.0,0.614,32.6,1752253574592
0.0,0.0,0.634,32.6,1752253574723
0.0,0.0,0.634,32.6,1752253574800
0.0,0.0,0.645,32.6,1752253574940
0.0,0.0,0.655,32.6,1752253575027
0.0,0.0,0.655,32.6,1752253575099
0.0,0.0,0.676,32.6,1752253575168
0.0,0.0,0.666,32.6,1752253575329
0.0,0.0,0.676,32.6,1752253575512
0.0,0.0,0.676,32.6,1752253575621
0.0,0.0,0.686,32.6,1752253575802
0.0,0.0,0.697,32.6,1752253575912
31.708518981933594,-97.189208984375,0.697,32.6,1752253576000
0.0,0.0,0.697,32.6,1752253576095
0.0,0.0,0.707,32.6,1752253576471
0.0,0.0,0.707,32.6,1752253576604
0.0,0.0,0.707,32.6,1752253576682
0.0,0.0,0.707,32.6,1752253576824
0.0,0.0,0.718,32.6,1752253576913
0.0,0.0,0.728,32.6,1752253577050
0.0,0.0,0.738,32.6,1752253577133
0.0,0.0,0.728,32.6,1752253577321
0.0,0.0,0.738,32.6,1752253577430
0.0,0.0,0.749,32.6,1752253577610
0.0,0.0,0.77,32.6,1752253577720
0.0,0.0,0.78,32.6,1752253577901
31.708518981933594,-97.18921661376953,0.79,32.6,1752253578000
0.0,0.0,0.79,32.6,1752253578011
0.0,0.0,0.811,32.6,1752253578196
0.0,0.0,0.822,32.6,1752253578546
0.0,0.0,0.842,32.6,1752253578679
0.0,0.0,0.863,32.6,1752253578758
0.0,0.0,0.884,32.6,1752253578898
0.0,0.0,0.905,32.6,1752253578985
0.0,0.0,0.926,32.6,1752253579126
0.0,0.0,0.947,32.6,1752253579229
0.0,0.0,0.947,32.6,1752253579398
0.0,0.0,0.957,32.6,1752253579508
0.0,0.0,0.978,32.6,1752253579688
0.0,0.0,0.988,32.6,1752253579798
0.0,0.0,0.988,32.6,1752253579980
31.70851707458496,-97.18921661376953,0.988,32.6,1752253580000
0.0,0.0,1.04,32.6,1752253580038
0.0,0.0,1.009,32.4,1752253594775
0.0,0.0,0.978,32.4,1752253595170
0.0,0.0,0.978,32.4,1752253597008
0.0,0.0,0.978,32.4,1752253597417
0.0,0.0,0.978,32.4,1752253598398
0.0,0.0,0.967,32.4,1752253599211
0.0,0.0,0.988,32.4,1752253599651
0.0,0.0,0.967,32.4,1752253600086
0.0,0.0,1.009,32.4,1752253601326
0.0,0.0,0.978,32.4,1752253601759
0.0,0.0,0.957,32.4,1752253602216
0.0,0.0,0.957,32.4,1752253602686
0.0,0.0,0.999,32.4,1752253603129
0.0,0.0,1.092,32.4,1752253603582
0.0,0.0,1.123,32.4,1752253604011
0.0,0.0,1.113,32.6,1752253623938
0.0,0.0,1.134,32.6,1752253624402
0.0,0.0,1.134,32.6,1752253624855
0.0,0.0,1.082,32.6,1752253625318
0.0,0.0,1.082,32.6,1752253626188
0.0,0.0,1.019,32.6,1752253627061
0.0,0.0,1.019,32.6,1752253627850
0.0,0.0,1.04,32.6,1752253628316
0.0,0.0,0.999,32.6,1752253628769
0.0,0.0,0.999,32.6,1752253629233
0.0,0.0,0.936,32.6,1752253629683
0.0,0.0,0.915,32.6,1752253630140
0.0,0.0,0.957,32.6,1752253630610
0.0,0.0,0.957,32.6,1752253631066
0.0,0.0,0.936,32.8,1752253631543
0.0,0.0,0.978,32.8,1752253632039
0.0,0.0,0.957,32.8,1752253632507
0.0,0.0,1.009,32.8,1752253632973
0.0,0.0,1.019,32.8,1752253633435
0.0,0.0,1.009,32.8,1752253634730
0.0,0.0,1.04,32.8,1752253635192
0.0,0.0,1.009,32.8,1752253635652
0.0,0.0,0.999,32.8,1752253636106
0.0,0.0,0.978,32.8,1752253636571
0.0,0.0,0.967,32.8,1752253637027
0.0,0.0,0.947,32.8,1752253637490
0.0,0.0,0.978,32.8,1752253637947
0.0,0.0,0.978,32.8,1752253638420
0.0,0.0,0.957,32.8,1752253638880
0.0,0.0,0.947,32.8,1752253639352
0.0,0.0,0.926,32.8,1752253639816
0.0,0.0,0.895,32.8,1752253640293
0.0,0.0,0.905,32.8,1752253640752
0.0,0.0,0.915,32.8,1752253641225
0.0,0.0,0.947,32.8,1752253641683
0.0,0.0,0.978,32.8,1752253642148
0.0,0.0,0.978,32.8,1752253642617
0.0,0.0,0.967,32.8,1752253643084
0.0,0.0,0.957,32.8,1752253643556
0.0,0.0,0.957,32.8,1752253644018
0.0,0.0,0.957,32.8,1752253644491
0.0,0.0,0.936,32.8,1752253644573
0.0,0.0,0.905,32.8,1752253644728
0.0,0.0,0.884,32.8,1752253644822
0.0,0.0,0.853,32.8,1752253644977
0.0,0.0,0.842,32.8,1752253645071
0.0,0.0,0.832,32.8,1752253645237
0.0,0.0,0.832,32.8,1752253645330
0.0,0.0,0.842,32.8,1752253645487
0.0,0.0,0.853,32.8,1752253645583
0.0,0.0,0.874,32.8,1752253645739
0.0,0.0,0.884,32.8,1752253645831
0.0,0.0,0.905,32.8,1752253645988
31.70847511291504,-97.18926239013672,0.905,32.8,1752253646000
0.0,0.0,0.915,32.8,1752253646083
0.0,0.0,0.915,32.8,1752253646257
0.0,0.0,0.947,32.8,1752253646351
0.0,0.0,0.957,32.8,1752253646503
0.0,0.0,0.947,32.8,1752253646597
0.0,0.0,0.957,32.8,1752253646754
0.0,0.0,0.957,32.8,1752253646847
0.0,0.0,0.957,32.8,1752253647003
0.0,0.0,0.967,32.8,1752253647100
0.0,0.0,0.957,32.8,1752253647311
0.0,0.0,0.957,32.8,1752253647420
0.0,0.0,0.967,32.8,1752253647611
0.0,0.0,0.967,32.8,1752253647722
0.0,0.0,0.978,32.8,1752253647915
31.708473205566406,-97.18926239013672,0.947,32.8,1752253648000
0.0,0.0,0.947,32.8,1752253648026
0.0,0.0,0.957,32.8,1752253648224
0.0,0.0,0.978,32.8,1752253648609
0.0,0.0,0.988,32.8,1752253648806
0.0,0.0,0.999,32.8,1752253648918
0.0,0.0,0.999,32.8,1752253649099
0.0,0.0,0.999,32.8,1752253649207
0.0,0.0,0.999,32.8,1752253649389
0.0,0.0,1.009,32.8,1752253649500
0.0,0.0,1.019,32.8,1752253649693
0.0,0.0,1.009,32.8,1752253649802
0.0,0.0,1.03,32.8,1752253649994
31.70846939086914,-97.18926239013672,1.03,32.8,1752253650000
0.0,0.0,1.04,32.8,1752253650103
0.0,0.0,1.051,32.8,1752253650311
0.0,0.0,1.061,32.8,1752253650682
0.0,0.0,1.051,32.8,1752253650876
0.0,0.0,1.04,32.8,1752253650992
0.0,0.0,1.03,32.8,1752253651155
0.0,0.0,1.03,32.8,1752253651259
0.0,0.0,1.051,32.8,1752253651444
0.0,0.0,1.051,32.8,1752253651555
0.0,0.0,1.04,32.8,1752253651748
0.0,0.0,1.051,32.8,1752253651857
0.0,0.0,1.051,32.8,1752253652050
0.0,0.0,1.04,32.8,1752253652164
0.0,0.0,1.04,32.8,1752253652635
0.0,0.0,1.04,32.8,1752253652745
0.0,0.0,1.03,32.8,1752253652939
31.708467483520508,-97.18926239013672,1.03,32.8,1752253653000
0.0,0.0,1.03,32.8,1752253653048
0.0,0.0,1.04,32.8,1752253653228
0.0,0.0,1.04,32.8,1752253653328
0.0,0.0,1.03,32.8,1752253653484
0.0,0.0,1.019,32.8,1752253653578
0.0,0.0,1.051,32.8,1752253653737
0.0,0.0,1.019,32.8,1752253653828
0.0,0.0,1.019,32.8,1752253653991
0.0,0.0,1.04,32.8,1752253654083
0.0,0.0,1.04,32.8,1752253654260
0.0,0.0,1.03,32.8,1752253654370
0.0,0.0,1.061,32.8,1752253654562
0.0,0.0,1.04,32.8,1752253654674
0.0,0.0,1.061,32.8,1752253654868
0.0,0.0,1.071,32.8,1752253654978
31.70846176147461,-97.18926239013672,1.071,32.8,1752253655000
0.0,0.0,1.082,32.8,1752253655171
0.0,0.0,1.082,32.8,1752253655371
0.0,0.0,1.061,32.8,1752253655738
0.0,0.0,1.071,32.8,1752253655849
0.0,0.0,1.082,32.8,1752253656043
0.0,0.0,1.071,32.8,1752253656152
0.0,0.0,1.082,32.8,1752253656358
0.0,0.0,1.082,32.8,1752253656468
0.0,0.0,1.082,32.8,1752253656661
0.0,0.0,1.082,32.8,1752253656771
0.0,0.0,1.092,32.8,1752253656963
31.708454132080078,-97.18926239013672,1.092,32.8,1752253657000
0.0,0.0,1.061,32.8,1752253657073
0.0,0.0,1.071,32.8,1752253657282
0.0,0.0,1.061,32.8,1752253657655
0.0,0.0,1.082,32.8,1752253657874
0.0,0.0,1.071,32.8,1752253657978
0.0,0.0,1.082,32.8,1752253658129
0.0,0.0,1.092,32.8,1752253658241
0.0,0.0,1.082,32.8,1752253658421
0.0,0.0,1.082,32.8,1752253658533
0.0,0.0,1.092,32.8,1752253658725
0.0,0.0,1.092,32.8,1752253658836
0.0,0.0,1.051,32.8,1752253659032
0.0,0.0,1.051,32.8,1752253659141
0.0,0.0,1.04,32.8,1752253659616
0.0,0.0,1.04,32.8,1752253659726
0.0,0.0,1.019,32.8,1752253659920
31.70844841003418,-97.18926239013672,1.009,32.8,1752253660000
0.0,0.0,1.009,32.8,1752253660031
0.0,0.0,0.988,32.8,1752253660213
0.0,0.0,0.978,32.8,1752253660307
0.0,0.0,0.947,32.8,1752253660468
0.0,0.0,0.936,32.8,1752253660557
0.0,0.0,0.957,32.8,1752253660718
0.0,0.0,0.936,32.8,1752253660812
0.0,0.0,0.936,32.8,1752253660975
0.0,0.0,0.915,32.8,1752253661066
0.0,0.0,0.884,32.8,1752253661237
0.0,0.0,0.863,32.8,1752253661357
0.0,0.0,0.915,32.8,1752253661760
0.0,0.0,0.967,32.8,1752253661860
31.70844268798828,-97.18927001953125,1.009,32.8,1752253662000
0.0,0.0,1.009,32.8,1752253662055
0.0,0.0,1.071,32.8,1752253662175
0.0,0.0,1.123,32.8,1752253662633
0.0,0.0,1.155,32.8,1752253662749
0.0,0.0,1.134,32.8,1752253662942
0.0,0.0,1.144,32.8,1752253663053
0.0,0.0,1.175,32.8,1752253663256
0.0,0.0,1.186,32.8,1752253663369
0.0,0.0,1.228,32.8,1752253663566
0.0,0.0,1.28,32.8,1752253663676
0.0,0.0,1.248,32.8,1752253663871
0.0,0.0,1.217,32.8,1752253663983
31.708436965942383,-97.18926239013672,1.217,32.8,1752253664000
0.0,0.0,1.175,32.8,1752253664175
0.0,0.0,1.123,32.8,1752253664563
0.0,0.0,1.071,32.8,1752253664759
0.0,0.0,1.061,32.8,1752253664869
0.0,0.0,1.061,32.8,1752253665067
0.0,0.0,1.061,32.8,1752253665160
0.0,0.0,1.071,32.8,1752253665360
0.0,0.0,1.082,32.8,1752253665472
0.0,0.0,1.071,32.8,1752253665665
0.0,0.0,1.061,32.8,1752253665774
0.0,0.0,1.092,32.8,1752253665966
0.0,0.0,1.113,32.8,1752253666076
0.0,0.0,1.134,32.8,1752253666284
0.0,0.0,1.134,32.8,1752253666654
0.0,0.0,1.207,32.8,1752253666848
0.0,0.0,1.217,32.8,1752253666960
31.708433151245117,-97.18926239013672,1.217,32.8,1752253667000
0.0,0.0,1.228,32.8,1752253667128
0.0,0.0,1.248,32.8,1752253667235
0.0,0.0,1.217,32.8,1752253667392
0.0,0.0,1.207,32.8,1752253667488
0.0,0.0,1.196,32.8,1752253667645
0.0,0.0,1.186,32.8,1752253667741
0.0,0.0,1.155,32.8,1752253667905
0.0,0.0,1.134,32.8,1752253668000
0.0,0.0,1.123,32.8,1752253668169
0.0,0.0,1.155,32.8,1752253668296
0.0,0.0,1.123,32.8,1752253668491
0.0,0.0,1.123,32.8,1752253668602
0.0,0.0,1.134,32.8,1752253668795
0.0,0.0,1.103,32.8,1752253668904
31.70842742919922,-97.18926239013672,1.103,32.8,1752253669000
0.0,0.0,1.092,32.8,1752253669100
0.0,0.0,1.061,32.8,1752253669476
0.0,0.0,1.04,32.8,1752253669676
0.0,0.0,1.019,32.8,1752253669789
0.0,0.0,1.051,32.8,1752253669984
0.0,0.0,1.051,32.8,1752253670095
0.0,0.0,1.04,32.8,1752253670300
0.0,0.0,1.019,32.8,1752253670411
0.0,0.0,0.999,32.8,1752253670606
0.0,0.0,0.978,32.8,1752253670718
0.0,0.0,0.957,32.8,1752253670912
0.0,0.0,0.957,32.8,1752253671023
0.0,0.0,0.936,32.8,1752253671219
0.0,0.0,0.947,32.8,1752253671601
0.0,0.0,0.947,32.8,1752253671798
0.0,0.0,0.967,32.8,1752253671908
31.708423614501953,-97.18925476074219,0.967,32.8,1752253672000
0.0,0.0,0.936,32.8,1752253672103
0.0,0.0,0.947,32.8,1752253672233
0.0,0.0,0.947,32.8,1752253672387
0.0,0.0,0.947,32.8,1752253672477
0.0,0.0,0.957,32.8,1752253672637
0.0,0.0,0.957,32.8,1752253672733
0.0,0.0,0.936,32.8,1752253672893
0.0,0.0,0.915,32.8,1752253672988
0.0,0.0,0.915,32.8,1752253673160
0.0,0.0,0.905,32.8,1752253673272
0.0,0.0,0.915,32.8,1752253673461
0.0,0.0,0.905,32.8,1752253673570
0.0,0.0,0.905,32.8,1752253673763
0.0,0.0,0.884,32.8,1752253673873
31.708417892456055,-97.18925476074219,0.874,32.8,1752253674000
0.0,0.0,0.874,32.8,1752253674070
0.0,0.0,0.874,32.8,1752253674191
0.0,0.0,0.863,32.8,1752253674662
0.0,0.0,0.853,32.8,1752253674773
0.0,0.0,0.853,32.8,1752253674969
0.0,0.0,0.863,32.8,1752253675080
0.0,0.0,0.863,32.8,1752253675292
0.0,0.0,0.884,32.8,1752253675415
0.0,0.0,0.915,32.8,1752253675608
0.0,0.0,0.926,32.8,1752253675718
0.0,0.0,0.926,32.8,1752253675911
0.0,0.0,0.957,32.8,1752253676024
0.0,0.0,0.957,32.8,1752253676221
0.0,0.0,0.999,32.8,1752253676596
0.0,0.0,1.03,32.8,1752253676791
0.0,0.0,1.071,32.8,1752253676903
0.0,0.0,1.092,32.8,1752253677098
0.0,0.0,1.103,32.8,1752253677225
0.0,0.0,1.123,32.8,1752253677384
0.0,0.0,1.123,32.8,1752253677480
0.0,0.0,1.113,32.8,1752253677640
0.0,0.0,1.144,32.8,1752253677736
0.0,0.0,1.186,32.8,1752253677895
0.0,0.0,1.196,32.8,1752253677997
31.708412170410156,-97.18924713134766,1.196,32.8,1752253678000
0.0,0.0,1.217,32.8,1752253678159
0.0,0.0,1.217,32.8,1752253678270
0.0,0.0,1.238,32.8,1752253678436
0.0,0.0,1.248,32.8,1752253678531
0.0,0.0,1.248,32.8,1752253678696
0.0,0.0,1.28,32.8,1752253678798
0.0,0.0,1.3,32.8,1752253678964
0.0,0.0,1.321,32.8,1752253679064
0.0,0.0,1.373,32.8,1752253679237
0.0,0.0,1.384,32.8,1752253679363
0.0,0.0,1.373,32.8,1752253679557
0.0,0.0,1.404,32.8,1752253679668
0.0,0.0,1.425,32.8,1752253679863
0.0,0.0,1.436,32.8,1752253679975
31.708406448364258,-97.18924713134766,1.436,32.8,1752253680000
0.0,0.0,1.456,32.8,1752253680169
0.0,0.0,1.436,32.8,1752253680549
0.0,0.0,1.54,32.8,1752253681174
0.0,0.0,1.644,32.8,1752253681293
0.0,0.0,1.758,32.8,1752253681477
0.0,0.0,1.873,32.8,1752253681588
0.0,0.0,1.966,32.8,1752253681784
0.0,0.0,2.07,32.8,1752253681896
0.0,0.0,2.185,32.8,1752253682092
0.0,0.0,2.268,32.8,1752253682212
0.0,0.0,2.393,32.8,1752253682680
0.0,0.0,2.497,32.8,1752253682791
0.0,0.0,2.601,32.8,1752253682989
31.708402633666992,-97.18924713134766,2.601,32.8,1752253683000
0.0,0.0,2.726,32.8,1752253683101
0.0,0.0,2.726,32.8,1752253683314
0.0,0.0,2.716,32.8,1752253683432
0.0,0.0,2.705,32.8,1752253683610
0.0,0.0,2.695,32.8,1752253683700
0.0,0.0,2.705,32.8,1752253683868
0.0,0.0,2.685,32.8,1752253683962
0.0,0.0,2.685,32.8,1752253684129
0.0,0.0,2.674,32.8,1752253684246
0.0,0.0,2.653,32.8,1752253684437
0.0,0.0,2.643,32.8,1752253684548
0.0,0.0,2.643,32.8,1752253684743
0.0,0.0,2.632,32.8,1752253684854
31.70840072631836,-97.18924713134766,2.664,32.8,1752253685000
0.0,0.0,2.664,32.8,1752253685050
0.0,0.0,2.737,32.8,1752253685165
0.0,0.0,2.778,32.8,1752253685631
0.0,0.0,2.82,32.8,1752253685748
0.0,0.0,2.882,32.8,1752253685947
0.0,0.0,2.924,32.8,1752253686060
0.0,0.0,2.965,32.8,1752253686272
0.0,0.0,3.028,32.8,1752253686396
0.0,0.0,3.038,32.8,1752253686592
0.0,0.0,3.038,32.8,1752253686705
0.0,0.0,3.059,32.8,1752253686901
0.0,0.0,3.059,32.8,1752253687014
0.0,0.0,3.07,32.8,1752253687285
0.0,0.0,3.059,32.8,1752253687649
0.0,0.0,3.08,32.8,1752253687846
0.0,0.0,3.08,32.8,1752253687958
31.708398818969727,-97.18924713134766,3.08,32.8,1752253688000
0.0,0.0,3.09,32.8,1752253688155
0.0,0.0,3.09,32.8,1752253688285
0.0,0.0,3.101,32.8,1752253688485
0.0,0.0,3.111,32.8,1752253688598
0.0,0.0,3.111,32.8,1752253688772
0.0,0.0,3.122,32.8,1752253688874
0.0,0.0,3.101,32.8,1752253689035
0.0,0.0,3.101,32.8,1752253689135
0.0,0.0,3.111,32.8,1752253689344
0.0,0.0,3.132,32.8,1752253689455
0.0,0.0,3.122,32.8,1752253689651
0.0,0.0,3.122,32.8,1752253689762
0.0,0.0,3.122,32.8,1752253689957
31.708393096923828,-97.18924713134766,3.122,32.8,1752253690000
0.0,0.0,3.142,32.8,1752253690068
0.0,0.0,3.142,32.8,1752253690354
0.0,0.0,3.142,32.8,1752253690643
0.0,0.0,3.153,32.8,1752253690841
0.0,0.0,3.153,32.8,1752253690954
0.0,0.0,3.153,32.8,1752253691155
0.0,0.0,3.174,32.8,1752253691283
0.0,0.0,3.174,32.8,1752253691496
0.0,0.0,3.163,32.8,1752253691610
0.0,0.0,3.205,32.8,1752253691809
0.0,0.0,3.205,32.8,1752253691923
0.0,0.0,3.215,32.8,1752253692125
0.0,0.0,3.215,32.8,1752253692253
0.0,0.0,3.226,32.8,1752253692713
0.0,0.0,3.226,32.8,1752253692829
31.708389282226562,-97.18923950195312,3.226,32.8,1752253693000
0.0,0.0,3.226,32.8,1752253693035
0.0,0.0,3.246,32.8,1752253693159
0.0,0.0,3.246,32.8,1752253693368
0.0,0.0,3.267,32.8,1752253693482
0.0,0.0,3.267,32.8,1752253693660
0.0,0.0,3.278,32.8,1752253693752
0.0,0.0,3.267,32.8,1752253693924
0.0,0.0,3.267,32.8,1752253694018
0.0,0.0,3.267,32.8,1752253694198
0.0,0.0,3.257,32.8,1752253694324
0.0,0.0,3.267,32.8,1752253694524
0.0,0.0,3.267,32.8,1752253694639
0.0,0.0,3.257,32.8,1752253694841
0.0,0.0,3.257,32.8,1752253694955
31.708383560180664,-97.18923950195312,3.257,32.8,1752253695000
0.0,0.0,3.267,32.8,1752253695155
0.0,0.0,3.257,32.8,1752253695548
0.0,0.0,3.257,32.8,1752253695755
0.0,0.0,3.257,32.8,1752253695872
0.0,0.0,3.267,32.8,1752253696073
0.0,0.0,3.257,32.8,1752253696193
0.0,0.0,3.267,32.8,1752253696416
0.0,0.0,3.288,32.8,1752253696530
0.0,0.0,3.288,32.8,1752253696729
0.0,0.0,3.309,32.8,1752253696842
0.0,0.0,3.309,32.8,1752253697042
0.0,0.0,3.309,32.8,1752253697162
0.0,0.0,3.309,32.8,1752253697634
0.0,0.0,3.309,32.8,1752253697748
0.0,0.0,3.319,32.8,1752253697948
31.708377838134766,-97.18923950195312,3.319,32.8,1752253698000
0.0,0.0,3.309,32.8,1752253698062
0.0,0.0,3.309,32.8,1752253698280
0.0,0.0,3.319,32.8,1752253698394
0.0,0.0,3.319,32.8,1752253698593
0.0,0.0,3.299,32.8,1752253698688
0.0,0.0,3.309,32.8,1752253698855
0.0,0.0,3.288,32.8,1752253698948
0.0,0.0,3.299,32.8,1752253699118
0.0,0.0,3.288,32.8,1752253699230
0.0,0.0,3.299,32.8,1752253699426
0.0,0.0,3.299,32.8,1752253699541
0.0,0.0,3.299,32.8,1752253699737
0.0,0.0,3.309,32.8,1752253699851
31.708372116088867,-97.18923950195312,3.309,32.8,1752253700000
0.0,0.0,3.309,32.8,1752253700048
0.0,0.0,3.299,32.8,1752253700165
0.0,0.0,3.299,32.8,1752253700635
0.0,0.0,3.309,32.8,1752253700751
0.0,0.0,3.299,32.8,1752253700950
0.0,0.0,3.309,32.8,1752253701066
0.0,0.0,3.299,32.8,1752253701277
0.0,0.0,3.309,32.8,1752253701404
0.0,0.0,3.309,32.8,1752253701597
0.0,0.0,3.319,32.8,1752253701712
0.0,0.0,3.33,32.8,1752253701904
0.0,0.0,3.34,32.8,1752253702019
0.0,0.0,3.351,32.8,1752253702217
0.0,0.0,3.351,32.8,1752253702611
0.0,0.0,3.382,32.8,1752253702806
0.0,0.0,3.371,32.8,1752253702921
31.70836639404297,-97.18923950195312,3.371,32.8,1752253703000
0.0,0.0,3.371,32.8,1752253703115
0.0,0.0,3.371,32.8,1752253703246
0.0,0.0,3.371,32.8,1752253703438
0.0,0.0,3.382,32.8,1752253703549
0.0,0.0,3.382,32.8,1752253703742
0.0,0.0,3.392,32.8,1752253703854
0.0,0.0,3.382,32.8,1752253704025
0.0,0.0,3.382,32.8,1752253704122
0.0,0.0,3.382,32.8,1752253704321
0.0,0.0,3.403,32.8,1752253704432
0.0,0.0,3.392,32.8,1752253704620
0.0,0.0,3.403,32.8,1752253704733
0.0,0.0,3.423,32.8,1752253704920
31.7083683013916,-97.18923950195312,3.434,32.8,1752253705000
0.0,0.0,3.434,32.8,1752253705031
0.0,0.0,3.455,32.8,1752253705230
0.0,0.0,3.444,32.8,1752253705611
0.0,0.0,3.455,32.8,1752253705799
0.0,0.0,3.444,32.8,1752253705911
0.0,0.0,3.455,32.8,1752253706100
0.0,0.0,3.475,32.8,1752253706226
0.0,0.0,3.465,32.8,1752253706428
0.0,0.0,3.465,32.8,1752253706538
0.0,0.0,3.475,32.8,1752253706725
0.0,0.0,3.486,32.8,1752253706835
0.0,0.0,3.475,32.8,1752253707021
0.0,0.0,3.475,32.8,1752253707135
0.0,0.0,3.465,32.8,1752253707357
0.0,0.0,3.475,32.8,1752253707731
0.0,0.0,3.465,32.8,1752253707917
0.0,0.0,3.475,32.8,1752253708030
0.0,0.0,3.475,32.8,1752253708222
0.0,0.0,3.455,32.8,1752253708345
0.0,0.0,3.475,32.8,1752253708530
0.0,0.0,3.475,32.8,1752253708641
0.0,0.0,3.496,32.8,1752253708829
0.0,0.0,3.486,32.8,1752253708940
31.708362579345703,-97.18923950195312,3.486,32.8,1752253709000
0.0,0.0,3.475,32.8,1752253709132
0.0,0.0,3.465,32.8,1752253709257
0.0,0.0,3.465,32.8,1752253709411
0.0,0.0,3.465,32.8,1752253709512
0.0,0.0,3.475,32.8,1752253709674
0.0,0.0,3.486,32.8,1752253709779
0.0,0.0,3.486,32.8,1752253709946
0.0,0.0,3.507,32.8,1752253710050
0.0,0.0,3.507,32.8,1752253710221
0.0,0.0,3.517,32.8,1752253710351
0.0,0.0,3.527,32.8,1752253710539
0.0,0.0,3.548,32.8,1752253710649
0.0,0.0,3.559,32.8,1752253710838
0.0,0.0,3.58,32.8,1752253710950
0.0,0.0,3.59,32.8,1752253711137
0.0,0.0,3.59,32.8,1752253711262
0.0,0.0,3.58,32.8,1752253711717
0.0,0.0,3.58,32.8,1752253711828
31.708358764648438,-97.18923950195312,3.58,32.8,1752253712000
0.0,0.0,3.58,32.8,1752253712018
0.0,0.0,3.569,32.8,1752253712130
0.0,0.0,3.559,32.8,1752253712333
0.0,0.0,3.559,32.8,1752253712450
0.0,0.0,3.538,32.8,1752253712639
0.0,0.0,3.527,32.8,1752253712750
0.0,0.0,3.538,32.8,1752253712941
0.0,0.0,3.527,32.8,1752253713052
0.0,0.0,3.517,32.8,1752253713245
0.0,0.0,3.527,32.8,1752253713380
0.0,0.0,3.538,32.8,1752253713569
0.0,0.0,3.538,32.8,1752253713682
0.0,0.0,3.548,32.8,1752253713868
0.0,0.0,3.559,32.8,1752253713982
0.0,0.0,3.559,32.8,1752253714170
0.0,0.0,3.58,32.8,1752253714297
0.0,0.0,3.59,32.8,1752253714752
0.0,0.0,3.611,32.8,1752253714863
0.0,0.0,3.611,32.8,1752253715053
0.0,0.0,3.611,32.8,1752253715169
0.0,0.0,3.611,32.8,1752253715370
0.0,0.0,3.611,32.8,1752253715481
0.0,0.0,3.621,32.8,1752253715669
0.0,0.0,3.632,32.8,1752253715781
0.0,0.0,3.632,32.8,1752253715976
31.708349227905273,-97.18923950195312,3.632,32.8,1752253716000
0.0,0.0,3.632,32.8,1752253716089
0.0,0.0,3.632,32.8,1752253716337
0.0,0.0,3.632,32.8,1752253716424
0.0,0.0,3.632,32.8,1752253716592
0.0,0.0,3.632,32.8,1752253716693
0.0,0.0,3.632,32.8,1752253716863
0.0,0.0,3.652,32.8,1752253716959
0.0,0.0,3.652,32.8,1752253717131
0.0,0.0,3.663,32.8,1752253717247
0.0,0.0,3.663,32.8,1752253717438
0.0,0.0,3.673,32.8,1752253717551
0.0,0.0,3.673,32.8,1752253717741
0.0,0.0,3.684,32.8,1752253717857
0.0,0.0,3.694,32.8,1752253718046
0.0,0.0,3.694,32.8,1752253718163
0.0,0.0,3.694,32.8,1752253718613
0.0,0.0,3.704,32.8,1752253718724
0.0,0.0,3.704,32.8,1752253718913
31.708345413208008,-97.18923950195312,3.704,32.8,1752253719000
0.0,0.0,3.704,32.8,1752253719026
0.0,0.0,3.704,32.8,1752253719219
0.0,0.0,3.715,32.8,1752253719346
0.0,0.0,3.736,32.8,1752253719536
0.0,0.0,3.746,32.8,1752253719647
0.0,0.0,3.756,32.8,1752253719838
0.0,0.0,3.788,32.8,1752253719954
0.0,0.0,3.777,32.8,1752253720145
0.0,0.0,3.798,32.8,1752253720273
0.0,0.0,3.798,32.8,1752253720470
0.0,0.0,3.808,32.8,1752253720580
0.0,0.0,3.808,32.8,1752253720771
0.0,0.0,3.819,32.8,1752253720881
31.708341598510742,-97.18923950195312,3.819,32.8,1752253721000
0.0,0.0,3.819,32.8,1752253721072
0.0,0.0,3.829,32.8,1752253721187
0.0,0.0,3.819,32.8,1752253721388
0.0,0.0,3.829,32.8,1752253721769
0.0,0.0,3.808,32.8,1752253721958
0.0,0.0,3.798,32.8,1752253722072
0.0,0.0,3.798,32.8,1752253722280
0.0,0.0,3.798,32.8,1752253722403
0.0,0.0,3.808,32.8,1752253722595
0.0,0.0,3.798,32.8,1752253722706
0.0,0.0,3.798,32.8,1752253722895
0.0,0.0,3.798,32.8,1752253723024
0.0,0.0,3.808,32.8,1752253723291
0.0,0.0,3.819,32.8,1752253723504
0.0,0.0,3.84,32.8,1752253723849
0.0,0.0,3.829,32.8,1752253723958
31.708335876464844,-97.18923950195312,3.829,32.8,1752253724000
0.0,0.0,3.84,32.8,1752253724149
0.0,0.0,3.861,32.8,1752253724279
0.0,0.0,3.861,32.8,1752253724465
0.0,0.0,3.861,32.8,1752253724575
0.0,0.0,3.881,32.8,1752253724763
0.0,0.0,3.892,32.8,1752253724874
0.0,0.0,3.902,32.8,1752253725068
0.0,0.0,3.902,32.8,1752253725183
0.0,0.0,3.902,32.8,1752253725394
0.0,0.0,3.892,32.8,1752253725505
0.0,0.0,3.902,32.8,1752253725697
0.0,0.0,3.913,32.8,1752253725821
31.708330154418945,-97.18924713134766,3.923,32.8,1752253726000
0.0,0.0,3.923,32.8,1752253726068
0.0,0.0,3.933,32.8,1752253726224
0.0,0.0,3.944,32.8,1752253726532
0.0,0.0,3.944,32.8,1752253726840
0.0,0.0,3.933,32.8,1752253727035
0.0,0.0,3.944,32.8,1752253727146
0.0,0.0,3.944,32.8,1752253727376
0.0,0.0,3.944,32.8,1752253727488
0.0,0.0,3.954,32.8,1752253727677
0.0,0.0,3.975,32.8,1752253727788
0.0,0.0,3.985,32.8,1752253728001
0.0,0.0,3.985,32.8,1752253728164
0.0,0.0,3.985,32.8,1752253728655
0.0,0.0,3.975,32.8,1752253728769
0.0,0.0,3.985,32.8,1752253728963
31.708322525024414,-97.18924713134766,3.985,32.8,1752253729000
0.0,0.0,3.985,32.8,1752253729074
0.0,0.0,3.996,32.8,1752253729282
0.0,0.0,4.006,32.8,1752253729399
0.0,0.0,4.017,32.8,1752253729591
0.0,0.0,4.017,32.8,1752253729703
0.0,0.0,4.037,32.8,1752253729896
0.0,0.0,4.037,32.8,1752253730009
0.0,0.0,4.027,32.8,1752253730184
0.0,0.0,4.037,32.8,1752253730313
0.0,0.0,4.037,32.8,1752253730506
0.0,0.0,4.058,32.8,1752253730617
0.0,0.0,4.058,32.8,1752253730809
0.0,0.0,2.945,32.6,1752253747136
0.0,0.0,2.924,32.6,1752253747234
0.0,0.0,2.934,32.6,1752253747406
0.0,0.0,2.924,32.6,1752253747511
0.0,0.0,2.924,32.6,1752253747680
0.0,0.0,2.945,32.6,1752253747786
0.0,0.0,2.965,32.6,1752253747954
0.0,0.0,2.955,32.6,1752253748058
0.0,0.0,2.924,32.6,1752253748243
0.0,0.0,2.945,32.6,1752253748345
0.0,0.0,2.965,32.6,1752253748516
0.0,0.0,2.965,32.6,1752253748623
0.0,0.0,2.976,32.6,1752253748789
0.0,0.0,2.997,32.6,1752253748895
31.708269119262695,-97.18934631347656,3.018,32.6,1752253749000
0.0,0.0,3.018,32.6,1752253749061
0.0,0.0,3.028,32.6,1752253749172
0.0,0.0,3.059,32.6,1752253749351
0.0,0.0,3.038,32.6,1752253749458
0.0,0.0,3.018,32.6,1752253749626
0.0,0.0,3.059,32.6,1752253749733
0.0,0.0,3.08,32.6,1752253749903
0.0,0.0,3.09,32.6,1752253750009
0.0,0.0,3.09,32.6,1752253750189
0.0,0.0,3.101,32.6,1752253750321
0.0,0.0,3.111,32.6,1752253750511
0.0,0.0,3.09,32.6,1752253750622
0.0,0.0,3.09,32.6,1752253750811
0.0,0.0,3.07,32.6,1752253750922
31.708271026611328,-97.18936920166016,3.07,32.6,1752253751000
0.0,0.0,3.059,32.6,1752253751112
0.0,0.0,3.049,32.6,1752253751259
0.0,0.0,3.059,32.6,1752253751714
0.0,0.0,3.038,32.6,1752253751826
0.0,0.0,3.018,32.6,1752253752024
0.0,0.0,3.007,32.6,1752253752138
0.0,0.0,2.986,32.6,1752253752348
0.0,0.0,2.986,32.6,1752253752459
0.0,0.0,2.955,32.6,1752253752649
0.0,0.0,2.955,32.6,1752253752793
0.0,0.0,2.913,32.6,1752253753070
0.0,0.0,2.934,32.6,1752253753236
0.0,0.0,2.903,32.6,1752253753713
0.0,0.0,2.924,32.6,1752253753824
31.708267211914062,-97.18938446044922,2.882,32.6,1752253754000
0.0,0.0,2.882,32.6,1752253754014
0.0,0.0,2.882,32.6,1752253754126
0.0,0.0,2.893,32.6,1752253754327
0.0,0.0,2.893,32.6,1752253754440
0.0,0.0,2.903,32.6,1752253754630
0.0,0.0,2.903,32.6,1752253754741
0.0,0.0,2.934,32.6,1752253754934
0.0,0.0,2.913,32.6,1752253755047
0.0,0.0,2.945,32.6,1752253755242
0.0,0.0,2.913,32.6,1752253755370
0.0,0.0,2.945,32.6,1752253755559
0.0,0.0,2.893,32.6,1752253755670
0.0,0.0,2.893,32.6,1752253755859
0.0,0.0,2.861,32.6,1752253756210
0.0,0.0,2.789,32.6,1752253756359
0.0,0.0,2.757,32.6,1752253756811
0.0,0.0,2.695,32.6,1752253756924
0.0,0.0,2.674,32.6,1752253757116
0.0,0.0,2.591,32.6,1752253757276
0.0,0.0,2.57,32.6,1752253757430
0.0,0.0,2.487,32.4,1752253757589
0.0,0.0,2.466,32.4,1752253757704
0.0,0.0,2.404,32.4,1752253757895
0.0,0.0,2.404,32.4,1752253758049
0.0,0.0,2.351,32.4,1752253758205
0.0,0.0,2.32,32.4,1752253758361
0.0,0.0,2.32,32.4,1752253758514
0.0,0.0,2.299,32.4,1752253758666
0.0,0.0,2.31,32.4,1752253758817
0.0,0.0,2.279,32.4,1752253758970
0.0,0.0,2.299,32.4,1752253759109
0.0,0.0,2.268,32.4,1752253759264
0.0,0.0,2.258,32.4,1752253759396
0.0,0.0,2.237,32.4,1752253759538
0.0,0.0,2.247,32.4,1752253759676
0.0,0.0,2.185,32.4,1752253759819
0.0,0.0,2.154,32.4,1752253759959
31.70825958251953,-97.18946838378906,2.154,32.4,1752253760000
0.0,0.0,2.102,32.4,1752253760100
0.0,0.0,2.05,32.4,1752253760254
0.0,0.0,1.998,32.4,1752253760406
0.0,0.0,1.935,32.4,1752253760541
0.0,0.0,1.904,32.4,1752253760689
0.0,0.0,1.842,32.4,1752253760833
0.0,0.0,1.81,32.4,1752253760940
0.0,0.0,1.758,32.4,1752253761117
0.0,0.0,1.717,32.4,1752253761235
0.0,0.0,1.633,32.4,1752253761428
0.0,0.0,1.613,32.4,1752253761541
0.0,0.0,1.592,32.4,1752253761732
0.0,0.0,1.55,32.4,1752253761844
0.0,0.0,1.519,32.4,1752253762037
0.0,0.0,1.498,32.4,1752253762147
0.0,0.0,1.467,32.4,1752253762433
0.0,0.0,1.436,32.4,1752253762806
31.708261489868164,-97.18948364257812,1.394,32.4,1752253763000
0.0,0.0,1.394,32.4,1752253763021
0.0,0.0,1.352,32.4,1752253763134
0.0,0.0,1.311,32.4,1752253763352
0.0,0.0,1.29,32.4,1752253763464
0.0,0.0,1.259,32.4,1752253763655
0.0,0.0,1.217,32.4,1752253763769
0.0,0.0,1.186,32.4,1752253763958
0.0,0.0,1.144,32.4,1752253764071
0.0,0.0,1.103,32.4,1752253764272
0.0,0.0,1.051,32.4,1752253764396
0.0,0.0,1.03,32.4,1752253764587
0.0,0.0,1.009,32.4,1752253764700
0.0,0.0,0.978,32.4,1752253764896
31.708271026611328,-97.18949890136719,0.957,32.4,1752253765000
0.0,0.0,0.957,32.4,1752253765061
0.0,0.0,0.936,32.4,1752253765353
0.0,0.0,0.915,32.4,1752253765495
0.0,0.0,0.905,32.4,1752253765947
0.0,0.0,0.915,32.4,1752253766059
0.0,0.0,0.895,32.4,1752253766259
0.0,0.0,0.895,32.4,1752253766381
0.0,0.0,0.895,32.4,1752253766570
0.0,0.0,0.895,32.4,1752253766709
0.0,0.0,0.905,32.4,1752253766969
0.0,0.0,0.884,32.4,1752253767122
0.0,0.0,0.863,32.4,1752253767397
0.0,0.0,0.853,32.4,1752253767536
0.0,0.0,0.863,32.4,1752253767974
31.708274841308594,-97.18949890136719,0.863,32.4,1752253768000
0.0,0.0,0.842,32.4,1752253768086
0.0,0.0,0.832,32.4,1752253768284
0.0,0.0,0.811,32.4,1752253768396
0.0,0.0,0.801,32.4,1752253768588
0.0,0.0,0.78,32.4,1752253768700
0.0,0.0,0.78,32.4,1752253768893
0.0,0.0,0.78,32.4,1752253769007
0.0,0.0,0.77,32.4,1752253769202
0.0,0.0,0.78,32.4,1752253769331
0.0,0.0,0.78,32.4,1752253769523
0.0,0.0,0.78,32.4,1752253769637
0.0,0.0,0.77,32.4,1752253769910
0.0,0.0,0.77,32.4,1752253770069
0.0,0.0,0.77,32.4,1752253770366
0.0,0.0,0.759,32.4,1752253770508
0.0,0.0,0.759,32.4,1752253770964
31.708274841308594,-97.18949890136719,0.759,32.4,1752253771000
0.0,0.0,0.759,32.4,1752253771078
0.0,0.0,0.738,32.4,1752253771279
0.0,0.0,0.728,32.4,1752253771389
0.0,0.0,0.749,32.4,1752253771583
0.0,0.0,0.749,32.4,1752253771696
0.0,0.0,0.749,32.4,1752253771888
0.0,0.0,0.749,32.4,1752253772004
0.0,0.0,0.749,32.4,1752253772200
0.0,0.0,0.749,32.4,1752253772332
0.0,0.0,0.759,32.4,1752253772524
0.0,0.0,0.77,32.4,1752253772640
0.0,0.0,0.77,32.4,1752253772923
31.708269119262695,-97.18949890136719,0.77,32.4,1752253773000
0.0,0.0,0.79,32.4,1752253773085
0.0,0.0,0.811,32.4,1752253773375
0.0,0.0,0.811,32.4,1752253773514
0.0,0.0,0.811,32.4,1752253773965
0.0,0.0,0.79,32.4,1752253774078
0.0,0.0,0.801,32.4,1752253774278
0.0,0.0,0.811,32.4,1752253774405
0.0,0.0,0.801,32.4,1752253774629
0.0,0.0,0.801,32.4,1752253774791
0.0,0.0,0.79,32.4,1752253775066
0.0,0.0,0.77,32.4,1752253775243
0.0,0.0,0.78,32.4,1752253775506
0.0,0.0,0.78,32.4,1752253775647
31.708263397216797,-97.18950653076172,0.77,32.4,1752253776000
0.0,0.0,0.77,32.4,1752253776104
0.0,0.0,0.77,32.6,1752253776225
0.0,0.0,0.79,32.6,1752253776432
0.0,0.0,0.801,32.6,1752253776544
0.0,0.0,0.811,32.6,1752253776734
0.0,0.0,0.832,32.6,1752253776846
0.0,0.0,0.853,32.6,1752253777037
0.0,0.0,0.874,32.6,1752253777154
0.0,0.0,0.905,32.6,1752253777360
0.0,0.0,0.957,32.6,1752253777471
0.0,0.0,0.978,32.6,1752253777696
0.0,0.0,0.988,32.6,1752253777872
0.0,0.0,1.019,32.6,1752253778147
0.0,0.0,1.051,32.6,1752253778333
0.0,0.0,1.061,32.6,1752253778575
0.0,0.0,1.082,32.6,1752253778948
31.708267211914062,-97.18950653076172,1.082,32.6,1752253779000
0.0,0.0,1.134,32.6,1752253779142
0.0,0.0,1.155,32.6,1752253779264
0.0,0.0,1.155,32.6,1752253779457
0.0,0.0,1.155,32.6,1752253779572
0.0,0.0,1.165,32.6,1752253779762
0.0,0.0,1.144,32.6,1752253779876
0.0,0.0,1.144,32.6,1752253780068
0.0,0.0,1.155,32.6,1752253780187
0.0,0.0,1.155,32.6,1752253780391
0.0,0.0,1.155,32.6,1752253780504
0.0,0.0,1.186,32.6,1752253780768
0.0,0.0,1.196,32.6,1752253780929
0.0,0.0,1.165,32.6,1752253781202
0.0,0.0,1.186,32.6,1752253781373
0.0,0.0,1.207,32.6,1752253781612
0.0,0.0,1.217,32.6,1752253781977
31.70827293395996,-97.18950653076172,1.217,32.6,1752253782000
0.0,0.0,1.228,32.6,1752253782167
0.0,0.0,1.259,32.6,1752253782289
0.0,0.0,1.29,32.6,1752253782480
0.0,0.0,1.3,32.6,1752253782594
0.0,0.0,1.311,32.6,1752253782789
0.0,0.0,1.311,32.6,1752253782904
0.0,0.0,1.3,32.6,1752253783097
0.0,0.0,1.311,32.6,1752253783221
0.0,0.0,1.332,32.6,1752253783425
0.0,0.0,1.321,32.6,1752253783540
0.0,0.0,1.321,32.6,1752253783819
0.0,0.0,1.3,32.6,1752253783984
31.708280563354492,-97.18950653076172,1.3,32.6,1752253784000
0.0,0.0,1.28,32.6,1752253784292
0.0,0.0,1.269,32.6,1752253784452
0.0,0.0,1.238,32.6,1752253784696
0.0,0.0,1.228,32.6,1752253785070
0.0,0.0,1.207,32.6,1752253785269
0.0,0.0,1.217,32.6,1752253785395
0.0,0.0,1.196,32.6,1752253785645
0.0,0.0,1.186,32.6,1752253785807
0.0,0.0,1.165,32.6,1752253786083
0.0,0.0,1.155,32.6,1752253786264
0.0,0.0,1.134,32.6,1752253786536
0.0,0.0,1.144,32.6,1752253786678
31.70828628540039,-97.18951416015625,1.134,32.6,1752253787000
0.0,0.0,1.134,32.6,1752253787125
0.0,0.0,1.134,32.6,1752253787245
0.0,0.0,1.123,32.6,1752253787436
0.0,0.0,1.113,32.6,1752253787548
0.0,0.0,1.123,32.6,1752253787738
0.0,0.0,1.082,32.6,1752253787852
0.0,0.0,1.071,32.6,1752253788044
0.0,0.0,1.061,32.6,1752253788161
0.0,0.0,1.051,32.6,1752253788369
0.0,0.0,1.051,32.6,1752253788488
0.0,0.0,1.04,32.6,1752253788783
0.0,0.0,1.019,32.6,1752253788951
0.0,0.0,0.999,32.6,1752253789245
0.0,0.0,0.967,32.6,1752253789415
0.0,0.0,0.947,32.6,1752253789664
31.70829200744629,-97.18952178955078,0.926,32.6,1752253790000
0.0,0.0,0.926,32.6,1752253790035
0.0,0.0,0.905,32.6,1752253790230
0.0,0.0,0.895,32.6,1752253790350
0.0,0.0,0.863,32.6,1752253790543
0.0,0.0,0.842,32.6,1752253790658
0.0,0.0,0.853,32.6,1752253790853
0.0,0.0,0.811,32.6,1752253790967
0.0,0.0,0.79,32.6,1752253791160
0.0,0.0,0.78,32.6,1752253791283
0.0,0.0,0.78,32.6,1752253791485
0.0,0.0,0.77,32.6,1752253791655
0.0,0.0,0.759,32.6,1752253791935
0.0,0.0,0.759,32.6,1752253792093
0.0,0.0,0.749,32.6,1752253792396
0.0,0.0,0.738,32.6,1752253792552
0.0,0.0,0.738,32.6,1752253792806
31.708301544189453,-97.18952178955078,0.718,32.6,1752253793000
0.0,0.0,0.718,32.6,1752253793188
0.0,0.0,0.718,32.6,1752253793387
0.0,0.0,0.738,32.6,1752253793501
0.0,0.0,0.738,32.6,1752253793694
0.0,0.0,0.728,32.6,1752253793806
0.0,0.0,0.718,32.6,1752253793997
0.0,0.0,0.707,32.6,1752253794110
0.0,0.0,0.707,32.6,1752253794308
0.0,0.0,0.707,32.6,1752253794433
0.0,0.0,0.707,32.6,1752253794708
0.0,0.0,0.707,32.6,1752253794865
0.0,0.0,0.707,32.6,1752253795143
0.0,0.0,0.707,32.6,1752253795326
0.0,0.0,0.707,32.6,1752253795595
0.0,0.0,0.718,32.6,1752253795748
0.0,0.0,0.707,32.6,1752253796209
0.0,0.0,0.718,32.6,1752253796326
0.0,0.0,0.707,32.6,1752253796517
0.0,0.0,0.718,32.6,1752253796629
0.0,0.0,0.718,32.6,1752253796728
0.0,0.0,0.738,32.6,1752253796878
0.0,0.0,0.749,32.6,1752253796979
31.708314895629883,-97.18951416015625,0.749,32.6,1752253797000
0.0,0.0,0.749,32.6,1752253797071
0.0,0.0,0.749,32.6,1752253797133
0.0,0.0,0.77,32.6,1752253797382
0.0,0.0,0.78,32.6,1752253797446
0.0,0.0,0.77,32.6,1752253797597
0.0,0.0,0.759,32.6,1752253797694
0.0,0.0,0.79,32.6,1752253797889
0.0,0.0,0.79,32.6,1752253797952
0.0,0.0,0.822,32.6,1752253798004
0.0,0.0,0.801,32.6,1752253798103
0.0,0.0,0.79,32.6,1752253798245
0.0,0.0,0.77,32.6,1752253798359
0.0,0.0,0.77,32.6,1752253798548
0.0,0.0,0.77,32.6,1752253798690
0.0,0.0,0.759,32.6,1752253798833
0.0,0.0,0.738,32.6,1752253798973
31.708328247070312,-97.18950653076172,0.738,32.6,1752253799000
0.0,0.0,0.749,32.6,1752253799064
0.0,0.0,0.749,32.6,1752253799205
0.0,0.0,0.707,32.6,1752253799413
0.0,0.0,0.707,32.6,1752253799555
0.0,0.0,0.676,32.6,1752253799684
0.0,0.0,0.676,32.6,1752253800003
0.0,0.0,0.666,32.6,1752253800102
0.0,0.0,0.676,32.6,1752253800252
0.0,0.0,0.655,32.6,1752253800366
0.0,0.0,0.676,32.6,1752253800450
0.0,0.0,0.676,32.6,1752253800599
0.0,0.0,0.697,32.6,1752253800784
0.0,0.0,0.697,32.6,1752253800925
0.0,0.0,0.697,32.6,1752253801068
0.0,0.0,0.718,32.6,1752253801153
0.0,0.0,0.728,32.6,1752253801306
0.0,0.0,0.77,32.6,1752253801492
0.0,0.0,0.811,32.6,1752253801748
31.708337783813477,-97.18950653076172,0.842,32.6,1752253802000
0.0,0.0,0.842,32.6,1752253802061
0.0,0.0,0.853,32.6,1752253802114
0.0,0.0,0.884,32.6,1752253802220
0.0,0.0,0.874,32.6,1752253802355
0.0,0.0,0.853,32.6,1752253802459
0.0,0.0,0.863,32.6,1752253802560
0.0,0.0,0.842,32.6,1752253802621
0.0,0.0,0.853,32.6,1752253802723
0.0,0.0,0.842,32.6,1752253802863
0.0,0.0,0.832,32.6,1752253802965
31.708345413208008,-97.18949890136719,0.811,32.6,1752253803000
0.0,0.0,0.811,32.6,1752253803026
0.0,0.0,0.78,32.6,1752253803127
0.0,0.0,0.728,32.6,1752253803274
0.0,0.0,0.728,32.6,1752253803386
0.0,0.0,0.707,32.6,1752253803449
0.0,0.0,0.738,32.6,1752253803559
0.0,0.0,0.749,32.6,1752253803757
0.0,0.0,0.77,32.6,1752253803906
0.0,0.0,0.78,32.6,1752253804047
0.0,0.0,0.78,32.6,1752253804137
0.0,0.0,0.78,32.6,1752253804302
0.0,0.0,0.77,32.6,1752253804499
0.0,0.0,0.79,32.6,1752253804652
0.0,0.0,0.842,32.6,1752253804903
31.708345413208008,-97.18948364257812,0.842,32.6,1752253805000
0.0,0.0,0.884,32.6,1752253805204
0.0,0.0,0.926,32.6,1752253805534
0.0,0.0,0.936,32.6,1752253805847
0.0,0.0,0.957,32.6,1752253806352
0.0,0.0,0.988,32.6,1752253806973
0.0,0.0,2.206,32.6,1752253809761
0.0,0.0,2.216,32.6,1752253812414
0.0,0.0,2.258,32.6,1752253812968
0.0,0.0,2.289,32.6,1752253814030
0.0,0.0,0.447,32.8,1752253841909
0.0,0.0,0.447,32.8,1752253842446
0.0,0.0,0.478,32.8,1752253843462
0.0,0.0,0.52,32.8,1752253844007
0.0,0.0,0.52,32.8,1752253845096
0.0,0.0,0.551,32.8,1752253845654
0.0,0.0,0.572,33.0,1752253848635
0.0,0.0,0.593,33.0,1752253851500
0.0,0.0,0.593,33.0,1752253852562
0.0,0.0,0.614,33.0,1752253853124
0.0,0.0,0.645,33.0,1752253853692
0.0,0.0,0.697,33.0,1752253854700
0.0,0.0,0.749,33.0,1752253855270
0.0,0.0,0.77,33.0,1752253855828
0.0,0.0,0.801,33.0,1752253856400
0.0,0.0,0.79,33.0,1752253856962
0.0,0.0,0.832,33.0,1752253857529
0.0,0.0,0.801,33.0,1752253858076
0.0,0.0,0.811,33.0,1752253858636
0.0,0.0,0.811,33.0,1752253859197
0.0,0.0,0.822,33.0,1752253859763
0.0,0.0,0.811,33.0,1752253860883
0.0,0.0,0.801,33.0,1752253861449
0.0,0.0,0.77,33.0,1752253862004
0.0,0.0,0.759,33.0,1752253862568
0.0,0.0,0.749,33.0,1752253863147
0.0,0.0,0.697,33.0,1752253863720
0.0,0.0,0.738,33.0,1752253864849
0.0,0.0,0.738,33.0,1752253865420
0.0,0.0,0.79,33.2,1752253867127
0.0,0.0,0.78,33.2,1752253867704
0.0,0.0,0.78,33.2,1752253868285
0.0,0.0,0.78,33.2,1752253870005
0.0,0.0,0.77,33.2,1752253871170
0.0,0.0,0.759,33.2,1752253872893
0.0,0.0,0.759,33.2,1752253873463
0.0,0.0,0.947,33.2,1752253874660
0.0,0.0,0.936,33.2,1752253875234
0.0,0.0,0.988,33.2,1752253875817
0.0,0.0,0.957,33.2,1752253876409
0.0,0.0,0.926,33.2,1752253876984
0.0,0.0,0.905,33.2,1752253877576
0.0,0.0,0.895,33.2,1752253878151
0.0,0.0,0.905,33.2,1752253878739
0.0,0.0,0.884,33.2,1752253879328
0.0,0.0,0.895,33.2,1752253879904
0.0,0.0,0.884,33.2,1752253880499
0.0,0.0,0.915,33.2,1752253881087
0.0,0.0,0.697,33.2,1752253881680
0.0,0.0,0.738,33.2,1752253882293
0.0,0.0,0.77,33.2,1752253882886
0.0,0.0,0.853,33.2,1752253883514
0.0,0.0,0.905,33.2,1752253884196
0.0,0.0,0.957,33.2,1752253884314
0.0,0.0,1.009,33.2,1752253884506
0.0,0.0,1.03,33.2,1752253884630
0.0,0.0,1.04,33.2,1752253884832
0.0,0.0,1.082,33.2,1752253884966
0.0,0.0,1.092,33.2,1752253885173
0.0,0.0,1.123,33.2,1752253885306
0.0,0.0,1.269,33.2,1752253885507
0.0,0.0,1.29,33.2,1752253885627
0.0,0.0,1.3,33.2,1752253885835
0.0,0.0,1.29,33.2,1752253885957
31.708362579345703,-97.18946838378906,1.29,33.2,1752253886000
0.0,0.0,1.29,33.2,1752253886157
0.0,0.0,1.3,33.2,1752253886289
0.0,0.0,1.29,33.2,1752253886493
0.0,0.0,1.321,33.2,1752253886615
0.0,0.0,1.238,33.2,1752253886819
0.0,0.0,1.248,33.2,1752253886936
0.0,0.0,1.248,33.2,1752253887140
0.0,0.0,1.228,33.2,1752253887285
0.0,0.0,1.238,33.2,1752253887525
0.0,0.0,1.259,33.2,1752253887693
0.0,0.0,1.28,33.2,1752253887982
0.0,0.0,1.311,33.2,1752253888152
0.0,0.0,1.332,33.2,1752253888463
0.0,0.0,1.352,33.2,1752253888631
0.0,0.0,1.373,33.2,1752253888892
0.0,0.0,1.373,33.2,1752253889285
0.0,0.0,1.404,33.2,1752253889481
0.0,0.0,1.415,33.2,1752253889603
0.0,0.0,1.425,33.2,1752253889803
0.0,0.0,1.446,33.2,1752253889924
0.0,0.0,1.436,33.2,1752253890119
0.0,0.0,1.415,33.2,1752253890261
0.0,0.0,1.394,33.2,1752253890461
0.0,0.0,1.363,33.2,1752253890584
0.0,0.0,1.373,33.2,1752253890785
0.0,0.0,1.384,33.2,1752253890908
31.70836067199707,-97.18946075439453,1.384,33.2,1752253891000
0.0,0.0,1.373,33.2,1752253891109
0.0,0.0,1.342,33.2,1752253891249
0.0,0.0,1.332,33.2,1752253891444
0.0,0.0,1.332,33.2,1752253891567
0.0,0.0,1.332,33.2,1752253891768
0.0,0.0,1.332,33.2,1752253891887
0.0,0.0,1.373,33.2,1752253892090
0.0,0.0,1.415,33.2,1752253892226
0.0,0.0,1.456,33.2,1752253892464
0.0,0.0,1.509,33.2,1752253892638
0.0,0.0,1.519,33.2,1752253892920
0.0,0.0,1.519,33.2,1752253893096
0.0,0.0,1.498,33.2,1752253893400
0.0,0.0,1.519,33.2,1752253893566
0.0,0.0,1.509,33.2,1752253893835
31.708351135253906,-97.18946075439453,1.509,33.2,1752253894000
0.0,0.0,1.519,33.2,1752253894231
0.0,0.0,1.477,33.2,1752253894426
0.0,0.0,1.446,33.2,1752253894548
0.0,0.0,1.373,33.2,1752253894749
0.0,0.0,1.311,33.2,1752253894873
0.0,0.0,1.238,33.2,1752253895086
0.0,0.0,1.165,33.2,1752253895227
0.0,0.0,1.113,33.2,1752253895462
0.0,0.0,1.071,33.2,1752253895638
0.0,0.0,1.092,33.2,1752253895919
0.0,0.0,1.071,33.2,1752253896096
0.0,0.0,1.051,33.2,1752253896397
0.0,0.0,1.009,33.2,1752253896563
0.0,0.0,1.03,33.2,1752253896843
31.70834732055664,-97.18944549560547,1.03,33.2,1752253897000
0.0,0.0,1.03,33.2,1752253897231
0.0,0.0,1.04,33.2,1752253897438
0.0,0.0,1.051,33.2,1752253897554
0.0,0.0,1.071,33.2,1752253897757
0.0,0.0,1.103,33.2,1752253897882
0.0,0.0,1.123,33.2,1752253898077
31.708274841308594,-97.18926239013672,4.62,32.8,1752253914000
0.0,0.0,4.62,32.8,1752253914053
0.0,0.0,4.61,32.8,1752253914139
0.0,0.0,4.599,32.8,1752253914789
0.0,0.0,4.61,32.8,1752253914857
0.0,0.0,4.599,32.8,1752253915030
0.0,0.0,4.599,32.8,1752253915101
0.0,0.0,4.599,32.8,1752253915353
0.0,0.0,4.61,32.8,1752253915456
0.0,0.0,4.62,32.8,1752253915688
0.0,0.0,4.62,32.8,1752253915792
0.0,0.0,4.62,32.8,1752253916024
0.0,0.0,4.62,32.8,1752253916132
0.0,0.0,4.631,32.8,1752253916394
0.0,0.0,4.631,32.8,1752253916498
0.0,0.0,4.641,32.8,1752253916731
31.708274841308594,-97.18925476074219,4.651,32.8,1752253917000
0.0,0.0,4.651,32.8,1752253917188
0.0,0.0,4.662,32.8,1752253917365
0.0,0.0,4.662,32.8,1752253917445
0.0,0.0,4.672,32.8,1752253917618
0.0,0.0,4.683,32.8,1752253917701
0.0,0.0,4.672,32.8,1752253917872
0.0,0.0,4.672,32.8,1752253917962
0.0,0.0,4.672,32.8,1752253918139
0.0,0.0,4.662,32.8,1752253918254
0.0,0.0,4.662,32.8,1752253918480
0.0,0.0,4.651,32.8,1752253918585
0.0,0.0,4.651,32.8,1752253918823
0.0,0.0,4.641,32.8,1752253918929
31.70827293395996,-97.18925476074219,4.641,32.8,1752253919000
0.0,0.0,4.651,32.8,1752253919161
0.0,0.0,4.651,32.8,1752253919288
0.0,0.0,4.641,32.8,1752253919524
0.0,0.0,4.631,32.8,1752253919637
0.0,0.0,4.631,32.8,1752253919872
0.0,0.0,4.631,32.8,1752253920403
0.0,0.0,4.641,32.8,1752253920655
0.0,0.0,4.641,32.8,1752253920774
0.0,0.0,4.662,32.8,1752253921008
0.0,0.0,4.662,32.8,1752253921114
0.0,0.0,4.662,32.8,1752253921367
0.0,0.0,4.662,32.8,1752253921472
0.0,0.0,4.662,32.8,1752253921707
0.0,0.0,4.672,32.8,1752253921812
31.70827293395996,-97.18925476074219,4.683,32.8,1752253922000
0.0,0.0,4.683,32.8,1752253922046
0.0,0.0,4.683,32.8,1752253922155
0.0,0.0,4.683,32.8,1752253922834
0.0,0.0,4.683,32.8,1752253922951
0.0,0.0,4.683,32.8,1752253923166
0.0,0.0,4.683,32.8,1752253923260
0.0,0.0,4.683,32.8,1752253923482
0.0,0.0,4.683,32.8,1752253923587
0.0,0.0,4.683,32.8,1752253923825
0.0,0.0,4.683,32.8,1752253923932
0.0,0.0,4.693,32.8,1752253924171
0.0,0.0,4.683,32.8,1752253924296
0.0,0.0,4.683,32.8,1752253924533
0.0,0.0,4.683,32.8,1752253924636
0.0,0.0,4.683,32.8,1752253924871
0.0,0.0,4.683,32.8,1752253925409
0.0,0.0,4.683,32.8,1752253925659
0.0,0.0,4.683,32.8,1752253925766
0.0,0.0,4.683,32.8,1752253925948
0.0,0.0,4.683,32.8,1752253926031
0.0,0.0,4.683,32.8,1752253926225
0.0,0.0,4.683,32.8,1752253926321
0.0,0.0,4.693,32.8,1752253926502
0.0,0.0,4.693,32.8,1752253926594
0.0,0.0,4.693,32.8,1752253926779
0.0,0.0,4.693,32.8,1752253926868
31.70827293395996,-97.18924713134766,4.703,32.8,1752253927000
0.0,0.0,4.703,32.8,1752253927049
0.0,0.0,4.703,32.8,1752253927134
0.0,0.0,4.703,32.8,1752253927347
0.0,0.0,4.703,32.8,1752253927437
0.0,0.0,4.703,32.8,1752253927617
0.0,0.0,4.703,32.8,1752253927710
0.0,0.0,4.703,32.8,1752253927891
0.0,0.0,4.714,32.8,1752253927981
0.0,0.0,4.714,32.8,1752253928170
0.0,0.0,4.714,32.8,1752253928282
0.0,0.0,4.714,32.8,1752253928506
0.0,0.0,4.714,32.8,1752253928613
0.0,0.0,4.703,32.8,1752253928851
0.0,0.0,4.693,32.8,1752253928955
0.0,0.0,4.693,32.8,1752253929204
0.0,0.0,4.703,32.8,1752253929330
0.0,0.0,4.703,32.8,1752253929567
0.0,0.0,4.714,32.8,1752253929669
0.0,0.0,4.714,32.8,1752253929904
31.70827293395996,-97.18923950195312,4.714,32.8,1752253930000
0.0,0.0,4.714,32.8,1752253930440
0.0,0.0,4.714,32.8,1752253930701
0.0,0.0,4.714,32.8,1752253930787
0.0,0.0,4.714,32.8,1752253930958
0.0,0.0,4.714,32.8,1752253931046
0.0,0.0,4.724,32.8,1752253931234
0.0,0.0,4.735,32.8,1752253931353
0.0,0.0,4.745,32.8,1752253931588
0.0,0.0,4.735,32.8,1752253931692
0.0,0.0,4.735,32.8,1752253931927
31.70827293395996,-97.18923950195312,4.724,32.8,1752253932000
0.0,0.0,4.724,32.8,1752253932031
0.0,0.0,4.714,32.8,1752253932288
0.0,0.0,4.703,32.8,1752253932394
0.0,0.0,4.724,32.8,1752253932626
0.0,0.0,4.714,32.8,1752253932732
0.0,0.0,4.714,32.8,1752253933402
0.0,0.0,4.714,32.8,1752253933525
0.0,0.0,4.703,32.8,1752253933776
0.0,0.0,4.703,32.8,1752253933879
0.0,0.0,4.703,32.8,1752253934115
0.0,0.0,4.703,32.8,1752253934240
0.0,0.0,4.714,32.8,1752253934477
0.0,0.0,4.714,32.8,1752253934580
0.0,0.0,4.724,32.8,1752253934818
0.0,0.0,4.735,32.8,1752253934922
0.0,0.0,4.735,32.8,1752253935159
0.0,0.0,4.745,32.8,1752253935721
0.0,0.0,4.745,32.8,1752253935959
31.70827293395996,-97.18923950195312,4.745,32.8,1752253936000
0.0,0.0,4.735,32.8,1752253936063
0.0,0.0,4.735,32.8,1752253936323
0.0,0.0,4.724,32.8,1752253936424
0.0,0.0,4.724,32.8,1752253936592
0.0,0.0,4.735,32.8,1752253936679
0.0,0.0,4.724,32.8,1752253936857
0.0,0.0,4.714,32.8,1752253936941
0.0,0.0,4.714,32.8,1752253937124
0.0,0.0,4.703,32.8,1752253937239
0.0,0.0,4.703,32.8,1752253937459
0.0,0.0,4.703,32.8,1752253937563
0.0,0.0,4.703,32.8,1752253937804
0.0,0.0,4.703,32.8,1752253937907
31.70827293395996,-97.1892318725586,4.703,32.8,1752253938000
0.0,0.0,4.714,32.8,1752253938145
0.0,0.0,4.714,32.8,1752253938271
0.0,0.0,4.714,32.8,1752253938509
0.0,0.0,4.714,32.8,1752253938619
0.0,0.0,4.714,32.8,1752253938856
0.0,0.0,4.714,32.8,1752253939383
0.0,0.0,4.714,32.8,1752253939641
0.0,0.0,4.724,32.8,1752253939759
0.0,0.0,4.724,32.8,1752253939998
0.0,0.0,4.735,32.8,1752253940102
0.0,0.0,4.724,32.8,1752253940361
0.0,0.0,4.714,32.8,1752253940464
0.0,0.0,4.703,32.8,1752253940704
0.0,0.0,4.703,32.8,1752253940808
31.708274841308594,-97.1892318725586,4.703,32.8,1752253941000
0.0,0.0,4.703,32.8,1752253941046
0.0,0.0,4.683,32.8,1752253941148
0.0,0.0,4.683,32.8,1752253941827
0.0,0.0,4.693,32.8,1752253941941
0.0,0.0,4.683,32.8,1752253942146
0.0,0.0,4.683,32.8,1752253942243
0.0,0.0,4.683,32.8,1752253942470
0.0,0.0,4.672,32.8,1752253942573
0.0,0.0,4.683,32.8,1752253942815
0.0,0.0,4.683,32.8,1752253942919
0.0,0.0,4.693,32.8,1752253943161
0.0,0.0,4.683,32.8,1752253943287
0.0,0.0,4.683,32.8,1752253943526
0.0,0.0,4.683,32.8,1752253943629
0.0,0.0,4.683,32.8,1752253943867
0.0,0.0,4.683,32.8,1752253944402
0.0,0.0,4.683,32.8,1752253944660
0.0,0.0,4.693,32.8,1752253944764
0.0,0.0,4.693,32.8,1752253945009
0.0,0.0,4.693,32.8,1752253945115
0.0,0.0,4.683,32.8,1752253945378
0.0,0.0,4.683,32.8,1752253945481
0.0,0.0,4.672,32.8,1752253945676
0.0,0.0,4.683,32.8,1752253945768
0.0,0.0,4.672,32.8,1752253945962
0.0,0.0,4.672,32.8,1752253946060
0.0,0.0,4.672,32.8,1752253946280
0.0,0.0,4.672,32.8,1752253946377
0.0,0.0,4.672,32.8,1752253946575
0.0,0.0,4.662,32.8,1752253946668
0.0,0.0,4.662,32.8,1752253946869
0.0,0.0,4.662,32.8,1752253946961
31.708276748657227,-97.18922424316406,4.662,32.8,1752253947000
0.0,0.0,4.662,32.8,1752253947176
0.0,0.0,4.672,32.8,1752253947293
0.0,0.0,4.662,32.8,1752253947490
0.0,0.0,4.672,32.8,1752253947584
0.0,0.0,4.672,32.8,1752253947783
0.0,0.0,4.672,32.8,1752253947880
0.0,0.0,4.672,32.8,1752253948079
0.0,0.0,4.672,32.8,1752253948188
0.0,0.0,4.662,32.8,1752253948441
0.0,0.0,4.662,32.8,1752253948662
0.0,0.0,4.662,32.8,1752253948828
0.0,0.0,4.662,32.8,1752253948931
31.70827865600586,-97.18921661376953,4.662,32.8,1752253949000
0.0,0.0,4.662,32.6,1752253949186
0.0,0.0,4.662,32.6,1752253949320
0.0,0.0,4.662,32.6,1752253949564
0.0,0.0,4.662,32.6,1752253949667
0.0,0.0,4.662,32.6,1752253949907
0.0,0.0,4.662,32.6,1752253950463
0.0,0.0,4.662,32.6,1752253950707
0.0,0.0,4.651,32.6,1752253950826
0.0,0.0,4.651,32.6,1752253951063
0.0,0.0,4.651,32.6,1752253951176
0.0,0.0,4.651,32.6,1752253951432
0.0,0.0,4.651,32.6,1752253951535
0.0,0.0,4.651,32.6,1752253951781
0.0,0.0,4.651,32.6,1752253951884
31.70827865600586,-97.18921661376953,4.651,32.6,1752253952000
0.0,0.0,4.641,32.6,1752253952138
0.0,0.0,4.631,32.6,1752253952270
0.0,0.0,4.631,32.6,1752253952942
0.0,0.0,4.631,32.6,1752253953048
0.0,0.0,4.641,32.6,1752253953312
0.0,0.0,4.631,32.6,1752253953435
0.0,0.0,4.631,32.6,1752253953676
0.0,0.0,4.62,32.6,1752253953779
0.0,0.0,4.62,32.6,1752253954022
0.0,0.0,4.631,32.6,1752253954133
0.0,0.0,4.631,32.6,1752253954405
0.0,0.0,4.61,32.6,1752253954508
0.0,0.0,4.61,32.6,1752253954750
0.0,0.0,4.62,32.6,1752253954860
31.70827865600586,-97.18921661376953,4.62,32.6,1752253955000
0.0,0.0,4.62,32.6,1752253955101
0.0,0.0,4.61,32.6,1752253955643
0.0,0.0,4.61,32.6,1752253955903
0.0,0.0,4.61,32.6,1752253956007
0.0,0.0,4.599,32.6,1752253956259
0.0,0.0,4.61,32.6,1752253956395
0.0,0.0,4.61,32.6,1752253956646
0.0,0.0,4.589,32.6,1752253956745
0.0,0.0,4.589,32.6,1752253956994
0.0,0.0,4.599,32.6,1752253957099
0.0,0.0,4.599,32.6,1752253957367
0.0,0.0,4.599,32.6,1752253957475
0.0,0.0,4.599,32.6,1752253957720
0.0,0.0,4.599,32.6,1752253957885
0.0,0.0,4.599,32.6,1752253958233
0.0,0.0,4.589,32.6,1752253958780
0.0,0.0,4.599,32.6,1752253959035
0.0,0.0,4.589,32.6,1752253959149
0.0,0.0,4.589,32.6,1752253959412
0.0,0.0,4.589,32.6,1752253959525
0.0,0.0,4.589,32.6,1752253959774
0.0,0.0,4.579,32.6,1752253959878
0.0,0.0,4.568,32.6,1752253960125
0.0,0.0,4.579,32.6,1752253960249
0.0,0.0,4.579,32.6,1752253960498
0.0,0.0,4.568,32.6,1752253960601
0.0,0.0,4.568,32.6,1752253960847
0.0,0.0,4.579,32.6,1752253960954
31.708282470703125,-97.189208984375,4.579,32.6,1752253961000
0.0,0.0,4.568,32.6,1752253961198
0.0,0.0,4.579,32.6,1752253961318
0.0,0.0,4.568,32.6,1752253961511
0.0,0.0,4.568,32.6,1752253961609
0.0,0.0,4.568,32.6,1752253961809
0.0,0.0,4.547,32.6,1752253961903
0.0,0.0,4.547,32.6,1752253962102
0.0,0.0,4.547,32.6,1752253962231
0.0,0.0,4.547,32.6,1752253962472
0.0,0.0,4.547,32.6,1752253962579
0.0,0.0,4.547,32.6,1752253962824
0.0,0.0,4.547,32.6,1752253962928
31.708282470703125,-97.18920135498047,4.547,32.6,1752253963000
0.0,0.0,4.547,32.6,1752253963174
0.0,0.0,4.547,32.6,1752253963300
0.0,0.0,4.537,32.6,1752253963545
0.0,0.0,4.537,32.6,1752253963653
0.0,0.0,4.547,32.6,1752253963906
0.0,0.0,4.537,32.6,1752253964431
0.0,0.0,4.537,32.6,1752253964695
0.0,0.0,4.537,32.6,1752253964814
0.0,0.0,4.537,32.6,1752253965059
0.0,0.0,4.516,32.6,1752253965171
0.0,0.0,4.516,32.6,1752253965431
0.0,0.0,4.506,32.6,1752253965538
0.0,0.0,4.506,32.6,1752253965779
0.0,0.0,4.506,32.6,1752253965886
0.0,0.0,4.506,32.6,1752253966139
0.0,0.0,4.506,32.6,1752253966264
0.0,0.0,4.485,32.6,1752253966924
31.70828628540039,-97.18920135498047,4.485,32.6,1752253967000
0.0,0.0,4.485,32.6,1752253967029
0.0,0.0,4.485,32.6,1752253967302
0.0,0.0,4.485,32.6,1752253967414
0.0,0.0,4.485,32.6,1752253967657
0.0,0.0,4.485,32.6,1752253967759
0.0,0.0,4.485,32.6,1752253968004
0.0,0.0,4.495,32.6,1752253968108
0.0,0.0,4.485,32.6,1752253968385
0.0,0.0,4.485,32.6,1752253968486
0.0,0.0,4.475,32.6,1752253968728
0.0,0.0,4.475,32.6,1752253968830
0.0,0.0,4.475,32.6,1752253969115
0.0,0.0,4.475,32.6,1752253969346
0.0,0.0,4.464,32.6,1752253969744
0.0,0.0,4.464,32.6,1752253969935
31.708288192749023,-97.18919372558594,4.464,32.6,1752253970000
0.0,0.0,4.454,32.6,1752253970747
0.0,0.0,4.454,32.6,1752253970868
0.0,0.0,4.454,32.6,1752253971115
0.0,0.0,4.443,32.6,1752253971245
0.0,0.0,4.443,32.6,1752253971510
0.0,0.0,4.443,32.6,1752253971613
0.0,0.0,4.422,32.6,1752253971862
0.0,0.0,4.422,32.6,1752253971965
0.0,0.0,4.422,32.6,1752253972223
0.0,0.0,4.412,32.6,1752253972345
0.0,0.0,4.412,32.6,1752253972591
0.0,0.0,4.412,32.6,1752253972693
0.0,0.0,4.402,32.6,1752253972940
31.708290100097656,-97.1891860961914,4.412,32.6,1752253973000
0.0,0.0,4.412,32.6,1752253973043
0.0,0.0,4.402,32.6,1752253973749
0.0,0.0,4.402,32.6,1752253973863
0.0,0.0,4.391,32.6,1752253974109
0.0,0.0,4.391,32.6,1752253974235
0.0,0.0,4.402,32.6,1752253974493
0.0,0.0,4.391,32.6,1752253974595
0.0,0.0,4.391,32.6,1752253974843
0.0,0.0,4.381,32.6,1752253974949
0.0,0.0,4.381,32.6,1752253975208
0.0,0.0,4.37,32.6,1752253975333
0.0,0.0,4.37,32.6,1752253975580
0.0,0.0,4.36,32.6,1752253975683
0.0,0.0,4.36,32.6,1752253975933
31.70829200744629,-97.18917846679688,4.36,32.6,1752253976000
0.0,0.0,4.35,32.6,1752253976081
0.0,0.0,4.35,32.6,1752253976786
0.0,0.0,4.329,32.6,1752253976901
0.0,0.0,4.329,32.6,1752253977144
0.0,0.0,4.318,32.6,1752253977271
0.0,0.0,4.318,32.6,1752253977525
0.0,0.0,4.308,32.6,1752253977627
0.0,0.0,4.308,32.6,1752253977871
0.0,0.0,4.318,32.6,1752253977974
0.0,0.0,4.308,32.6,1752253978225
0.0,0.0,4.308,32.6,1752253978345
0.0,0.0,4.287,32.6,1752253978583
0.0,0.0,4.277,32.6,1752253978686
0.0,0.0,4.266,32.6,1752253978929
0.0,0.0,4.277,32.6,1752253979034
0.0,0.0,4.266,32.6,1752253979793
0.0,0.0,4.256,32.6,1752253979898
0.0,0.0,4.235,32.6,1752253980144
0.0,0.0,4.214,32.6,1752253980263
0.0,0.0,4.214,32.6,1752253980501
0.0,0.0,4.194,32.6,1752253980604
0.0,0.0,4.214,32.6,1752253980837
0.0,0.0,4.183,32.6,1752253980941
0.0,0.0,4.183,32.6,1752253981174
0.0,0.0,4.194,32.6,1752253981303
0.0,0.0,4.194,32.6,1752253981537
0.0,0.0,4.183,32.6,1752253981641
0.0,0.0,4.173,32.6,1752253981877
0.0,0.0,4.162,32.6,1752253981982
31.708295822143555,-97.18917083740234,4.162,32.6,1752253982000
0.0,0.0,4.162,32.6,1752253982222
0.0,0.0,4.152,32.6,1752253982343
0.0,0.0,4.141,32.6,1752253982546
0.0,0.0,4.121,32.6,1752253982630
0.0,0.0,4.11,32.6,1752253982820
0.0,0.0,4.131,32.6,1752253982905
0.0,0.0,4.131,32.6,1752253983088
0.0,0.0,4.1,32.6,1752253983178
0.0,0.0,4.1,32.6,1752253983415
0.0,0.0,4.089,32.6,1752253983522
0.0,0.0,4.089,32.6,1752253983753
0.0,0.0,4.079,32.6,1752253983858
31.708297729492188,-97.18916320800781,4.089,32.6,1752253984000
0.0,0.0,4.089,32.6,1752253984091
0.0,0.0,4.079,32.6,1752253984211
0.0,0.0,4.069,32.6,1752253984454
0.0,0.0,4.069,32.6,1752253984558
0.0,0.0,4.058,32.6,1752253984794
0.0,0.0,4.027,32.6,1752253985334
0.0,0.0,4.017,32.6,1752253985577
0.0,0.0,4.017,32.6,1752253985685
0.0,0.0,3.996,32.6,1752253985916
0.0,0.0,3.985,32.6,1752253986020
0.0,0.0,3.985,32.6,1752253986257
0.0,0.0,3.965,32.6,1752253986378
0.0,0.0,3.954,32.6,1752253986610
0.0,0.0,3.944,32.6,1752253986716
0.0,0.0,3.954,32.6,1752253986950
0.0,0.0,3.965,32.6,1752253987054
0.0,0.0,3.954,32.6,1752253987734
0.0,0.0,3.954,32.6,1752253987839
31.708297729492188,-97.18915557861328,3.954,32.6,1752253988000
0.0,0.0,3.954,32.6,1752253988029
0.0,0.0,3.954,32.6,1752253988108
0.0,0.0,3.954,32.6,1752253988328
0.0,0.0,3.944,32.6,1752253988403
0.0,0.0,3.954,32.6,1752253988589
0.0,0.0,3.954,32.6,1752253988670
0.0,0.0,3.944,32.6,1752253988850
0.0,0.0,3.944,32.6,1752253988928
0.0,0.0,3.923,32.6,1752253989110
0.0,0.0,3.902,32.6,1752253989214
0.0,0.0,3.892,32.6,1752253989437
0.0,0.0,3.881,32.6,1752253989540
0.0,0.0,3.881,32.6,1752253989773
0.0,0.0,3.892,32.6,1752253989879
31.708301544189453,-97.18915557861328,3.881,32.6,1752253990000
0.0,0.0,3.881,32.6,1752253990112
0.0,0.0,3.892,32.6,1752253990242
0.0,0.0,3.871,32.6,1752253990472
0.0,0.0,3.871,32.6,1752253990576
0.0,0.0,3.871,32.6,1752253990809
0.0,0.0,3.871,32.6,1752253991335
0.0,0.0,3.881,32.6,1752253991588
0.0,0.0,3.902,32.6,1752253991694
0.0,0.0,3.892,32.6,1752253991925
31.708303451538086,-97.18914794921875,3.892,32.6,1752253992000
0.0,0.0,3.892,32.6,1752253992030
0.0,0.0,3.881,32.6,1752253992274
0.0,0.0,3.881,32.6,1752253992386
0.0,0.0,3.871,32.6,1752253992618
0.0,0.0,3.861,32.6,1752253992721
0.0,0.0,3.85,32.6,1752253992952
0.0,0.0,3.829,32.6,1752253993066
0.0,0.0,3.819,32.6,1752253993724
0.0,0.0,3.798,32.6,1752253993840
0.0,0.0,3.767,32.6,1752253994070
0.0,0.0,3.746,32.6,1752253994180
0.0,0.0,3.746,32.6,1752253994428
0.0,0.0,3.725,32.6,1752253994535
0.0,0.0,3.715,32.6,1752253994766
0.0,0.0,3.684,32.6,1752253994870
0.0,0.0,3.673,32.6,1752253995102
0.0,0.0,3.652,32.6,1752253995227
0.0,0.0,3.632,32.6,1752253995866
0.0,0.0,3.642,32.6,1752253995968
31.70830726623535,-97.18914031982422,3.642,32.6,1752253996000
0.0,0.0,3.642,32.6,1752253996147
0.0,0.0,3.632,32.6,1752253996252
0.0,0.0,3.632,32.6,1752253996439
0.0,0.0,3.611,32.6,1752253996516
0.0,0.0,3.6,32.6,1752253996699
0.0,0.0,3.59,32.6,1752253996776
0.0,0.0,3.559,32.6,1752253996959
0.0,0.0,3.569,32.6,1752253997042
0.0,0.0,3.548,32.6,1752253997251
0.0,0.0,3.538,32.6,1752253997359
0.0,0.0,3.538,32.6,1752253997592
0.0,0.0,3.517,32.6,1752253997696
0.0,0.0,3.507,32.6,1752253997929
31.708309173583984,-97.18914031982422,3.507,32.6,1752253998000
0.0,0.0,3.507,32.6,1752253998036
0.0,0.0,3.496,32.6,1752253998292
0.0,0.0,3.486,32.6,1752253998396
0.0,0.0,3.465,32.6,1752253998635
0.0,0.0,3.465,32.6,1752253998739
0.0,0.0,3.455,32.6,1752253999407
0.0,0.0,3.444,32.6,1752253999529
0.0,0.0,3.444,32.6,1752253999750
0.0,0.0,3.423,32.6,1752253999855
0.0,0.0,3.413,32.6,1752254000088
0.0,0.0,3.403,32.6,1752254000205
0.0,0.0,3.413,32.6,1752254000447
0.0,0.0,3.423,32.6,1752254000552
0.0,0.0,3.413,32.6,1752254000782
0.0,0.0,3.403,32.6,1752254000886
31.70830726623535,-97.18913269042969,3.403,32.6,1752254001000
0.0,0.0,3.392,32.6,1752254001118
0.0,0.0,3.382,32.6,1752254001662
0.0,0.0,3.371,32.6,1752254001904
0.0,0.0,3.371,32.6,1752254001986
0.0,0.0,3.371,32.6,1752254002153
0.0,0.0,3.361,32.6,1752254002281
0.0,0.0,3.351,32.6,1752254002515
0.0,0.0,3.361,32.6,1752254002619
0.0,0.0,3.309,32.6,1752254002848
0.0,0.0,3.288,32.6,1752254002952
0.0,0.0,3.309,32.6,1752254003192
0.0,0.0,3.309,32.6,1752254003318
0.0,0.0,3.288,32.6,1752254003550
0.0,0.0,3.299,32.6,1752254003653
0.0,0.0,3.278,32.6,1752254003883
31.708309173583984,-97.18912506103516,3.278,32.6,1752254004000
0.0,0.0,3.257,32.6,1752254004439
0.0,0.0,3.215,32.6,1752254004681
0.0,0.0,3.205,32.6,1752254004757
0.0,0.0,3.194,32.6,1752254004924
0.0,0.0,3.163,32.6,1752254005009
0.0,0.0,3.174,32.6,1752254005195
0.0,0.0,3.174,32.6,1752254005322
0.0,0.0,3.122,32.6,1752254005552
0.0,0.0,3.101,32.6,1752254005656
0.0,0.0,3.08,32.6,1752254005886
0.0,0.0,3.059,32.6,1752254005992
31.708311080932617,-97.18911743164062,3.059,32.6,1752254006000
0.0,0.0,3.049,32.6,1752254006230
0.0,0.0,3.049,32.6,1752254006351
0.0,0.0,3.038,32.6,1752254006582
0.0,0.0,3.018,32.6,1752254006686
0.0,0.0,3.007,32.6,1752254007351
0.0,0.0,2.986,32.6,1752254007465
0.0,0.0,2.976,32.6,1752254007708
0.0,0.0,2.986,32.6,1752254007813
0.0,0.0,2.997,32.6,1752254008048
0.0,0.0,2.997,32.6,1752254008159
0.0,0.0,2.976,32.6,1752254008397
0.0,0.0,3.007,32.6,1752254008502
0.0,0.0,3.007,32.6,1752254008733
0.0,0.0,2.997,32.6,1752254008837
31.708316802978516,-97.1891098022461,2.997,32.6,1752254009000
0.0,0.0,2.997,32.6,1752254009068
0.0,0.0,2.986,32.6,1752254009506
0.0,0.0,2.955,32.6,1752254009665
0.0,0.0,2.965,32.6,1752254009741
0.0,0.0,2.934,32.6,1752254009910
0.0,0.0,2.872,32.6,1752254009996
0.0,0.0,2.841,32.6,1752254010170
0.0,0.0,2.82,32.6,1752254010271
0.0,0.0,2.789,32.6,1752254010486
0.0,0.0,2.726,32.6,1752254010589
0.0,0.0,2.685,32.6,1752254010822
0.0,0.0,2.643,32.6,1752254010928
0.0,0.0,2.591,32.6,1752254011159
0.0,0.0,2.57,32.6,1752254011286
0.0,0.0,2.539,32.6,1752254011518
0.0,0.0,2.487,32.6,1752254011622
0.0,0.0,2.456,32.6,1752254011851
0.0,0.0,2.456,32.6,1752254012318
0.0,0.0,2.435,32.6,1752254012480
0.0,0.0,2.404,32.6,1752254012557
0.0,0.0,2.383,32.6,1752254012723
0.0,0.0,2.372,32.6,1752254012804
0.0,0.0,2.351,32.6,1752254012993
0.0,0.0,42.044,33.0,1752254046170
0.0,0.0,42.117,33.0,1752254047454
0.0,0.0,41.69,33.0,1752254048697
0.0,0.0,38.672,33.2,1752254053365
0.0,0.0,35.654,33.2,1752254053719
0.0,0.0,32.625,33.2,1752254054065
0.0,0.0,29.597,33.2,1752254054427
0.0,0.0,26.579,33.2,1752254055047
0.0,0.0,25.83,33.4,1752254056621
0.0,0.0,24.956,33.4,1752254056972
0.0,0.0,24.352,33.4,1752254060164
0.0,0.0,23.551,33.4,1752254062450
0.0,0.0,22.635,33.4,1752254062790
0.0,0.0,22.437,33.4,1752254063731
0.0,0.0,21.917,33.4,1752254064069
0.0,0.0,24.435,33.4,1752254066082
0.0,0.0,24.841,33.6,1752254068999
0.0,0.0,25.268,33.6,1752254069332
0.0,0.0,25.715,33.6,1752254069660
0.0,0.0,26.142,33.6,1752254070316
0.0,0.0,23.998,33.6,1752254070965
0.0,0.0,21.958,33.6,1752254071315
0.0,0.0,19.658,33.6,1752254071642
0.0,0.0,17.546,33.6,1752254071982
0.0,0.0,15.589,33.6,1752254072346
0.0,0.0,12.769,33.6,1752254073015
0.0,0.0,10.667,33.6,1752254073364
0.0,0.0,6.983,33.6,1752254073698
0.0,0.0,5.703,33.8,1752254074390
0.0,0.0,4.412,33.8,1752254074734
0.0,0.0,3.163,33.6,1752254081982
0.0,0.0,1.914,33.6,1752254082331
0.0,0.0,1.956,33.6,1752254082665
0.0,0.0,1.883,33.6,1752254083315
0.0,0.0,2.175,33.6,1752254083866
0.0,0.0,3.455,33.6,1752254084210
0.0,0.0,4.672,33.6,1752254084865
0.0,0.0,6.296,33.6,1752254085217
0.0,0.0,7.482,33.6,1752254085848
0.0,0.0,8.7,33.8,1752254086200
0.0,0.0,7.732,33.8,1752254086541
0.0,0.0,6.795,33.8,1752254087191
0.0,0.0,5.713,33.8,1752254088531
0.0,0.0,4.714,33.8,1752254089185
0.0,0.0,3.798,33.8,1752254089530
0.0,0.0,2.549,33.8,1752254089853
0.0,0.0,1.654,33.8,1752254090194
0.0,0.0,0.749,33.8,1752254090524
0.0,0.0,0.718,33.8,1752254091431
0.0,0.0,0.77,33.8,1752254092430
0.0,0.0,0.718,33.8,1752254093123
0.0,0.0,0.832,33.8,1752254093824
0.0,0.0,1.009,33.8,1752254094763
0.0,0.0,1.019,33.8,1752254095096
0.0,0.0,1.155,33.8,1752254095748
0.0,0.0,1.186,33.8,1752254096747
0.0,0.0,1.165,33.8,1752254098047
0.0,0.0,1.144,33.8,1752254098397
0.0,0.0,1.28,33.6,1752254098734
0.0,0.0,1.28,33.6,1752254099730
0.0,0.0,1.3,33.6,1752254100063
0.0,0.0,1.404,33.6,1752254100400
0.0,0.0,1.581,33.6,1752254101064
0.0,0.0,1.415,33.0,1752254115372
0.0,0.0,1.186,33.0,1752254115716
0.0,0.0,1.196,33.0,1752254116063
0.0,0.0,1.061,33.0,1752254116420
0.0,0.0,1.061,33.0,1752254116737
0.0,0.0,1.092,33.0,1752254117088
0.0,0.0,1.134,33.0,1752254117423
0.0,0.0,1.019,33.0,1752254117762
0.0,0.0,1.051,33.0,1752254118106
0.0,0.0,1.092,33.0,1752254118428
0.0,0.0,0.988,33.0,1752254118484
0.0,0.0,0.832,33.0,1752254118612
0.0,0.0,0.957,33.0,1752254118684
0.0,0.0,1.071,33.0,1752254118808
0.0,0.0,1.103,33.0,1752254118908
0.0,0.0,1.175,33.0,1752254119006
0.0,0.0,1.217,33.0,1752254119106
0.0,0.0,1.238,33.0,1752254119215
0.0,0.0,1.248,32.8,1752254119337
0.0,0.0,1.321,32.8,1752254119407
0.0,0.0,1.269,32.8,1752254119527
0.0,0.0,1.196,32.8,1752254119624
0.0,0.0,1.28,32.8,1752254119724
0.0,0.0,1.321,32.8,1752254119823
0.0,0.0,1.321,32.8,1752254119919
0.0,0.0,1.321,32.8,1752254120016
0.0,0.0,1.311,32.8,1752254120116
0.0,0.0,1.259,32.8,1752254120224
0.0,0.0,1.259,32.8,1752254120319
0.0,0.0,1.28,32.8,1752254120415
0.0,0.0,1.248,32.8,1752254120511
0.0,0.0,1.196,32.8,1752254120613
0.0,0.0,1.186,32.8,1752254120708
0.0,0.0,1.196,32.8,1752254120804
0.0,0.0,1.217,32.8,1752254120899
0.0,0.0,1.207,32.8,1752254120995
0.0,0.0,1.217,32.8,1752254121095
0.0,0.0,1.248,32.8,1752254121193
0.0,0.0,1.248,32.8,1752254121297
0.0,0.0,1.269,32.8,1752254121397
0.0,0.0,1.269,32.8,1752254121491
0.0,0.0,1.228,32.8,1752254121590
0.0,0.0,1.207,32.8,1752254121684
0.0,0.0,1.228,32.8,1752254121779
0.0,0.0,1.238,32.8,1752254121873
0.0,0.0,1.238,32.8,1752254121970
31.70854949951172,-97.18892669677734,1.238,32.8,1752254122000
0.0,0.0,1.228,32.8,1752254122067
0.0,0.0,1.238,32.8,1752254122163
0.0,0.0,1.238,32.8,1752254122286
0.0,0.0,1.217,32.8,1752254122357
0.0,0.0,1.238,32.8,1752254122485
0.0,0.0,1.238,32.8,1752254122555
0.0,0.0,1.207,32.8,1752254122679
0.0,0.0,1.238,32.8,1752254122744
0.0,0.0,1.248,32.8,1752254122868
0.0,0.0,1.217,32.8,1752254122938
31.70855140686035,-97.18892669677734,1.217,32.8,1752254123000
0.0,0.0,1.217,32.8,1752254123056
0.0,0.0,1.207,32.8,1752254123128
0.0,0.0,1.186,32.8,1752254123271
0.0,0.0,1.186,32.8,1752254123341
0.0,0.0,1.175,32.8,1752254123468
0.0,0.0,1.165,32.8,1752254123538
0.0,0.0,1.134,32.8,1752254123670
0.0,0.0,1.134,32.8,1752254123741
0.0,0.0,1.155,32.8,1752254123869
0.0,0.0,1.144,32.8,1752254123939
0.0,0.0,1.144,32.8,1752254124116
0.0,0.0,1.165,32.8,1752254124247
0.0,0.0,1.144,32.8,1752254124940
0.0,0.0,1.165,32.8,1752254125044
0.0,0.0,1.186,32.8,1752254125231
0.0,0.0,1.186,32.8,1752254125343
0.0,0.0,1.175,32.8,1752254125517
0.0,0.0,1.186,32.8,1752254125613
0.0,0.0,1.196,32.8,1752254125773
0.0,0.0,1.165,32.8,1752254126288
0.0,0.0,1.165,32.8,1752254126417
0.0,0.0,1.144,32.8,1752254126489
0.0,0.0,1.113,32.8,1752254126618
0.0,0.0,1.082,32.8,1752254126689
0.0,0.0,1.071,32.8,1752254126816
0.0,0.0,1.04,32.8,1752254126888
31.708559036254883,-97.18892669677734,1.009,32.8,1752254127000
0.0,0.0,1.009,32.8,1752254127015
0.0,0.0,0.999,32.8,1752254127085
0.0,0.0,0.978,32.8,1752254127225
0.0,0.0,0.967,32.8,1752254127296
0.0,0.0,0.967,32.8,1752254127427
0.0,0.0,0.988,32.8,1752254127499
0.0,0.0,0.957,32.8,1752254127629
0.0,0.0,0.967,32.8,1752254127706
0.0,0.0,0.967,32.8,1752254127834
0.0,0.0,0.967,32.8,1752254127906
0.0,0.0,0.967,32.8,1752254128032
0.0,0.0,0.967,32.8,1752254128104
0.0,0.0,0.967,32.8,1752254128246
0.0,0.0,0.957,32.8,1752254128317
0.0,0.0,0.957,32.8,1752254128442
0.0,0.0,0.936,32.8,1752254128511
0.0,0.0,0.895,32.8,1752254128635
0.0,0.0,0.874,32.8,1752254128728
0.0,0.0,0.884,32.8,1752254128909
31.708560943603516,-97.18892669677734,0.884,32.8,1752254129000
0.0,0.0,0.884,32.8,1752254129018
0.0,0.0,0.863,32.8,1752254129201
0.0,0.0,0.863,32.8,1752254129314
0.0,0.0,0.874,32.8,1752254129874
0.0,0.0,0.863,32.8,1752254129944
0.0,0.0,0.863,32.8,1752254130072
0.0,0.0,0.884,32.8,1752254130143
0.0,0.0,0.874,32.8,1752254130286
0.0,0.0,0.884,32.8,1752254130359
0.0,0.0,0.926,32.8,1752254130486
0.0,0.0,0.947,32.8,1752254130571
0.0,0.0,0.957,32.8,1752254130748
0.0,0.0,0.947,32.8,1752254130852
31.70856475830078,-97.18891906738281,0.957,32.8,1752254131000
0.0,0.0,0.957,32.8,1752254131027
0.0,0.0,0.947,32.8,1752254131127
0.0,0.0,0.936,32.8,1752254131320
0.0,0.0,0.957,32.8,1752254131413
0.0,0.0,0.947,32.8,1752254131974
0.0,0.0,0.915,32.8,1752254132048
0.0,0.0,0.905,32.8,1752254132173
0.0,0.0,0.895,32.8,1752254132262
0.0,0.0,0.874,32.8,1752254132387
0.0,0.0,0.874,32.8,1752254132456
0.0,0.0,0.853,32.8,1752254132613
0.0,0.0,0.863,32.8,1752254132711
0.0,0.0,0.874,32.8,1752254132886
0.0,0.0,0.874,32.8,1752254132985
31.708568572998047,-97.18891906738281,0.874,32.8,1752254133000
0.0,0.0,0.884,32.8,1752254133157
0.0,0.0,0.884,32.8,1752254133278
0.0,0.0,0.895,32.8,1752254133446
0.0,0.0,0.905,32.8,1752254133942
0.0,0.0,0.895,32.8,1752254134075
0.0,0.0,0.884,32.8,1752254134144
0.0,0.0,0.905,32.8,1752254134285
0.0,0.0,0.915,32.8,1752254134354
0.0,0.0,0.926,32.8,1752254134479
0.0,0.0,0.915,32.8,1752254134548
0.0,0.0,0.895,32.8,1752254134702
0.0,0.0,0.895,32.8,1752254134797
0.0,0.0,0.874,32.8,1752254134969
0.0,0.0,0.863,32.8,1752254135066
0.0,0.0,0.842,32.8,1752254135262
0.0,0.0,0.853,32.8,1752254135351
0.0,0.0,0.842,32.8,1752254135915
0.0,0.0,0.842,32.8,1752254135987
0.0,0.0,0.811,32.8,1752254136116
0.0,0.0,0.811,32.8,1752254136201
0.0,0.0,0.79,32.8,1752254136329
0.0,0.0,0.79,32.8,1752254136401
0.0,0.0,0.801,32.8,1752254136530
0.0,0.0,0.77,32.8,1752254136601
0.0,0.0,0.77,32.8,1752254136728
0.0,0.0,0.78,32.8,1752254136798
0.0,0.0,0.77,32.6,1752254136931
31.70857048034668,-97.18891906738281,0.77,32.6,1752254137000
0.0,0.0,0.77,32.6,1752254137006
0.0,0.0,0.749,32.6,1752254137135
0.0,0.0,0.728,32.6,1752254137216
0.0,0.0,0.728,32.6,1752254137347
0.0,0.0,0.738,32.6,1752254137420
0.0,0.0,0.728,32.6,1752254137552
0.0,0.0,0.728,32.6,1752254137625
0.0,0.0,0.728,32.6,1752254137753
0.0,0.0,0.738,32.6,1752254137823
0.0,0.0,0.738,32.6,1752254137952
31.708568572998047,-97.18891906738281,0.738,32.6,1752254138000
0.0,0.0,0.738,32.6,1752254138023
0.0,0.0,0.728,32.6,1752254138134
0.0,0.0,0.718,32.6,1752254138219
0.0,0.0,0.728,32.6,1752254138346
0.0,0.0,0.738,32.6,1752254138415
0.0,0.0,0.738,32.6,1752254138540
0.0,0.0,0.718,32.6,1752254138610
0.0,0.0,0.707,32.6,1752254138736
0.0,0.0,0.707,32.6,1752254138808
0.0,0.0,0.697,32.6,1752254138940
0.0,0.0,0.697,32.6,1752254139013
0.0,0.0,0.676,32.6,1752254139180
0.0,0.0,0.676,32.6,1752254139788
0.0,0.0,0.676,32.6,1752254139957
0.0,0.0,0.676,32.6,1752254140058
0.0,0.0,0.666,32.6,1752254140241
0.0,0.0,0.645,32.6,1752254140345
0.0,0.0,0.666,32.6,1752254140512
0.0,0.0,0.686,32.6,1752254140602
31.70856475830078,-97.18891906738281,0.697,32.6,1752254141000
0.0,0.0,0.697,32.6,1752254141157
0.0,0.0,0.697,32.6,1752254141241
0.0,0.0,0.697,32.6,1752254141369
0.0,0.0,0.686,32.6,1752254141438
0.0,0.0,0.707,32.6,1752254141570
0.0,0.0,0.728,32.6,1752254141641
0.0,0.0,0.728,32.6,1752254141767
0.0,0.0,0.728,32.6,1752254141838
0.0,0.0,0.759,32.6,1752254141964
31.708560943603516,-97.18891906738281,0.78,32.6,1752254142000
0.0,0.0,0.78,32.6,1752254142033
0.0,0.0,0.78,32.6,1752254142159
0.0,0.0,0.801,32.6,1752254142246
0.0,0.0,0.832,32.6,1752254142370
0.0,0.0,0.863,32.6,1752254142439
0.0,0.0,0.884,32.6,1752254142566
0.0,0.0,0.895,32.6,1752254142638
0.0,0.0,0.905,32.6,1752254142767
0.0,0.0,0.905,32.6,1752254142846
0.0,0.0,0.915,32.6,1752254143039
0.0,0.0,0.905,32.6,1752254143152
0.0,0.0,0.874,32.6,1752254143343
0.0,0.0,0.874,32.6,1752254143966
0.0,0.0,0.863,32.6,1752254144130
0.0,0.0,0.832,32.6,1752254144253
0.0,0.0,0.79,32.6,1752254144419
0.0,0.0,0.759,32.6,1752254144516
31.70855712890625,-97.18891906738281,0.728,32.6,1752254145000
0.0,0.0,0.728,32.6,1752254145075
0.0,0.0,0.718,32.6,1752254145151
0.0,0.0,0.718,32.6,1752254145288
0.0,0.0,0.707,32.6,1752254145357
0.0,0.0,0.728,32.6,1752254145483
0.0,0.0,0.728,32.6,1752254145553
0.0,0.0,0.728,32.6,1752254145685
0.0,0.0,0.749,32.6,1752254145755
0.0,0.0,0.759,32.6,1752254145882
0.0,0.0,0.79,32.6,1752254145951
31.708555221557617,-97.18891906738281,0.79,32.6,1752254146000
0.0,0.0,0.842,32.6,1752254146120
0.0,0.0,0.863,32.6,1752254146192
0.0,0.0,0.874,32.6,1752254146319
0.0,0.0,0.874,32.6,1752254146391
0.0,0.0,0.874,32.6,1752254146517
0.0,0.0,0.874,32.6,1752254146586
0.0,0.0,0.863,32.6,1752254146711
0.0,0.0,0.853,32.6,1752254146784
0.0,0.0,0.863,32.6,1752254146909
0.0,0.0,0.863,32.6,1752254147006
0.0,0.0,0.853,32.6,1752254147197
0.0,0.0,0.832,32.6,1752254147322
0.0,0.0,0.842,32.6,1752254148018
0.0,0.0,0.842,32.6,1752254148109
0.0,0.0,0.853,32.6,1752254148295
0.0,0.0,0.874,32.6,1752254148386
0.0,0.0,0.895,32.6,1752254148546
31.70854949951172,-97.18891906738281,0.915,32.6,1752254149000
0.0,0.0,0.915,32.6,1752254149046
0.0,0.0,0.936,32.6,1752254149172
0.0,0.0,0.957,32.6,1752254149256
0.0,0.0,0.957,32.6,1752254149383
0.0,0.0,0.967,32.6,1752254149453
0.0,0.0,0.967,32.6,1752254149580
0.0,0.0,0.978,32.6,1752254149655
0.0,0.0,0.967,32.6,1752254149782
0.0,0.0,0.947,32.6,1752254149852
0.0,0.0,0.926,32.6,1752254149980
31.708547592163086,-97.18892669677734,0.926,32.6,1752254150000
0.0,0.0,0.926,32.6,1752254150050
0.0,0.0,0.915,32.6,1752254150181
0.0,0.0,0.905,32.6,1752254150264
0.0,0.0,0.874,32.6,1752254150389
0.0,0.0,0.874,32.6,1752254150461
0.0,0.0,0.884,32.6,1752254150587
0.0,0.0,0.874,32.6,1752254150658
0.0,0.0,0.895,32.6,1752254150786
0.0,0.0,0.905,32.6,1752254150857
0.0,0.0,0.915,32.6,1752254150984
0.0,0.0,0.936,32.6,1752254151061
0.0,0.0,0.967,32.6,1752254151265
0.0,0.0,0.978,32.6,1752254151835
0.0,0.0,0.978,32.6,1752254152003
0.0,0.0,1.009,32.6,1752254152094
0.0,0.0,1.019,32.6,1752254152281
0.0,0.0,1.019,32.6,1752254152372
0.0,0.0,1.019,32.6,1752254152532
0.0,0.0,1.03,32.6,1752254152618
31.708547592163086,-97.18892669677734,1.03,32.6,1752254153000
0.0,0.0,1.03,32.6,1752254153170
0.0,0.0,1.03,32.6,1752254153254
0.0,0.0,1.03,32.6,1752254153384
0.0,0.0,1.03,32.6,1752254153454
0.0,0.0,1.019,32.6,1752254153583
0.0,0.0,1.03,32.6,1752254153653
0.0,0.0,1.04,32.6,1752254153785
0.0,0.0,1.03,32.6,1752254153855
0.0,0.0,1.03,32.6,1752254153982
0.0,0.0,1.03,32.6,1752254154052
0.0,0.0,1.04,32.6,1752254154183
0.0,0.0,1.019,32.6,1752254154268
0.0,0.0,1.03,32.6,1752254154396
0.0,0.0,1.03,32.6,1752254154467
0.0,0.0,1.03,32.6,1752254154597
0.0,0.0,1.019,32.6,1752254154667
0.0,0.0,1.009,32.6,1752254154795
0.0,0.0,0.978,32.6,1752254154866
0.0,0.0,1.009,32.6,1752254154993
31.708541870117188,-97.18891906738281,1.009,32.6,1752254155000
0.0,0.0,1.009,32.6,1752254155063
0.0,0.0,1.009,32.6,1752254155255
0.0,0.0,1.009,32.6,1752254155749
0.0,0.0,0.999,32.6,1752254155880
0.0,0.0,1.019,32.6,1752254155950
0.0,0.0,0.999,32.6,1752254156080
0.0,0.0,1.009,32.6,1752254156154
0.0,0.0,1.03,32.6,1752254156289
0.0,0.0,1.051,32.6,1752254156359
0.0,0.0,1.061,32.6,1752254156485
0.0,0.0,1.092,32.6,1752254156555
0.0,0.0,1.061,32.6,1752254156684
0.0,0.0,1.04,32.6,1752254156781
0.0,0.0,1.051,32.6,1752254156952
31.708534240722656,-97.18891906738281,1.051,32.6,1752254157000
0.0,0.0,1.051,32.6,1752254157051
0.0,0.0,1.051,32.6,1752254157241
0.0,0.0,1.051,32.6,1752254157347
0.0,0.0,1.082,32.6,1752254157910
0.0,0.0,1.082,32.6,1752254157982
0.0,0.0,1.061,32.6,1752254158109
0.0,0.0,1.082,32.6,1752254158194
0.0,0.0,1.082,32.6,1752254158326
0.0,0.0,1.103,32.6,1752254158400
0.0,0.0,1.155,32.6,1752254158537
0.0,0.0,1.196,32.6,1752254158610
0.0,0.0,1.217,32.6,1752254158744
0.0,0.0,1.238,32.6,1752254158830
31.708526611328125,-97.18891906738281,1.28,32.6,1752254159000
0.0,0.0,1.28,32.6,1752254159010
0.0,0.0,1.3,32.6,1752254159104
0.0,0.0,1.3,32.6,1752254159305
0.0,0.0,1.311,32.6,1752254159400
0.0,0.0,1.311,32.6,1752254159959
0.0,0.0,1.29,32.6,1752254160027
0.0,0.0,1.3,32.6,1752254160155
0.0,0.0,1.28,32.6,1752254160241
0.0,0.0,1.269,32.6,1752254160369
0.0,0.0,1.238,32.6,1752254160439
0.0,0.0,1.228,32.6,1752254160568
0.0,0.0,1.228,32.6,1752254160636
0.0,0.0,1.175,32.6,1752254160831
0.0,0.0,1.175,32.6,1752254160930
31.70852279663086,-97.18891906738281,1.175,32.6,1752254161000
0.0,0.0,1.175,32.6,1752254161113
0.0,0.0,1.175,32.6,1752254161235
0.0,0.0,1.175,32.6,1752254161856
0.0,0.0,1.196,32.6,1752254161929
0.0,0.0,1.207,32.6,1752254162082
0.0,0.0,1.238,32.6,1752254162159
0.0,0.0,1.269,32.6,1752254162316
0.0,0.0,1.29,32.6,1752254162384
0.0,0.0,1.332,32.6,1752254162529
0.0,0.0,1.363,32.6,1752254162597
0.0,0.0,1.425,32.6,1752254162745
0.0,0.0,1.467,32.6,1752254162843
0.0,0.0,1.498,32.6,1752254163038
0.0,0.0,1.509,32.6,1752254163133
0.0,0.0,1.519,32.6,1752254163344
0.0,0.0,1.519,32.6,1752254163848
0.0,0.0,1.54,32.6,1752254163991
31.708520889282227,-97.18891906738281,1.54,32.6,1752254164000
0.0,0.0,1.54,32.6,1752254164061
0.0,0.0,1.529,32.6,1752254164214
0.0,0.0,1.54,32.6,1752254164294
0.0,0.0,1.529,32.6,1752254164479
0.0,0.0,1.519,32.6,1752254164536
0.0,0.0,1.509,32.6,1752254164676
0.0,0.0,1.509,32.6,1752254164741
0.0,0.0,1.498,32.6,1752254164881
0.0,0.0,1.498,32.6,1752254164944
31.708518981933594,-97.18892669677734,1.498,32.6,1752254165000
0.0,0.0,1.498,32.6,1752254165081
0.0,0.0,1.509,32.6,1752254165135
0.0,0.0,1.519,32.6,1752254165278
0.0,0.0,1.529,32.6,1752254165344
0.0,0.0,1.54,32.6,1752254165484
0.0,0.0,1.55,32.6,1752254165547
0.0,0.0,1.561,32.6,1752254165683
0.0,0.0,1.592,32.6,1752254165747
0.0,0.0,1.613,32.6,1752254165882
0.0,0.0,1.623,32.6,1752254165945
0.0,0.0,1.633,32.6,1752254166080
0.0,0.0,1.633,32.6,1752254166147
0.0,0.0,1.644,32.6,1752254166817
0.0,0.0,1.644,32.6,1752254166903
31.708515167236328,-97.18892669677734,1.644,32.6,1752254167000
0.0,0.0,1.644,32.6,1752254167072
0.0,0.0,1.623,32.6,1752254167162
0.0,0.0,1.613,32.6,1752254167345
0.0,0.0,1.613,32.6,1752254167429
0.0,0.0,1.613,32.6,1752254167591
0.0,0.0,1.613,32.6,1752254168095
0.0,0.0,1.613,32.6,1752254168240
0.0,0.0,1.613,32.6,1752254168306
0.0,0.0,1.623,32.6,1752254168438
0.0,0.0,1.633,32.6,1752254168501
0.0,0.0,1.633,32.6,1752254168630
0.0,0.0,1.633,32.6,1752254168694
0.0,0.0,1.644,32.6,1752254168826
0.0,0.0,1.654,32.6,1752254168914
0.0,0.0,1.675,32.6,1752254169091
0.0,0.0,1.675,32.6,1752254169184
0.0,0.0,1.685,32.6,1752254169368
0.0,0.0,1.696,32.6,1752254169830
0.0,0.0,1.706,32.6,1752254169961
0.0,0.0,1.727,32.6,1752254170025
0.0,0.0,1.727,32.6,1752254170158
0.0,0.0,1.727,32.6,1752254170240
0.0,0.0,1.727,32.6,1752254170372
0.0,0.0,1.727,32.6,1752254170436
0.0,0.0,1.737,32.6,1752254170567
0.0,0.0,1.737,32.6,1752254170633
0.0,0.0,1.737,32.6,1752254170765
0.0,0.0,1.748,32.6,1752254170829
0.0,0.0,1.748,32.6,1752254170960
31.708494186401367,-97.18891906738281,1.748,32.6,1752254171000
0.0,0.0,1.748,32.6,1752254171025
0.0,0.0,1.758,32.6,1752254171154
0.0,0.0,1.748,32.6,1752254171226
0.0,0.0,1.748,32.6,1752254171337
0.0,0.0,1.758,32.6,1752254171397
0.0,0.0,1.769,32.6,1752254171512
0.0,0.0,1.769,32.6,1752254171569
0.0,0.0,1.769,32.6,1752254171684
0.0,0.0,1.748,32.6,1752254171740
0.0,0.0,1.758,32.6,1752254171858
0.0,0.0,1.748,32.6,1752254171914
31.708486557006836,-97.18891906738281,1.737,32.6,1752254172000
0.0,0.0,1.737,32.6,1752254172033
0.0,0.0,1.748,32.6,1752254172092
0.0,0.0,1.748,32.6,1752254172233
0.0,0.0,1.748,32.6,1752254172297
0.0,0.0,1.748,32.6,1752254172428
0.0,0.0,1.748,32.6,1752254172491
0.0,0.0,1.748,32.6,1752254172624
0.0,0.0,1.748,32.6,1752254172687
0.0,0.0,1.758,32.6,1752254172818
0.0,0.0,1.758,32.6,1752254172881
0.0,0.0,1.758,32.6,1752254173015
0.0,0.0,1.758,32.6,1752254173079
0.0,0.0,1.769,32.6,1752254173807
0.0,0.0,1.758,32.6,1752254173887
0.0,0.0,1.769,32.6,1752254174057
0.0,0.0,1.758,32.6,1752254174141
0.0,0.0,1.758,32.6,1752254174368
0.0,0.0,1.758,32.6,1752254174510
0.0,0.0,1.769,32.6,1752254174979
0.0,0.0,1.769,32.6,1752254175046
0.0,0.0,1.769,32.6,1752254175184
0.0,0.0,1.769,32.6,1752254175254
0.0,0.0,1.769,32.6,1752254175386
0.0,0.0,1.769,32.6,1752254175452
0.0,0.0,1.769,32.6,1752254175585
0.0,0.0,1.779,32.6,1752254175649
0.0,0.0,1.779,32.6,1752254175784
0.0,0.0,1.8,32.6,1752254175848
0.0,0.0,1.8,32.6,1752254175981
31.70846939086914,-97.18891143798828,1.8,32.6,1752254176000
0.0,0.0,1.8,32.6,1752254176047
0.0,0.0,1.79,32.6,1752254176220
0.0,0.0,1.79,32.6,1752254176270
0.0,0.0,1.79,32.6,1752254176382
0.0,0.0,1.79,32.6,1752254176440
0.0,0.0,1.79,32.6,1752254176552
0.0,0.0,1.79,32.6,1752254176609
0.0,0.0,1.79,32.6,1752254176728
0.0,0.0,1.79,32.6,1752254176782
0.0,0.0,1.81,32.6,1752254176899
0.0,0.0,1.81,32.6,1752254176958
31.708463668823242,-97.18891906738281,1.81,32.6,1752254177000
0.0,0.0,1.8,32.6,1752254177074
0.0,0.0,1.81,32.6,1752254177133
0.0,0.0,1.831,32.6,1752254177270
0.0,0.0,1.831,32.6,1752254177333
0.0,0.0,1.831,32.6,1752254177469
0.0,0.0,1.842,32.6,1752254177532
0.0,0.0,1.842,32.6,1752254177666
0.0,0.0,1.842,32.6,1752254177731
0.0,0.0,1.852,32.6,1752254177863
0.0,0.0,1.852,32.6,1752254177928
0.0,0.0,1.852,32.6,1752254178063
0.0,0.0,1.852,32.6,1752254178131
0.0,0.0,1.852,32.6,1752254178831
0.0,0.0,1.842,32.6,1752254178915
0.0,0.0,1.831,32.6,1752254179082
0.0,0.0,1.842,32.6,1752254179174
0.0,0.0,1.842,32.6,1752254179347
0.0,0.0,1.831,32.6,1752254179428
0.0,0.0,1.831,32.6,1752254179976
31.708446502685547,-97.18891906738281,1.831,32.6,1752254180000
0.0,0.0,1.821,32.6,1752254180043
0.0,0.0,1.81,32.6,1752254180174
0.0,0.0,1.81,32.6,1752254180247
0.0,0.0,1.81,32.6,1752254180383
0.0,0.0,1.79,32.6,1752254180447
0.0,0.0,1.79,32.6,1752254180579
0.0,0.0,1.79,32.6,1752254180643
0.0,0.0,1.79,32.6,1752254180774
0.0,0.0,1.769,32.6,1752254180838
0.0,0.0,1.769,32.6,1752254180965
0.0,0.0,1.758,32.6,1752254181018
0.0,0.0,1.748,32.6,1752254181124
0.0,0.0,1.737,32.6,1752254181199
0.0,0.0,1.727,32.6,1752254181330
0.0,0.0,1.706,32.6,1752254181393
0.0,0.0,1.696,32.6,1752254181523
0.0,0.0,1.696,32.6,1752254181587
0.0,0.0,1.654,32.6,1752254181722
0.0,0.0,1.644,32.6,1752254181786
0.0,0.0,1.644,32.6,1752254181918
0.0,0.0,1.613,32.6,1752254181985
0.0,0.0,1.613,32.6,1752254182119
0.0,0.0,1.581,32.6,1752254182653
0.0,0.0,1.55,32.6,1752254182752
0.0,0.0,1.529,32.6,1752254182853
0.0,0.0,1.509,32.6,1752254182953
31.708412170410156,-97.18892669677734,1.509,32.6,1752254183000
0.0,0.0,1.498,32.6,1752254183052
0.0,0.0,1.467,32.6,1752254183150
0.0,0.0,1.425,32.6,1752254183257
0.0,0.0,1.415,32.6,1752254183359
0.0,0.0,1.363,32.6,1752254183457
0.0,0.0,1.332,32.6,1752254183558
0.0,0.0,1.311,32.6,1752254183623
0.0,0.0,1.269,32.6,1752254183756
0.0,0.0,1.28,32.6,1752254183821
0.0,0.0,1.248,32.6,1752254183953
31.70840072631836,-97.18892669677734,1.207,32.6,1752254184000
0.0,0.0,1.207,32.6,1752254184019
0.0,0.0,1.186,32.6,1752254184134
0.0,0.0,1.155,32.6,1752254184208
0.0,0.0,1.144,32.6,1752254184339
0.0,0.0,1.123,32.6,1752254184405
0.0,0.0,1.113,32.6,1752254184536
0.0,0.0,1.082,32.6,1752254184600
0.0,0.0,1.061,32.6,1752254184735
0.0,0.0,1.04,32.6,1752254184798
0.0,0.0,1.019,32.6,1752254185362
0.0,0.0,0.999,32.6,1752254185436
0.0,0.0,0.978,32.6,1752254185569
0.0,0.0,0.957,32.6,1752254185632
0.0,0.0,0.957,32.6,1752254185767
0.0,0.0,0.936,32.6,1752254185830
0.0,0.0,4.152,32.4,1752254201242
0.0,0.0,4.131,32.4,1752254201341
0.0,0.0,4.121,32.4,1752254201509
0.0,0.0,4.11,32.4,1752254201615
0.0,0.0,4.11,32.4,1752254201787
0.0,0.0,4.11,32.4,1752254201895
31.708267211914062,-97.18914031982422,4.1,32.4,1752254202000
0.0,0.0,4.1,32.4,1752254202065
0.0,0.0,4.089,32.4,1752254202178
0.0,0.0,4.089,32.4,1752254202365
0.0,0.0,4.089,32.4,1752254202479
0.0,0.0,4.079,32.4,1752254202650
0.0,0.0,4.079,32.4,1752254202758
0.0,0.0,4.079,32.4,1752254202931
0.0,0.0,4.079,32.4,1752254203040
0.0,0.0,4.089,32.4,1752254203223
0.0,0.0,4.089,32.4,1752254203355
0.0,0.0,4.089,32.4,1752254203551
0.0,0.0,4.1,32.4,1752254203665
0.0,0.0,4.1,32.4,1752254203855
0.0,0.0,4.11,32.4,1752254203969
0.0,0.0,4.11,32.4,1752254204166
0.0,0.0,4.11,32.4,1752254204359
0.0,0.0,4.121,32.4,1752254204962
0.0,0.0,4.11,32.4,1752254205077
0.0,0.0,4.131,32.4,1752254205286
0.0,0.0,4.11,32.4,1752254205401
0.0,0.0,4.1,32.4,1752254205554
0.0,0.0,4.089,32.4,1752254205672
0.0,0.0,4.079,32.4,1752254205871
0.0,0.0,4.069,32.4,1752254205991
0.0,0.0,4.058,32.4,1752254206195
0.0,0.0,4.037,32.4,1752254206322
0.0,0.0,4.037,32.4,1752254206519
0.0,0.0,4.027,32.4,1752254206638
0.0,0.0,4.017,32.4,1752254206836
0.0,0.0,4.017,32.4,1752254206955
31.708267211914062,-97.18914794921875,4.017,32.4,1752254207000
0.0,0.0,3.996,32.4,1752254207136
0.0,0.0,4.006,32.4,1752254207262
0.0,0.0,3.996,32.4,1752254207450
0.0,0.0,4.006,32.4,1752254207554
0.0,0.0,4.006,32.4,1752254207737
0.0,0.0,4.006,32.4,1752254207849
0.0,0.0,4.006,32.4,1752254208028
0.0,0.0,4.017,32.4,1752254208132
0.0,0.0,4.017,32.4,1752254208352
0.0,0.0,4.027,32.4,1752254208464
0.0,0.0,4.027,32.4,1752254208658
0.0,0.0,4.037,32.4,1752254208770
0.0,0.0,4.037,32.4,1752254208961
0.0,0.0,4.037,32.4,1752254209075
0.0,0.0,4.037,32.4,1752254209358
0.0,0.0,4.027,32.4,1752254209877
0.0,0.0,4.027,32.4,1752254210069
0.0,0.0,4.027,32.4,1752254210189
0.0,0.0,4.017,32.4,1752254210394
0.0,0.0,4.017,32.4,1752254210507
0.0,0.0,4.017,32.4,1752254210701
0.0,0.0,4.027,32.4,1752254210815
31.708269119262695,-97.18914794921875,4.027,32.4,1752254211000
0.0,0.0,4.027,32.4,1752254211010
0.0,0.0,4.027,32.4,1752254211126
0.0,0.0,4.037,32.4,1752254211335
0.0,0.0,4.037,32.4,1752254211448
0.0,0.0,4.048,32.4,1752254211641
0.0,0.0,4.048,32.4,1752254211705
0.0,0.0,4.048,32.4,1752254211861
0.0,0.0,4.048,32.4,1752254211948
0.0,0.0,4.048,32.4,1752254212031
0.0,0.0,4.048,32.4,1752254212169
0.0,0.0,4.058,32.4,1752254212379
0.0,0.0,4.048,32.4,1752254212491
0.0,0.0,4.048,32.4,1752254212621
0.0,0.0,4.037,32.4,1752254212640
0.0,0.0,4.037,32.4,1752254212839
0.0,0.0,4.048,32.4,1752254213043
0.0,0.0,4.037,32.4,1752254213353
0.0,0.0,4.037,32.4,1752254213538
31.708267211914062,-97.18914794921875,4.037,32.4,1752254214000
0.0,0.0,4.037,32.4,1752254214219
0.0,0.0,4.037,32.4,1752254214293
0.0,0.0,4.037,32.4,1752254214474
0.0,0.0,4.037,32.4,1752254214590
0.0,0.0,4.048,32.4,1752254214721
0.0,0.0,4.058,32.4,1752254214797
0.0,0.0,4.058,32.4,1752254214957
0.0,0.0,4.058,32.4,1752254214977
0.0,0.0,4.058,32.4,1752254215181
0.0,0.0,4.058,32.4,1752254215322
0.0,0.0,4.058,32.4,1752254215519
0.0,0.0,4.058,32.4,1752254215639
0.0,0.0,4.069,32.4,1752254215767
0.0,0.0,4.069,32.4,1752254215836
0.0,0.0,4.069,32.4,1752254215996
31.708269119262695,-97.18914794921875,4.069,32.4,1752254216000
0.0,0.0,4.069,32.4,1752254216111
0.0,0.0,4.069,32.4,1752254216360
0.0,0.0,4.069,32.4,1752254216476
0.0,0.0,4.069,32.4,1752254217163
0.0,0.0,4.069,32.4,1752254217291
0.0,0.0,4.069,32.4,1752254217475
0.0,0.0,4.11,32.4,1752254217590
0.0,0.0,4.11,32.4,1752254217776
0.0,0.0,4.11,32.4,1752254217942
0.0,0.0,4.11,32.4,1752254218186
0.0,0.0,4.11,32.4,1752254218352
0.0,0.0,4.11,32.4,1752254218589
31.708267211914062,-97.18914794921875,4.11,32.4,1752254219000
0.0,0.0,4.11,32.4,1752254219111
0.0,0.0,4.11,32.4,1752254219307
0.0,0.0,4.121,32.4,1752254219420
0.0,0.0,4.121,32.4,1752254219601
0.0,0.0,4.121,32.4,1752254219714
0.0,0.0,4.121,32.4,1752254219901
0.0,0.0,4.089,32.4,1752254220014
0.0,0.0,4.089,32.4,1752254220200
0.0,0.0,4.1,32.4,1752254220326
0.0,0.0,4.1,32.4,1752254220507
0.0,0.0,4.1,32.4,1752254220620
0.0,0.0,4.1,32.4,1752254220801
0.0,0.0,4.1,32.4,1752254220913
0.0,0.0,4.1,32.4,1752254221096
0.0,0.0,4.1,32.4,1752254221274
0.0,0.0,4.1,32.4,1752254221873
0.0,0.0,4.1,32.4,1752254221987
31.708267211914062,-97.18914794921875,4.1,32.4,1752254222000
0.0,0.0,4.11,32.4,1752254222165
0.0,0.0,4.121,32.4,1752254222292
0.0,0.0,4.121,32.4,1752254222475
0.0,0.0,4.121,32.4,1752254222586
0.0,0.0,4.121,32.4,1752254222765
0.0,0.0,4.121,32.4,1752254222875
0.0,0.0,4.121,32.4,1752254223057
0.0,0.0,4.11,32.4,1752254223175
0.0,0.0,4.131,32.4,1752254223368
0.0,0.0,4.11,32.4,1752254223520
0.0,0.0,4.121,32.4,1752254223784
0.0,0.0,4.121,32.4,1752254223943
31.708267211914062,-97.18914794921875,4.121,32.4,1752254224000
0.0,0.0,4.121,32.4,1752254224189
0.0,0.0,4.121,32.4,1752254224295
0.0,0.0,4.121,32.4,1752254224574
0.0,0.0,4.121,32.4,1752254224661
0.0,0.0,4.121,32.4,1752254225219
0.0,0.0,4.121,32.4,1752254225286
0.0,0.0,4.121,32.4,1752254225374
0.0,0.0,4.121,32.4,1752254225455
0.0,0.0,4.121,32.4,1752254225610
0.0,0.0,4.121,32.4,1752254225728
0.0,0.0,4.121,32.4,1752254225934
0.0,0.0,4.121,32.4,1752254226098
0.0,0.0,4.121,32.4,1752254226324
0.0,0.0,4.121,32.4,1752254226333
0.0,0.0,4.121,32.4,1752254226625
31.708267211914062,-97.18915557861328,4.121,32.4,1752254227000
0.0,0.0,4.121,32.4,1752254227160
0.0,0.0,4.121,32.4,1752254227248
0.0,0.0,4.131,32.4,1752254227392
0.0,0.0,4.131,32.4,1752254227475
0.0,0.0,4.131,32.4,1752254227630
0.0,0.0,4.131,32.4,1752254227712
0.0,0.0,4.131,32.4,1752254227863
0.0,0.0,4.131,32.4,1752254227944
0.0,0.0,4.131,32.4,1752254228097
0.0,0.0,4.131,32.4,1752254228182
0.0,0.0,4.131,32.4,1752254228344
0.0,0.0,4.131,32.4,1752254228418
0.0,0.0,4.131,32.4,1752254228599
0.0,0.0,4.131,32.4,1752254228732
0.0,0.0,4.131,32.4,1752254228981
31.708267211914062,-97.18915557861328,4.131,32.4,1752254229000
0.0,0.0,4.131,32.4,1752254229139
0.0,0.0,4.131,32.4,1752254229401
0.0,0.0,4.131,32.4,1752254229932
0.0,0.0,4.141,32.4,1752254230068
0.0,0.0,4.131,32.4,1752254230154
0.0,0.0,4.131,32.4,1752254230323
0.0,0.0,4.141,32.4,1752254230408
0.0,0.0,4.141,32.4,1752254230557
0.0,0.0,4.141,32.4,1752254230573
0.0,0.0,4.141,32.4,1752254230821
0.0,0.0,4.141,32.4,1752254230940
0.0,0.0,4.141,32.4,1752254231149
0.0,0.0,4.141,32.4,1752254231289
0.0,0.0,4.141,32.4,1752254231490
31.708267211914062,-97.18915557861328,4.141,32.4,1752254232000
0.0,0.0,4.141,32.4,1752254232044
0.0,0.0,4.141,32.4,1752254232242
0.0,0.0,4.141,32.4,1752254232368
0.0,0.0,4.141,32.4,1752254232562
0.0,0.0,4.141,32.4,1752254232682
0.0,0.0,4.131,32.4,1752254232870
0.0,0.0,4.131,32.4,1752254232989
0.0,0.0,4.131,32.4,1752254233176
0.0,0.0,4.131,32.4,1752254233306
0.0,0.0,4.131,32.4,1752254233490
0.0,0.0,4.141,32.4,1752254233551
0.0,0.0,4.131,32.4,1752254233790
0.0,0.0,4.131,32.4,1752254233933
0.0,0.0,4.131,32.4,1752254234046
0.0,0.0,4.131,32.4,1752254234258
0.0,0.0,4.131,32.4,1752254234422
0.0,0.0,4.131,32.4,1752254235041
0.0,0.0,4.141,32.4,1752254235162
0.0,0.0,4.121,32.4,1752254235358
0.0,0.0,4.121,32.4,1752254235474
0.0,0.0,4.121,32.4,1752254235658
0.0,0.0,4.121,32.4,1752254235774
0.0,0.0,4.121,32.4,1752254235958
0.0,0.0,4.121,32.4,1752254236072
0.0,0.0,4.121,32.4,1752254236271
0.0,0.0,4.121,32.4,1752254236388
0.0,0.0,4.121,32.4,1752254236563
0.0,0.0,4.11,32.4,1752254236664
0.0,0.0,4.11,32.4,1752254236830
0.0,0.0,4.11,32.4,1752254236931
31.708269119262695,-97.18915557861328,4.11,32.4,1752254237000
0.0,0.0,4.11,32.4,1752254237096
0.0,0.0,4.11,32.4,1752254237218
0.0,0.0,4.11,32.4,1752254237386
0.0,0.0,4.11,32.4,1752254237490
0.0,0.0,4.11,32.4,1752254237659
0.0,0.0,4.11,32.4,1752254237759
0.0,0.0,4.11,32.4,1752254237926
0.0,0.0,4.11,32.4,1752254238030
0.0,0.0,4.1,32.4,1752254238214
0.0,0.0,4.1,32.4,1752254238338
0.0,0.0,4.1,32.4,1752254238523
0.0,0.0,4.1,32.4,1752254238640
0.0,0.0,4.1,32.4,1752254238824
0.0,0.0,4.1,32.4,1752254238940
31.708269119262695,-97.18915557861328,4.1,32.4,1752254239000
0.0,0.0,4.1,32.4,1752254239129
0.0,0.0,4.1,32.4,1752254239284
0.0,0.0,4.1,32.4,1752254239901
0.0,0.0,4.121,32.4,1752254240017
0.0,0.0,4.11,32.4,1752254240207
0.0,0.0,4.11,32.4,1752254240337
0.0,0.0,4.121,32.4,1752254240522
0.0,0.0,4.11,32.4,1752254240636
0.0,0.0,4.131,32.4,1752254240851
0.0,0.0,4.121,32.4,1752254241007
0.0,0.0,4.131,32.4,1752254241270
0.0,0.0,4.131,32.4,1752254241427
31.708269119262695,-97.18915557861328,4.131,32.4,1752254242000
0.0,0.0,4.131,32.4,1752254242036
0.0,0.0,4.131,32.4,1752254242155
0.0,0.0,4.131,32.4,1752254242351
0.0,0.0,4.1,32.4,1752254242463
0.0,0.0,4.089,32.4,1752254242651
0.0,0.0,4.089,32.4,1752254242764
0.0,0.0,4.089,32.4,1752254242947
0.0,0.0,4.089,32.4,1752254243060
0.0,0.0,4.079,32.4,1752254243260
0.0,0.0,4.079,32.4,1752254243377
0.0,0.0,4.079,32.4,1752254243561
0.0,0.0,4.079,32.4,1752254243675
0.0,0.0,4.079,32.4,1752254243858
0.0,0.0,4.079,32.4,1752254243971
0.0,0.0,4.079,32.4,1752254244154
0.0,0.0,4.089,32.4,1752254244284
0.0,0.0,4.089,32.4,1752254244891
31.708269119262695,-97.18915557861328,4.079,32.4,1752254245000
0.0,0.0,4.079,32.4,1752254245005
0.0,0.0,4.079,32.4,1752254245191
0.0,0.0,4.079,32.4,1752254245320
0.0,0.0,4.089,32.4,1752254245501
0.0,0.0,4.089,32.4,1752254245615
0.0,0.0,4.089,32.4,1752254245799
0.0,0.0,4.079,32.4,1752254245912
0.0,0.0,4.381,32.4,1752254260978
0.0,0.0,4.36,32.4,1752254261133
0.0,0.0,4.37,32.4,1752254261269
0.0,0.0,4.36,32.4,1752254261409
0.0,0.0,4.36,32.4,1752254261566
0.0,0.0,4.36,32.4,1752254261664
0.0,0.0,4.37,32.4,1752254261817
0.0,0.0,4.37,32.4,1752254261969
31.708404541015625,-97.18922424316406,4.37,32.4,1752254262000
0.0,0.0,4.37,32.4,1752254262145
0.0,0.0,4.37,32.4,1752254262797
0.0,0.0,4.37,32.4,1752254262911
0.0,0.0,4.37,32.4,1752254263106
0.0,0.0,4.37,32.4,1752254263171
0.0,0.0,4.37,32.4,1752254263381
0.0,0.0,4.36,32.4,1752254263493
0.0,0.0,4.37,32.4,1752254263686
0.0,0.0,4.37,32.4,1752254263797
0.0,0.0,4.36,32.4,1752254264029
0.0,0.0,4.35,32.4,1752254264536
0.0,0.0,4.35,32.4,1752254264730
0.0,0.0,4.35,32.4,1752254264843
31.708412170410156,-97.1892318725586,4.35,32.4,1752254265000
0.0,0.0,4.35,32.4,1752254265037
0.0,0.0,4.35,32.4,1752254265153
0.0,0.0,4.35,32.4,1752254265350
0.0,0.0,4.35,32.4,1752254265462
0.0,0.0,4.35,32.4,1752254265654
0.0,0.0,4.35,32.4,1752254265767
0.0,0.0,4.35,32.4,1752254265960
0.0,0.0,4.35,32.4,1752254266076
0.0,0.0,4.339,32.4,1752254266262
0.0,0.0,4.339,32.4,1752254266382
0.0,0.0,4.35,32.4,1752254266578
0.0,0.0,4.35,32.4,1752254266690
0.0,0.0,4.35,32.4,1752254266885
0.0,0.0,4.35,32.4,1752254266997
31.70840835571289,-97.18922424316406,4.35,32.4,1752254267000
0.0,0.0,4.35,32.4,1752254267610
0.0,0.0,4.36,32.4,1752254267722
0.0,0.0,4.35,32.4,1752254267916
0.0,0.0,4.36,32.4,1752254268029
0.0,0.0,4.35,32.4,1752254268230
0.0,0.0,4.36,32.4,1752254268361
0.0,0.0,4.36,32.4,1752254268552
0.0,0.0,4.35,32.4,1752254268664
0.0,0.0,4.35,32.4,1752254268854
0.0,0.0,4.35,32.4,1752254268966
0.0,0.0,4.35,32.4,1752254269572
0.0,0.0,4.35,32.4,1752254269687
0.0,0.0,4.35,32.4,1752254269882
0.0,0.0,4.35,32.4,1752254269996
31.70840835571289,-97.18922424316406,4.35,32.4,1752254270000
0.0,0.0,4.35,32.4,1752254270194
0.0,0.0,4.339,32.4,1752254270301
0.0,0.0,4.339,32.4,1752254270464
0.0,0.0,4.339,32.4,1752254270562
0.0,0.0,4.329,32.4,1752254270733
0.0,0.0,4.329,32.4,1752254270833
0.0,0.0,4.329,32.4,1752254271003
0.0,0.0,4.329,32.4,1752254271102
0.0,0.0,4.329,32.4,1752254271333
0.0,0.0,4.329,32.4,1752254271445
0.0,0.0,4.329,32.4,1752254271637
0.0,0.0,4.329,32.4,1752254271749
0.0,0.0,4.329,32.4,1752254271947
0.0,0.0,4.329,32.4,1752254272482
0.0,0.0,4.318,32.4,1752254272675
0.0,0.0,4.318,32.4,1752254272789
0.0,0.0,4.318,32.4,1752254272982
31.70840072631836,-97.18920135498047,4.318,32.4,1752254273000
0.0,0.0,4.318,32.4,1752254273091
0.0,0.0,4.318,32.4,1752254273263
0.0,0.0,4.308,32.4,1752254273366
0.0,0.0,4.308,32.4,1752254273534
0.0,0.0,4.308,32.4,1752254273636
0.0,0.0,4.287,32.4,1752254273802
0.0,0.0,4.298,32.4,1752254273908
31.708396911621094,-97.189208984375,4.298,32.4,1752254274000
0.0,0.0,4.298,32.4,1752254274075
0.0,0.0,4.298,32.4,1752254274187
0.0,0.0,4.298,32.4,1752254274382
0.0,0.0,4.287,32.4,1752254274496
0.0,0.0,4.287,32.4,1752254274688
0.0,0.0,4.287,32.4,1752254274799
0.0,0.0,4.277,32.4,1752254274994
0.0,0.0,4.277,32.4,1752254275522
0.0,0.0,4.277,32.4,1752254275718
0.0,0.0,4.266,32.4,1752254275843
0.0,0.0,4.266,32.4,1752254276036
0.0,0.0,4.277,32.4,1752254276154
0.0,0.0,4.277,32.4,1752254276350
0.0,0.0,4.277,32.4,1752254276462
0.0,0.0,4.277,32.4,1752254277066
0.0,0.0,4.277,32.4,1752254277183
0.0,0.0,4.266,32.4,1752254277381
0.0,0.0,4.266,32.4,1752254277493
0.0,0.0,4.266,32.4,1752254277689
0.0,0.0,4.256,32.4,1752254277801
0.0,0.0,4.256,32.4,1752254277997
31.70839500427246,-97.18921661376953,4.256,32.4,1752254278000
0.0,0.0,4.256,32.4,1752254278097
0.0,0.0,4.246,32.4,1752254278276
0.0,0.0,4.225,32.4,1752254278376
0.0,0.0,4.225,32.4,1752254278556
0.0,0.0,4.214,32.4,1752254278656
0.0,0.0,4.204,32.4,1752254278830
0.0,0.0,4.204,32.4,1752254278927
0.0,0.0,4.204,32.4,1752254279101
0.0,0.0,4.204,32.4,1752254279215
0.0,0.0,4.194,32.4,1752254279411
0.0,0.0,4.194,32.4,1752254279524
0.0,0.0,4.194,32.4,1752254279720
0.0,0.0,4.194,32.4,1752254279834
0.0,0.0,4.194,32.4,1752254280027
0.0,0.0,4.194,32.4,1752254280560
0.0,0.0,4.183,32.4,1752254280754
0.0,0.0,4.183,32.4,1752254280869
0.0,0.0,4.183,32.4,1752254281063
0.0,0.0,4.173,32.4,1752254281180
0.0,0.0,4.173,32.4,1752254281347
0.0,0.0,4.173,32.4,1752254281450
0.0,0.0,4.162,32.4,1752254281615
0.0,0.0,4.152,32.4,1752254281718
0.0,0.0,4.152,32.4,1752254281884
0.0,0.0,4.131,32.4,1752254281988
31.708389282226562,-97.18921661376953,4.131,32.4,1752254282000
0.0,0.0,4.121,32.4,1752254282164
0.0,0.0,4.121,32.4,1752254282277
0.0,0.0,4.11,32.4,1752254282448
0.0,0.0,4.11,32.4,1752254282552
0.0,0.0,4.11,32.4,1752254282721
0.0,0.0,4.1,32.4,1752254282826
0.0,0.0,4.1,32.4,1752254282993
0.0,0.0,4.089,32.4,1752254283099
0.0,0.0,4.089,32.4,1752254283279
0.0,0.0,4.079,32.4,1752254283399
0.0,0.0,4.079,32.4,1752254283594
0.0,0.0,4.079,32.4,1752254283709
0.0,0.0,4.079,32.4,1752254283903
0.0,0.0,4.089,32.4,1752254284015
0.0,0.0,4.079,32.4,1752254284620
0.0,0.0,4.079,32.4,1752254284735
0.0,0.0,4.069,32.4,1752254284930
31.708385467529297,-97.18922424316406,4.069,32.4,1752254285000
0.0,0.0,4.069,32.4,1752254285044
0.0,0.0,4.058,32.4,1752254285254
0.0,0.0,4.058,32.4,1752254285357
0.0,0.0,4.048,32.4,1752254285526
0.0,0.0,4.048,32.4,1752254285625
0.0,0.0,4.037,32.4,1752254285798
0.0,0.0,4.037,32.4,1752254285895
31.708389282226562,-97.18922424316406,4.037,32.4,1752254286000
0.0,0.0,4.037,32.4,1752254286068
0.0,0.0,4.017,32.4,1752254286176
0.0,0.0,4.017,32.4,1752254286378
0.0,0.0,4.017,32.4,1752254286490
0.0,0.0,4.027,32.4,1752254286686
0.0,0.0,4.006,32.4,1752254286798
0.0,0.0,4.017,32.4,1752254286991
0.0,0.0,4.006,32.4,1752254287528
0.0,0.0,4.006,32.4,1752254287725
0.0,0.0,4.017,32.4,1752254287849
0.0,0.0,4.006,32.4,1752254288046
0.0,0.0,4.006,32.4,1752254288164
0.0,0.0,3.996,32.4,1752254288362
0.0,0.0,4.006,32.4,1752254288474
31.708391189575195,-97.1892318725586,3.996,32.4,1752254289000
0.0,0.0,3.996,32.4,1752254289082
0.0,0.0,3.985,32.4,1752254289203
0.0,0.0,3.985,32.4,1752254289400
0.0,0.0,3.985,32.4,1752254289513
0.0,0.0,3.975,32.4,1752254289706
0.0,0.0,3.965,32.4,1752254289804
0.0,0.0,3.965,32.4,1752254289971
0.0,0.0,3.965,32.4,1752254290065
0.0,0.0,3.954,32.4,1752254290248
0.0,0.0,3.954,32.4,1752254290381
0.0,0.0,3.954,32.4,1752254290577
0.0,0.0,3.954,32.4,1752254290689
0.0,0.0,3.944,32.4,1752254290881
0.0,0.0,3.944,32.4,1752254290995
0.0,0.0,3.944,32.4,1752254291611
0.0,0.0,3.933,32.4,1752254291724
0.0,0.0,3.933,32.4,1752254291899
0.0,0.0,3.933,32.4,1752254291996
0.0,0.0,3.923,32.4,1752254292165
0.0,0.0,3.933,32.4,1752254292272
0.0,0.0,3.923,32.4,1752254292438
0.0,0.0,3.933,32.4,1752254292575
0.0,0.0,3.923,32.4,1752254292709
0.0,0.0,3.923,32.4,1752254292844
0.0,0.0,3.923,32.4,1752254292981
0.0,0.0,3.923,32.4,1752254293113
0.0,0.0,3.913,32.4,1752254293261
0.0,0.0,3.913,32.4,1752254293394
0.0,0.0,3.902,32.4,1752254293529
0.0,0.0,3.913,32.4,1752254293662
0.0,0.0,3.902,32.4,1752254293799
0.0,0.0,3.892,32.4,1752254293935
31.708364486694336,-97.18925476074219,3.892,32.4,1752254294000
0.0,0.0,3.892,32.4,1752254294073
0.0,0.0,3.892,32.4,1752254294212
0.0,0.0,3.892,32.4,1752254294354
0.0,0.0,3.892,32.4,1752254294486
0.0,0.0,3.881,32.4,1752254294623
0.0,0.0,3.881,32.4,1752254294725
0.0,0.0,3.881,32.4,1752254294895
0.0,0.0,3.871,32.4,1752254294994
0.0,0.0,3.871,32.4,1752254295174
0.0,0.0,3.861,32.4,1752254295278
0.0,0.0,3.861,32.4,1752254295475
0.0,0.0,3.861,32.4,1752254295589
0.0,0.0,3.861,32.4,1752254295782
0.0,0.0,3.84,32.4,1752254295896
0.0,0.0,3.84,32.4,1752254296090
0.0,0.0,3.84,32.4,1752254296212
0.0,0.0,3.84,32.4,1752254296405
0.0,0.0,3.84,32.4,1752254296935
0.0,0.0,3.84,32.4,1752254297130
0.0,0.0,3.84,32.4,1752254297252
0.0,0.0,3.84,32.4,1752254297446
0.0,0.0,3.829,32.4,1752254297559
0.0,0.0,3.819,32.4,1752254297760
0.0,0.0,3.829,32.4,1752254297872
31.708364486694336,-97.18927764892578,3.829,32.4,1752254298000
0.0,0.0,3.829,32.4,1752254298045
0.0,0.0,3.829,32.4,1752254298150
0.0,0.0,3.829,32.4,1752254298319
0.0,0.0,3.829,32.4,1752254298421
0.0,0.0,3.819,32.4,1752254298588
0.0,0.0,3.819,32.4,1752254298697
0.0,0.0,3.808,32.4,1752254298860
0.0,0.0,3.798,32.4,1752254298963
0.0,0.0,3.798,32.4,1752254299128
0.0,0.0,3.788,32.4,1752254299248
0.0,0.0,3.788,32.4,1752254299438
0.0,0.0,3.777,32.4,1752254299550
0.0,0.0,3.777,32.4,1752254299745
0.0,0.0,3.767,32.4,1752254299858
0.0,0.0,3.756,32.4,1752254300051
0.0,0.0,3.767,32.4,1752254300167
0.0,0.0,3.767,32.4,1752254300390
0.0,0.0,3.756,32.4,1752254300911
31.7083683013916,-97.18928527832031,3.756,32.4,1752254301000
0.0,0.0,3.767,32.4,1752254301097
0.0,0.0,3.767,32.4,1752254301219
0.0,0.0,3.767,32.4,1752254301405
0.0,0.0,3.777,32.4,1752254301519
0.0,0.0,3.777,32.4,1752254301703
0.0,0.0,3.767,32.4,1752254301816
0.0,0.0,3.767,32.4,1752254302000
0.0,0.0,3.767,32.4,1752254302117
0.0,0.0,3.756,32.4,1752254302299
0.0,0.0,3.756,32.4,1752254302421
0.0,0.0,3.756,32.4,1752254302615
0.0,0.0,3.756,32.4,1752254302727
0.0,0.0,3.746,32.4,1752254302922
0.0,0.0,3.746,32.4,1752254303035
0.0,0.0,3.746,32.4,1752254303233
0.0,0.0,3.725,32.4,1752254303770
31.7083740234375,-97.18930053710938,3.715,32.4,1752254304000
0.0,0.0,3.715,32.4,1752254304024
0.0,0.0,3.715,32.4,1752254304128
0.0,0.0,3.704,32.4,1752254304324
0.0,0.0,3.704,32.4,1752254304440
0.0,0.0,3.704,32.4,1752254304625
0.0,0.0,3.715,32.4,1752254304738
0.0,0.0,3.725,32.4,1752254304919
0.0,0.0,3.725,32.4,1752254305015
0.0,0.0,3.715,32.4,1752254305173
0.0,0.0,3.715,32.4,1752254305284
0.0,0.0,3.725,32.4,1752254305470
0.0,0.0,3.715,32.4,1752254305583
0.0,0.0,3.715,32.4,1752254305768
0.0,0.0,3.704,32.4,1752254305971
31.708375930786133,-97.18931579589844,3.704,32.4,1752254306000
0.0,0.0,3.704,32.4,1752254306116
0.0,0.0,3.694,32.4,1752254306238
0.0,0.0,3.684,32.4,1752254306838
0.0,0.0,3.652,32.4,1752254306951
0.0,0.0,3.632,32.4,1752254307135
0.0,0.0,3.6,32.4,1752254307261
0.0,0.0,3.6,32.4,1752254307453
0.0,0.0,3.59,32.4,1752254307567
0.0,0.0,3.58,32.4,1752254307751
0.0,0.0,3.569,32.4,1752254307863
0.0,0.0,3.569,32.4,1752254308048
0.0,0.0,3.559,32.4,1752254308165
0.0,0.0,3.548,32.4,1752254308378
0.0,0.0,3.548,32.4,1752254308903
0.0,0.0,3.538,32.4,1752254309093
0.0,0.0,3.538,32.4,1752254309215
0.0,0.0,3.538,32.4,1752254309401
0.0,0.0,3.559,32.4,1752254309514
0.0,0.0,3.548,32.4,1752254309698
0.0,0.0,3.559,32.4,1752254309812
0.0,0.0,3.548,32.4,1752254309999
0.0,0.0,3.548,32.4,1752254310114
0.0,0.0,3.548,32.4,1752254310290
0.0,0.0,3.548,32.4,1752254310388
0.0,0.0,3.538,32.4,1752254310546
0.0,0.0,3.517,32.4,1752254310643
0.0,0.0,3.527,32.4,1752254310806
0.0,0.0,3.507,32.4,1752254310908
31.7083740234375,-97.18934631347656,3.496,32.4,1752254311000
0.0,0.0,3.496,32.4,1752254311068
0.0,0.0,3.475,32.4,1752254311181
0.0,0.0,3.455,32.4,1752254311349
0.0,0.0,3.434,32.4,1752254311449
0.0,0.0,3.444,32.4,1752254311617
0.0,0.0,3.413,32.4,1752254311719
0.0,0.0,3.413,32.4,1752254311888
0.0,0.0,3.392,32.4,1752254311996
0.0,0.0,3.392,32.4,1752254312179
0.0,0.0,3.382,32.4,1752254312292
0.0,0.0,3.351,32.4,1752254312489
0.0,0.0,3.351,32.4,1752254312601
0.0,0.0,3.33,32.4,1752254312797
0.0,0.0,3.33,32.4,1752254312909
0.0,0.0,3.319,32.4,1752254313110
0.0,0.0,3.319,32.4,1752254313652
0.0,0.0,3.299,32.4,1752254313847
0.0,0.0,3.299,32.4,1752254314001
0.0,0.0,3.299,32.4,1752254314156
0.0,0.0,3.288,32.4,1752254314305
0.0,0.0,3.257,32.4,1752254314434
0.0,0.0,3.246,32.4,1752254314570
0.0,0.0,3.246,32.4,1752254314703
0.0,0.0,3.236,32.4,1752254314842
0.0,0.0,3.226,32.4,1752254314975
0.0,0.0,3.194,32.4,1752254315115
0.0,0.0,3.184,32.4,1752254315264
0.0,0.0,3.174,32.4,1752254315400
0.0,0.0,3.174,32.4,1752254315540
0.0,0.0,3.153,32.4,1752254315675
0.0,0.0,3.132,32.4,1752254315814
0.0,0.0,3.132,32.4,1752254315978
0.0,0.0,3.122,32.4,1752254316099
0.0,0.0,3.111,32.4,1752254316254
0.0,0.0,3.132,32.4,1752254316392
0.0,0.0,3.111,32.4,1752254316530
0.0,0.0,3.09,32.4,1752254316670
0.0,0.0,3.08,32.4,1752254316809
0.0,0.0,3.07,32.4,1752254316947
31.708295822143555,-97.18936920166016,3.07,32.4,1752254317000
0.0,0.0,3.059,32.4,1752254317089
0.0,0.0,3.059,32.4,1752254317236
0.0,0.0,3.049,32.4,1752254317375
0.0,0.0,3.038,32.4,1752254317512
0.0,0.0,3.028,32.4,1752254317653
0.0,0.0,3.018,32.4,1752254317757
0.0,0.0,3.018,32.4,1752254317929
0.0,0.0,2.965,32.4,1752254318032
0.0,0.0,3.007,32.4,1752254318214
0.0,0.0,2.986,32.4,1752254318336
0.0,0.0,2.997,32.4,1752254318530
0.0,0.0,2.986,32.4,1752254318643
0.0,0.0,2.976,32.4,1752254318835
0.0,0.0,2.945,32.4,1752254318947
0.0,0.0,2.934,32.4,1752254319557
0.0,0.0,2.945,32.4,1752254319670
0.0,0.0,2.945,32.4,1752254319865
0.0,0.0,2.934,32.4,1752254319978
0.0,0.0,2.934,32.4,1752254320183
0.0,0.0,2.955,32.4,1752254320324
0.0,0.0,2.893,32.4,1752254320424
0.0,0.0,2.903,32.4,1752254320594
0.0,0.0,2.861,32.4,1752254320730
0.0,0.0,2.841,32.4,1752254320866
0.0,0.0,2.83,32.4,1752254321003
0.0,0.0,2.83,32.4,1752254321137
0.0,0.0,2.82,32.4,1752254321288
0.0,0.0,2.778,32.4,1752254321423
0.0,0.0,2.778,32.4,1752254321561
0.0,0.0,2.737,32.4,1752254321698
0.0,0.0,2.726,32.4,1752254321835
0.0,0.0,2.674,32.4,1752254321972
0.0,0.0,2.685,32.4,1752254322119
0.0,0.0,2.622,32.4,1752254322273
0.0,0.0,2.612,32.4,1752254322409
0.0,0.0,2.601,32.4,1752254322547
0.0,0.0,2.591,32.4,1752254322686
0.0,0.0,2.549,32.4,1752254322822
0.0,0.0,2.518,32.4,1752254322963
0.0,0.0,2.518,32.4,1752254323101
0.0,0.0,2.456,32.4,1752254323252
0.0,0.0,2.435,32.4,1752254323386
0.0,0.0,2.393,32.4,1752254323524
0.0,0.0,2.393,32.4,1752254323663
0.0,0.0,2.351,32.4,1752254323802
0.0,0.0,2.341,32.4,1752254323937
0.0,0.0,2.32,32.4,1752254324077
0.0,0.0,2.247,32.4,1752254324225
0.0,0.0,2.206,32.4,1752254324374
0.0,0.0,2.175,32.4,1752254324516
0.0,0.0,2.143,32.4,1752254324658
0.0,0.0,2.081,32.4,1752254324792
0.0,0.0,2.06,32.4,1752254324937
0.0,0.0,2.029,32.4,1752254325075
0.0,0.0,2.008,32.4,1752254325223
0.0,0.0,1.956,32.4,1752254325362
0.0,0.0,1.914,32.4,1752254325500
0.0,0.0,1.873,32.4,1752254325638
0.0,0.0,1.842,32.4,1752254325772
0.0,0.0,1.81,32.4,1752254325910
0.0,0.0,1.779,32.4,1752254326051
0.0,0.0,1.758,32.4,1752254326198
0.0,0.0,1.727,32.4,1752254326338
0.0,0.0,1.706,32.4,1752254326472
0.0,0.0,1.654,32.4,1752254326612
0.0,0.0,1.613,32.4,1752254326748
0.0,0.0,1.592,32.4,1752254326888
0.0,0.0,1.561,32.4,1752254327024
0.0,0.0,1.519,32.4,1752254327167
0.0,0.0,1.498,32.4,1752254327315
0.0,0.0,1.467,32.4,1752254327448
0.0,0.0,1.425,32.4,1752254327588
0.0,0.0,1.394,32.4,1752254327726
0.0,0.0,1.352,32.4,1752254327864
31.708114624023438,-97.1893539428711,1.321,32.4,1752254328000
0.0,0.0,1.321,32.4,1752254328005
0.0,0.0,1.29,32.4,1752254328138
0.0,0.0,1.269,32.4,1752254328289
0.0,0.0,1.238,32.4,1752254328393
0.0,0.0,1.207,32.4,1752254328569
0.0,0.0,1.175,32.4,1752254328671
0.0,0.0,1.155,32.4,1752254328844
0.0,0.0,1.134,32.4,1752254328954
0.0,0.0,1.123,32.4,1752254329128
0.0,0.0,1.092,32.4,1752254329244
0.0,0.0,1.082,32.4,1752254329438
0.0,0.0,1.061,32.4,1752254329555
0.0,0.0,1.03,32.4,1752254329752
0.0,0.0,1.009,32.4,1752254329870
0.0,0.0,0.978,32.4,1752254330067
0.0,0.0,0.957,32.4,1752254330604
0.0,0.0,0.926,32.4,1752254330800
0.0,0.0,0.895,32.4,1752254330918
0.0,0.0,0.863,32.4,1752254331114
0.0,0.0,0.832,32.4,1752254331238
0.0,0.0,0.79,32.4,1752254331406
0.0,0.0,0.78,32.4,1752254331509
0.0,0.0,0.759,32.4,1752254331678
0.0,0.0,0.738,32.4,1752254331782
0.0,0.0,0.728,32.4,1752254331952
31.70810890197754,-97.18937683105469,0.728,32.4,1752254332000
0.0,0.0,0.718,32.4,1752254332059
0.0,0.0,0.738,32.4,1752254332239
0.0,0.0,0.728,32.4,1752254332347
0.0,0.0,0.718,32.4,1752254332528
0.0,0.0,0.738,32.4,1752254332634
0.0,0.0,0.738,32.4,1752254332808
0.0,0.0,0.738,32.4,1752254332913
0.0,0.0,0.738,32.4,1752254333083
0.0,0.0,0.738,32.4,1752254333202
0.0,0.0,0.749,32.4,1752254333393
0.0,0.0,0.759,32.4,1752254333508
0.0,0.0,0.759,32.4,1752254333700
0.0,0.0,0.749,32.4,1752254333815
0.0,0.0,0.738,32.4,1752254334009
0.0,0.0,0.728,32.4,1752254334554
0.0,0.0,0.718,32.4,1752254334753
0.0,0.0,0.718,32.4,1752254334869
31.70810317993164,-97.18938446044922,0.718,32.4,1752254335000
0.0,0.0,0.718,32.4,1752254335064
0.0,0.0,0.728,32.4,1752254335178
0.0,0.0,0.738,32.4,1752254335344
0.0,0.0,0.749,32.4,1752254335447
0.0,0.0,0.728,32.4,1752254335610
0.0,0.0,0.718,32.4,1752254335715
0.0,0.0,0.718,32.4,1752254335882
0.0,0.0,0.718,32.4,1752254335985
0.0,0.0,0.718,32.4,1752254336159
0.0,0.0,0.718,32.4,1752254336272
0.0,0.0,0.707,32.4,1752254336467
0.0,0.0,0.686,32.4,1752254336581
0.0,0.0,0.676,32.4,1752254336773
0.0,0.0,0.655,32.4,1752254336887
31.708106994628906,-97.18939208984375,0.634,32.4,1752254337000
0.0,0.0,0.634,32.4,1752254337078
0.0,0.0,0.624,32.4,1752254337631
0.0,0.0,0.634,32.4,1752254337825
0.0,0.0,0.634,32.4,1752254337943
0.0,0.0,0.645,32.4,1752254338137
0.0,0.0,0.645,32.4,1752254338261
0.0,0.0,0.655,32.4,1752254338446
0.0,0.0,0.645,32.4,1752254338559
0.0,0.0,0.655,32.4,1752254338752
0.0,0.0,0.676,32.4,1752254338867
0.0,0.0,0.707,32.4,1752254339057
0.0,0.0,0.728,32.4,1752254339611
0.0,0.0,0.738,32.4,1752254339802
0.0,0.0,0.77,32.4,1752254339920
31.708106994628906,-97.18941497802734,0.77,32.4,1752254340000
0.0,0.0,0.77,32.4,1752254340110
0.0,0.0,0.78,32.4,1752254340223
0.0,0.0,0.78,32.4,1752254340378
0.0,0.0,0.801,32.4,1752254340482
0.0,0.0,0.801,32.4,1752254340644
0.0,0.0,0.822,32.4,1752254340746
0.0,0.0,0.842,32.4,1752254340913
0.0,0.0,0.832,32.4,1752254341015
0.0,0.0,0.842,32.4,1752254341192
0.0,0.0,0.853,32.4,1752254341317
0.0,0.0,0.853,32.4,1752254341509
0.0,0.0,0.853,32.4,1752254341623
0.0,0.0,0.874,32.4,1752254341813
0.0,0.0,0.884,32.4,1752254341927
31.708097457885742,-97.18942260742188,0.884,32.4,1752254342000
0.0,0.0,0.895,32.4,1752254342558
0.0,0.0,0.895,32.4,1752254342670
0.0,0.0,0.915,32.4,1752254342864
0.0,0.0,0.947,32.4,1752254342977
0.0,0.0,0.947,32.4,1752254343147
0.0,0.0,0.957,32.4,1752254343253
0.0,0.0,0.957,32.4,1752254343441
0.0,0.0,0.978,32.4,1752254343554
0.0,0.0,1.009,32.4,1752254343744
0.0,0.0,1.04,32.4,1752254343858
0.0,0.0,1.019,32.4,1752254344048
0.0,0.0,1.03,32.4,1752254344602
0.0,0.0,1.04,32.4,1752254344792
0.0,0.0,1.061,32.4,1752254344906
0.0,0.0,1.061,32.4,1752254345088
0.0,0.0,35.404,35.0,1752254366107
0.0,0.0,35.217,35.0,1752254367032
0.0,0.0,35.082,35.0,1752254367524
0.0,0.0,35.258,35.0,1752254369373
0.0,0.0,35.373,35.0,1752254373603
0.0,0.0,32.834,35.0,1752254382813
0.0,0.0,32.927,35.0,1752254383280
0.0,0.0,32.761,35.0,1752254385582
0.0,0.0,30.336,35.0,1752254390580
0.0,0.0,27.901,35.0,1752254393794
0.0,0.0,25.476,35.0,1752254395177
0.0,0.0,23.072,35.0,1752254396092
0.0,0.0,20.553,35.0,1752254398403
0.0,0.0,20.095,35.0,1752254398857
0.0,0.0,17.92,35.0,1752254399795
0.0,0.0,15.194,35.0,1752254403588
0.0,0.0,12.54,34.8,1752254404430
0.0,0.0,12.915,34.8,1752254404887
0.0,0.0,10.292,34.8,1752254405358
0.0,0.0,7.961,34.8,1752254405812
0.0,0.0,8.2,34.8,1752254406279
0.0,0.0,8.492,34.8,1752254406738
0.0,0.0,8.741,34.8,1752254407206
0.0,0.0,8.96,34.8,1752254407666
0.0,0.0,9.355,34.8,1752254408125
0.0,0.0,7.461,34.8,1752254408604
0.0,0.0,7.534,34.8,1752254409068
0.0,0.0,7.992,34.8,1752254409168
0.0,0.0,8.44,34.8,1752254409269
0.0,0.0,7.493,34.8,1752254409362
0.0,0.0,8.034,34.8,1752254409457
0.0,0.0,8.471,34.8,1752254409549
0.0,0.0,7.534,34.8,1752254409655
0.0,0.0,6.618,34.8,1752254409753
0.0,0.0,5.723,34.8,1752254409896
0.0,0.0,4.693,34.8,1752254410183
0.0,0.0,3.621,34.8,1752254410279
0.0,0.0,4.808,34.8,1752254410376
0.0,0.0,3.798,34.8,1752254410469
0.0,0.0,2.799,34.8,1752254410567
0.0,0.0,2.778,34.8,1752254410661
0.0,0.0,2.58,34.8,1752254410756
0.0,0.0,2.404,34.8,1752254410850
0.0,0.0,2.154,34.8,1752254410948
0.0,0.0,2.07,34.8,1752254411041
0.0,0.0,1.207,34.8,1752254411136
0.0,0.0,1.04,34.8,1752254411246
0.0,0.0,1.019,34.8,1752254411345
0.0,0.0,0.936,34.8,1752254411437
0.0,0.0,0.832,34.8,1752254411531
0.0,0.0,0.853,34.8,1752254411628
0.0,0.0,0.853,34.8,1752254411767
0.0,0.0,0.863,34.8,1752254411859
0.0,0.0,0.978,34.8,1752254411955
0.0,0.0,1.071,34.8,1752254412050
0.0,0.0,1.207,34.8,1752254412151
0.0,0.0,1.269,34.8,1752254412256
0.0,0.0,1.342,34.8,1752254412539
0.0,0.0,1.425,34.8,1752254412631
0.0,0.0,1.488,34.8,1752254412728
0.0,0.0,1.561,34.8,1752254412821
0.0,0.0,1.571,34.8,1752254412919
31.708209991455078,-97.1894760131836,1.529,34.8,1752254413000
0.0,0.0,1.529,34.8,1752254413012
0.0,0.0,1.477,34.8,1752254413111
0.0,0.0,1.456,34.8,1752254413219
0.0,0.0,1.425,34.8,1752254413317
0.0,0.0,1.415,34.8,1752254413410
0.0,0.0,1.394,34.8,1752254413506
0.0,0.0,1.373,34.8,1752254413609
0.0,0.0,1.342,34.8,1752254413709
0.0,0.0,1.332,34.8,1752254413802
0.0,0.0,1.311,34.8,1752254413900
0.0,0.0,1.311,34.8,1752254413994
31.708206176757812,-97.18946838378906,1.311,34.8,1752254414000
0.0,0.0,1.332,34.8,1752254414090
0.0,0.0,1.332,34.8,1752254414192
0.0,0.0,1.352,34.8,1752254414295
0.0,0.0,1.352,34.8,1752254414401
0.0,0.0,1.373,34.8,1752254414507
0.0,0.0,1.373,34.8,1752254414610
0.0,0.0,1.384,34.8,1752254414717
0.0,0.0,1.415,34.8,1752254414822
0.0,0.0,1.446,34.8,1752254414928
0.0,0.0,1.456,34.8,1752254415455
0.0,0.0,1.456,34.8,1752254415562
0.0,0.0,1.467,34.8,1752254415667
0.0,0.0,1.467,34.8,1752254415773
0.0,0.0,1.467,34.8,1752254415879
0.0,0.0,1.467,34.8,1752254415986
0.0,0.0,1.467,34.8,1752254416089
0.0,0.0,1.488,34.8,1752254416205
0.0,0.0,1.488,34.8,1752254416318
0.0,0.0,1.467,34.8,1752254416844
0.0,0.0,1.477,34.8,1752254416948
0.0,0.0,1.529,34.8,1752254417165
0.0,0.0,1.55,34.8,1752254417271
0.0,0.0,1.561,34.8,1752254417377
0.0,0.0,1.571,34.8,1752254417481
0.0,0.0,1.561,34.8,1752254417587
0.0,0.0,1.571,34.8,1752254417691
0.0,0.0,1.581,34.8,1752254417799
0.0,0.0,1.592,34.8,1752254417902
31.708202362060547,-97.18946075439453,1.581,34.8,1752254418000
0.0,0.0,1.581,34.8,1752254418009
0.0,0.0,1.602,34.8,1752254418112
0.0,0.0,1.592,34.8,1752254418229
0.0,0.0,1.592,34.8,1752254418334
0.0,0.0,1.54,34.8,1752254418429
0.0,0.0,1.529,34.8,1752254418522
0.0,0.0,1.529,34.8,1752254418616
0.0,0.0,1.509,34.8,1752254418712
0.0,0.0,1.54,34.8,1752254418810
31.70819854736328,-97.18946075439453,1.498,34.8,1752254419000
0.0,0.0,1.498,34.8,1752254419094
0.0,0.0,1.456,34.8,1752254419194
0.0,0.0,1.415,34.8,1752254419297
0.0,0.0,1.373,34.8,1752254419506
0.0,0.0,1.352,34.8,1752254419711
0.0,0.0,1.311,34.8,1752254419815
0.0,0.0,1.248,34.8,1752254419921
0.0,0.0,1.238,34.8,1752254420442
0.0,0.0,1.217,34.8,1752254420550
0.0,0.0,1.155,34.8,1752254420655
0.0,0.0,1.165,34.8,1752254420761
0.0,0.0,1.071,34.8,1752254420863
0.0,0.0,1.061,34.8,1752254420980
0.0,0.0,1.051,34.8,1752254421123
0.0,0.0,1.019,34.8,1752254421290
0.0,0.0,0.988,34.8,1752254421419
0.0,0.0,0.936,34.8,1752254421948
31.70819664001465,-97.189453125,0.936,34.8,1752254422000
0.0,0.0,0.947,34.8,1752254422052
0.0,0.0,0.957,34.8,1752254422163
0.0,0.0,0.947,34.8,1752254422272
0.0,0.0,0.926,34.8,1752254422378
0.0,0.0,0.926,34.8,1752254422482
0.0,0.0,0.895,34.8,1752254422589
0.0,0.0,0.905,34.8,1752254422694
0.0,0.0,0.895,34.8,1752254422800
0.0,0.0,0.895,34.8,1752254422903
31.708192825317383,-97.189453125,0.884,34.8,1752254423000
0.0,0.0,0.884,34.8,1752254423010
0.0,0.0,0.884,34.8,1752254423114
0.0,0.0,0.874,34.8,1752254423172
0.0,0.0,0.832,34.8,1752254423283
0.0,0.0,0.853,34.8,1752254423390
0.0,0.0,0.832,34.8,1752254423493
0.0,0.0,0.842,34.8,1752254423599
0.0,0.0,0.832,34.8,1752254423702
0.0,0.0,0.832,34.8,1752254423810
0.0,0.0,0.832,34.8,1752254424320
0.0,0.0,0.822,34.8,1752254424433
0.0,0.0,0.832,34.8,1752254424537
0.0,0.0,0.842,34.8,1752254424643
0.0,0.0,0.822,34.8,1752254424750
0.0,0.0,0.822,34.8,1752254424879
0.0,0.0,0.832,34.8,1752254425090
0.0,0.0,0.811,34.8,1752254425248
0.0,0.0,0.811,34.8,1752254425751
0.0,0.0,0.801,34.8,1752254425857
0.0,0.0,0.801,34.8,1752254425962
31.708189010620117,-97.18944549560547,0.801,34.8,1752254426000
0.0,0.0,0.801,34.8,1752254426070
0.0,0.0,0.822,34.8,1752254426178
0.0,0.0,0.811,34.8,1752254426289
0.0,0.0,0.822,34.8,1752254426392
0.0,0.0,0.822,34.8,1752254426498
0.0,0.0,0.832,34.8,1752254426601
0.0,0.0,0.832,34.8,1752254426710
0.0,0.0,0.811,34.8,1752254426813
0.0,0.0,0.822,34.8,1752254426919
31.70818328857422,-97.18943786621094,0.842,34.8,1752254427000
0.0,0.0,0.842,34.8,1752254427024
0.0,0.0,0.863,34.8,1752254427129
0.0,0.0,0.874,34.8,1752254427244
0.0,0.0,0.884,34.8,1752254427350
0.0,0.0,0.905,34.8,1752254427453
0.0,0.0,0.905,34.8,1752254427561
0.0,0.0,0.936,34.8,1752254427664
0.0,0.0,0.947,34.8,1752254427770
0.0,0.0,0.967,34.8,1752254427873
0.0,0.0,0.978,34.8,1752254428406
0.0,0.0,0.999,34.8,1752254428509
0.0,0.0,1.009,34.8,1752254428617
0.0,0.0,1.009,34.8,1752254428720
0.0,0.0,1.019,34.8,1752254428826
0.0,0.0,1.03,34.8,1752254428930
0.0,0.0,1.04,34.8,1752254429076
0.0,0.0,1.051,34.8,1752254429239
0.0,0.0,1.082,34.8,1752254429371
0.0,0.0,1.092,34.8,1752254429894
31.708175659179688,-97.18943786621094,1.123,34.8,1752254430000
0.0,0.0,1.123,34.8,1752254430001
0.0,0.0,1.155,34.8,1752254430105
0.0,0.0,1.196,34.8,1752254430220
0.0,0.0,1.238,34.8,1752254430324
0.0,0.0,1.269,34.8,1752254430430
0.0,0.0,1.321,34.8,1752254430534
0.0,0.0,1.363,34.8,1752254430640
0.0,0.0,1.394,34.8,1752254430744
0.0,0.0,1.436,34.8,1752254430850
0.0,0.0,1.467,34.8,1752254430953
31.70816993713379,-97.18943786621094,1.467,34.8,1752254431000
0.0,0.0,1.509,34.8,1752254431062
0.0,0.0,1.55,34.8,1752254431170
0.0,0.0,1.571,34.8,1752254431283
0.0,0.0,1.602,34.8,1752254431386
0.0,0.0,1.613,34.8,1752254431492
0.0,0.0,1.633,34.8,1752254431595
0.0,0.0,1.654,33.6,1752254431726
0.0,0.0,1.665,33.6,1752254431837
0.0,0.0,1.665,33.6,1752254432357
0.0,0.0,1.685,33.6,1752254432467
0.0,0.0,1.717,33.6,1752254432575
0.0,0.0,1.737,33.6,1752254432679
0.0,0.0,1.758,33.6,1752254432813
0.0,0.0,1.779,33.6,1752254432954
0.0,0.0,1.79,33.6,1752254433104
0.0,0.0,1.81,33.6,1752254433267
0.0,0.0,1.862,33.6,1752254433397
0.0,0.0,1.894,33.6,1752254433920
31.70816421508789,-97.18943786621094,1.946,33.6,1752254434000
0.0,0.0,1.946,33.6,1752254434028
0.0,0.0,1.977,33.6,1752254434132
0.0,0.0,2.06,33.6,1752254434248
0.0,0.0,2.091,33.6,1752254434351
0.0,0.0,2.091,33.6,1752254434461
0.0,0.0,2.102,33.6,1752254434564
0.0,0.0,2.123,33.6,1752254434670
0.0,0.0,2.164,33.6,1752254434774
0.0,0.0,2.227,33.6,1752254434883
0.0,0.0,2.247,33.6,1752254434986
31.708158493041992,-97.18943786621094,2.247,33.6,1752254435000
0.0,0.0,2.289,33.6,1752254435093
0.0,0.0,2.331,33.6,1752254435205
0.0,0.0,2.341,33.6,1752254435313
0.0,0.0,2.383,33.6,1752254435417
0.0,0.0,2.362,33.6,1752254435523
0.0,0.0,2.424,33.6,1752254435626
0.0,0.0,2.476,33.6,1752254435732
0.0,0.0,2.539,33.6,1752254435854
0.0,0.0,2.612,33.6,1752254436012
0.0,0.0,2.653,33.6,1752254436547
0.0,0.0,2.674,33.6,1752254436655
0.0,0.0,2.726,33.6,1752254436758
0.0,0.0,2.747,33.6,1752254436897
0.0,0.0,2.768,33.6,1752254437042
0.0,0.0,2.799,33.6,1752254437205
0.0,0.0,2.82,33.6,1752254437355
0.0,0.0,2.872,33.6,1752254437489
31.708152770996094,-97.1894302368164,2.882,33.6,1752254438000
0.0,0.0,2.882,33.6,1752254438003
0.0,0.0,2.903,33.6,1752254438110
0.0,0.0,2.913,33.6,1752254438224
0.0,0.0,2.893,33.6,1752254438333
0.0,0.0,2.903,33.6,1752254438439
0.0,0.0,2.893,33.6,1752254438548
0.0,0.0,2.903,33.6,1752254438653
0.0,0.0,2.934,33.6,1752254438760
0.0,0.0,2.934,33.6,1752254438866
0.0,0.0,2.997,33.6,1752254438973
0.0,0.0,3.018,33.6,1752254439078
0.0,0.0,3.007,33.6,1752254439189
0.0,0.0,3.028,33.6,1752254439301
0.0,0.0,3.038,33.6,1752254439407
0.0,0.0,3.07,33.6,1752254439511
0.0,0.0,3.122,33.6,1752254439617
0.0,0.0,3.142,33.6,1752254439720
0.0,0.0,3.194,33.6,1752254439855
31.708148956298828,-97.18942260742188,3.194,33.6,1752254440000
0.0,0.0,3.194,33.6,1752254440014
0.0,0.0,3.205,33.6,1752254440554
0.0,0.0,3.246,33.6,1752254440658
0.0,0.0,3.226,33.6,1752254440766
0.0,0.0,3.246,33.6,1752254440871
0.0,0.0,3.278,33.6,1752254440977
0.0,0.0,3.288,33.6,1752254441081
0.0,0.0,3.299,33.6,1752254441192
0.0,0.0,3.288,33.6,1752254441301
0.0,0.0,3.288,33.6,1752254441410
0.0,0.0,3.309,33.6,1752254441515
0.0,0.0,3.319,33.6,1752254441632
0.0,0.0,3.34,33.6,1752254441780
0.0,0.0,3.351,33.6,1752254441931
31.70814323425293,-97.18942260742188,3.34,33.6,1752254442000
0.0,0.0,3.34,33.6,1752254442067
0.0,0.0,3.371,33.6,1752254442603
0.0,0.0,3.392,33.6,1752254442706
0.0,0.0,3.392,33.6,1752254442813
0.0,0.0,3.403,33.6,1752254442917
0.0,0.0,3.413,33.6,1752254443023
0.0,0.0,3.423,33.6,1752254443128
0.0,0.0,3.434,33.6,1752254443246
0.0,0.0,3.455,33.6,1752254443350
0.0,0.0,3.465,33.6,1752254443456
0.0,0.0,3.465,33.6,1752254443579
0.0,0.0,3.486,33.6,1752254443734
0.0,0.0,3.486,33.6,1752254443878
0.0,0.0,3.486,33.6,1752254444017
0.0,0.0,3.496,33.6,1752254444539
0.0,0.0,3.496,33.6,1752254444649
0.0,0.0,3.507,33.6,1752254444753
0.0,0.0,3.517,33.6,1752254444859
0.0,0.0,3.527,33.6,1752254444963
0.0,0.0,3.538,33.6,1752254445070
0.0,0.0,3.548,33.6,1752254445177
0.0,0.0,3.569,33.6,1752254445289
0.0,0.0,3.58,33.6,1752254445393
0.0,0.0,3.58,33.6,1752254445499
0.0,0.0,3.6,33.6,1752254445602
0.0,0.0,3.611,33.6,1752254445710
0.0,0.0,3.621,33.6,1752254445815
0.0,0.0,3.642,33.6,1752254445922
31.708133697509766,-97.18941497802734,3.632,33.6,1752254446000
0.0,0.0,3.632,33.6,1752254446026
0.0,0.0,3.642,33.6,1752254446132
0.0,0.0,3.652,33.6,1752254446245
0.0,0.0,3.652,33.6,1752254446351
0.0,0.0,3.663,33.6,1752254446455
0.0,0.0,3.673,33.6,1752254446561
0.0,0.0,3.673,33.6,1752254446666
0.0,0.0,3.684,33.6,1752254446778
0.0,0.0,3.694,33.6,1752254446883
0.0,0.0,3.694,33.6,1752254446939
31.708127975463867,-97.18940734863281,3.704,33.6,1752254447000
0.0,0.0,3.704,33.6,1752254447046
0.0,0.0,3.704,33.6,1752254447161
0.0,0.0,3.715,33.6,1752254447276
0.0,0.0,3.725,33.6,1752254447385
0.0,0.0,3.725,33.6,1752254447440
0.0,0.0,3.736,33.6,1752254447553
0.0,0.0,3.746,33.6,1752254447662
0.0,0.0,3.756,33.6,1752254447720
0.0,0.0,3.767,33.6,1752254447776
0.0,0.0,3.756,33.6,1752254447834
0.0,0.0,3.767,33.6,1752254448366
0.0,0.0,3.767,33.6,1752254448479
0.0,0.0,3.788,33.6,1752254448536
0.0,0.0,3.798,33.6,1752254448699
0.0,0.0,3.798,33.6,1752254448801
0.0,0.0,3.808,33.6,1752254448897
0.0,0.0,3.808,33.6,1752254449071
0.0,0.0,3.808,33.6,1752254449276
0.0,0.0,3.819,33.6,1752254449465
31.7081241607666,-97.18939971923828,3.829,33.6,1752254450000
0.0,0.0,3.829,33.6,1752254450249
0.0,0.0,3.84,33.6,1752254450391
0.0,0.0,3.84,33.6,1752254450496
0.0,0.0,3.85,33.6,1752254450605
0.0,0.0,3.85,33.6,1752254450709
0.0,0.0,3.85,33.6,1752254450823
0.0,0.0,3.85,33.6,1752254450889
31.708118438720703,-97.18939208984375,3.861,33.6,1752254451000
0.0,0.0,3.861,33.6,1752254451009
0.0,0.0,3.861,33.6,1752254451071
0.0,0.0,3.871,33.6,1752254451226
0.0,0.0,3.871,33.6,1752254451399
0.0,0.0,3.871,33.6,1752254451489
0.0,0.0,3.881,33.6,1752254451581
0.0,0.0,3.881,33.6,1752254451687
0.0,0.0,3.892,33.6,1752254451792
0.0,0.0,3.881,33.6,1752254451889
0.0,0.0,3.892,33.6,1752254452081
0.0,0.0,3.902,33.6,1752254452351
0.0,0.0,3.913,33.6,1752254452809
0.0,0.0,3.913,33.6,1752254452913
0.0,0.0,3.923,33.6,1752254453000
0.0,0.0,3.923,33.6,1752254453103
0.0,0.0,3.933,33.6,1752254453201
0.0,0.0,3.933,33.6,1752254453367
0.0,0.0,3.944,33.6,1752254453529
0.0,0.0,3.944,33.6,1752254453675
31.70811653137207,-97.18939208984375,3.944,33.6,1752254454000
0.0,0.0,3.944,33.6,1752254454213
0.0,0.0,3.954,33.6,1752254454394
0.0,0.0,3.965,33.6,1752254454511
0.0,0.0,3.975,33.6,1752254454630
0.0,0.0,3.985,33.6,1752254454750
0.0,0.0,3.985,33.6,1752254454870
0.0,0.0,3.996,33.6,1752254454987
0.0,0.0,3.996,33.6,1752254455044
0.0,0.0,4.017,33.6,1752254455155
0.0,0.0,4.027,33.6,1752254455268
0.0,0.0,4.027,33.6,1752254455402
0.0,0.0,4.048,33.6,1752254455553
0.0,0.0,4.048,33.6,1752254455697
0.0,0.0,4.058,33.6,1752254455843
0.0,0.0,4.069,33.6,1752254455988
0.0,0.0,4.079,33.6,1752254456131
0.0,0.0,4.089,33.6,1752254456683
0.0,0.0,4.1,33.6,1752254456752
0.0,0.0,4.089,33.6,1752254456857
0.0,0.0,4.11,33.6,1752254456966
0.0,0.0,4.11,33.6,1752254457071
0.0,0.0,4.121,33.6,1752254457185
0.0,0.0,4.121,33.6,1752254457295
0.0,0.0,4.131,33.6,1752254457410
0.0,0.0,4.141,33.6,1752254457478
0.0,0.0,4.141,33.6,1752254457546
0.0,0.0,4.141,33.6,1752254457660
0.0,0.0,4.152,33.6,1752254457717
0.0,0.0,4.162,33.6,1752254457821
0.0,0.0,4.173,33.6,1752254457931
31.708110809326172,-97.18938446044922,4.183,33.6,1752254458000
0.0,0.0,4.183,33.6,1752254458035
0.0,0.0,4.194,33.6,1752254458166
0.0,0.0,4.204,33.6,1752254458307
0.0,0.0,4.204,33.6,1752254458425
0.0,0.0,4.214,33.6,1752254458492
0.0,0.0,4.225,33.6,1752254458562
0.0,0.0,4.235,33.6,1752254458673
0.0,0.0,4.235,33.6,1752254458781
0.0,0.0,4.246,33.6,1752254458886
0.0,0.0,4.256,33.6,1752254458994
31.708110809326172,-97.18937683105469,4.256,33.6,1752254459000
0.0,0.0,4.266,33.6,1752254459101
0.0,0.0,4.256,33.6,1752254459246
0.0,0.0,4.266,33.6,1752254459385
0.0,0.0,4.277,33.6,1752254459485
0.0,0.0,4.287,33.6,1752254459580
0.0,0.0,4.287,33.6,1752254459678
0.0,0.0,4.298,33.6,1752254459831
0.0,0.0,4.308,33.6,1752254459992
0.0,0.0,4.308,33.6,1752254460166
0.0,0.0,4.318,33.6,1752254460344
0.0,0.0,4.318,33.6,1752254460831
0.0,0.0,4.329,33.6,1752254460980
0.0,0.0,4.329,33.6,1752254461083
0.0,0.0,4.339,33.6,1752254461269
0.0,0.0,4.35,33.6,1752254461382
0.0,0.0,4.35,33.6,1752254461456
0.0,0.0,4.36,33.6,1752254461614
0.0,0.0,4.36,33.6,1752254461767
0.0,0.0,4.37,33.6,1752254462299
0.0,0.0,4.36,33.6,1752254462413
0.0,0.0,4.37,33.6,1752254462518
0.0,0.0,4.37,33.6,1752254462627
0.0,0.0,4.381,33.6,1752254462734
0.0,0.0,4.391,33.6,1752254462843
0.0,0.0,4.402,33.6,1752254462949
31.70810890197754,-97.18936920166016,4.402,33.6,1752254463000
0.0,0.0,4.402,33.6,1752254463057
0.0,0.0,4.412,33.6,1752254463166
0.0,0.0,4.412,33.6,1752254463279
0.0,0.0,4.422,33.6,1752254463383
0.0,0.0,4.422,33.6,1752254463489
0.0,0.0,4.433,33.6,1752254463593
0.0,0.0,4.433,33.6,1752254463700
0.0,0.0,4.422,33.6,1752254463805
0.0,0.0,4.433,33.6,1752254463917
0.0,0.0,4.433,33.6,1752254464024
0.0,0.0,4.443,33.6,1752254464132
0.0,0.0,4.433,33.6,1752254464251
0.0,0.0,4.433,33.6,1752254464308
0.0,0.0,4.433,33.6,1752254464363
0.0,0.0,4.433,33.6,1752254464504
0.0,0.0,4.433,33.6,1752254464589
0.0,0.0,4.433,33.6,1752254464830
0.0,0.0,4.443,33.6,1752254464977
31.708106994628906,-97.18936157226562,4.443,33.6,1752254465000
0.0,0.0,4.454,33.6,1752254465190
0.0,0.0,4.454,33.6,1752254465652
0.0,0.0,4.454,33.6,1752254465760
0.0,0.0,4.454,33.6,1752254465869
0.0,0.0,4.464,33.6,1752254465979
0.0,0.0,4.475,33.6,1752254466090
0.0,0.0,4.485,33.6,1752254466204
0.0,0.0,4.485,33.6,1752254466263
0.0,0.0,4.485,33.6,1752254466372
0.0,0.0,4.485,33.6,1752254466500
0.0,0.0,4.506,33.6,1752254466588
0.0,0.0,4.495,33.6,1752254466760
0.0,0.0,4.516,33.6,1752254466848
0.0,0.0,4.506,33.6,1752254467007
0.0,0.0,4.506,33.6,1752254467164
0.0,0.0,4.506,33.6,1752254467655
0.0,0.0,4.506,33.6,1752254467762
0.0,0.0,4.527,33.6,1752254467868
0.0,0.0,4.516,33.6,1752254467972
31.70810317993164,-97.18936157226562,4.516,33.6,1752254468000
0.0,0.0,4.516,33.6,1752254468080
0.0,0.0,4.516,33.6,1752254468188
0.0,0.0,5.12,32.8,1752254485289
0.0,0.0,5.099,32.8,1752254485906
0.0,0.0,5.078,32.8,1752254487053
0.0,0.0,5.047,32.8,1752254487159
0.0,0.0,5.026,32.8,1752254487271
0.0,0.0,4.995,32.8,1752254487376
0.0,0.0,4.964,32.8,1752254487487
0.0,0.0,4.953,32.8,1752254487592
0.0,0.0,4.932,32.8,1752254487702
0.0,0.0,4.912,32.8,1752254487808
0.0,0.0,4.891,32.8,1752254487918
31.708105087280273,-97.18927001953125,4.88,32.8,1752254488000
0.0,0.0,4.88,32.8,1752254488025
0.0,0.0,4.839,32.8,1752254488133
0.0,0.0,4.828,32.8,1752254488247
0.0,0.0,4.849,32.8,1752254488358
0.0,0.0,4.849,32.8,1752254488463
0.0,0.0,4.86,32.8,1752254488572
0.0,0.0,4.891,32.8,1752254488675
0.0,0.0,4.901,32.8,1752254488783
0.0,0.0,4.922,32.8,1752254488887
0.0,0.0,4.922,32.8,1752254488996
0.0,0.0,4.932,32.8,1752254489101
0.0,0.0,4.922,32.8,1752254489224
0.0,0.0,4.943,32.8,1752254489334
0.0,0.0,4.984,32.8,1752254489443
0.0,0.0,5.005,32.8,1752254489598
0.0,0.0,4.984,32.8,1752254489771
0.0,0.0,4.974,32.8,1752254489939
31.708105087280273,-97.18927001953125,4.974,32.8,1752254490000
0.0,0.0,4.964,32.8,1752254490110
0.0,0.0,4.953,32.8,1752254490303
0.0,0.0,4.943,32.8,1752254490848
0.0,0.0,4.922,32.8,1752254490951
0.0,0.0,4.912,32.8,1752254491056
0.0,0.0,4.922,32.8,1752254491167
0.0,0.0,4.932,32.8,1752254491284
0.0,0.0,4.912,32.8,1752254491430
0.0,0.0,4.901,32.8,1752254491596
0.0,0.0,4.891,32.8,1752254491750
0.0,0.0,4.901,32.8,1752254491909
31.708105087280273,-97.18927001953125,4.912,32.8,1752254492000
0.0,0.0,4.912,32.8,1752254492066
0.0,0.0,4.912,32.8,1752254492236
0.0,0.0,4.901,32.8,1752254492750
0.0,0.0,4.891,32.8,1752254492859
0.0,0.0,4.891,32.8,1752254492972
0.0,0.0,4.88,32.8,1752254493083
0.0,0.0,4.901,32.8,1752254493193
0.0,0.0,4.891,32.8,1752254493390
0.0,0.0,4.901,32.8,1752254493533
0.0,0.0,4.912,32.8,1752254493680
0.0,0.0,4.901,32.8,1752254493821
0.0,0.0,4.901,32.8,1752254493968
31.708105087280273,-97.18927001953125,4.901,32.8,1752254494000
0.0,0.0,4.912,32.8,1752254494112
0.0,0.0,4.912,32.8,1752254494664
0.0,0.0,4.922,32.8,1752254494770
0.0,0.0,4.922,32.8,1752254494877
0.0,0.0,4.922,32.8,1752254494984
0.0,0.0,4.922,32.8,1752254495097
0.0,0.0,4.922,32.8,1752254495215
0.0,0.0,4.922,32.8,1752254495324
0.0,0.0,4.922,32.8,1752254495428
0.0,0.0,4.922,32.8,1752254495534
0.0,0.0,4.932,32.8,1752254495669
0.0,0.0,4.922,32.8,1752254495827
0.0,0.0,4.901,32.8,1752254495982
0.0,0.0,4.912,32.8,1752254496123
0.0,0.0,4.901,32.8,1752254496667
0.0,0.0,4.901,32.8,1752254496774
0.0,0.0,4.901,32.8,1752254496878
0.0,0.0,4.891,32.8,1752254496984
31.708105087280273,-97.18927001953125,4.891,32.8,1752254497000
0.0,0.0,4.891,32.8,1752254497089
0.0,0.0,4.901,32.8,1752254497210
0.0,0.0,4.901,32.8,1752254497322
0.0,0.0,4.912,32.8,1752254497430
0.0,0.0,4.922,32.8,1752254497536
0.0,0.0,4.922,32.8,1752254497645
0.0,0.0,4.932,32.8,1752254497751
0.0,0.0,4.943,32.8,1752254497858
0.0,0.0,4.943,32.8,1752254497963
31.708106994628906,-97.18927001953125,4.943,32.8,1752254498000
0.0,0.0,4.943,32.8,1752254498072
0.0,0.0,4.943,32.8,1752254498180
0.0,0.0,4.953,32.8,1752254498300
0.0,0.0,4.953,32.8,1752254498404
0.0,0.0,4.932,32.8,1752254498510
0.0,0.0,4.932,32.8,1752254498614
0.0,0.0,4.922,32.8,1752254498745
0.0,0.0,4.922,32.8,1752254498906
0.0,0.0,4.912,32.8,1752254499046
0.0,0.0,4.912,32.8,1752254499583
0.0,0.0,4.912,32.8,1752254499692
0.0,0.0,4.901,32.8,1752254499796
0.0,0.0,4.901,32.8,1752254499923
0.0,0.0,4.901,32.8,1752254500067
0.0,0.0,4.891,32.8,1752254500255
0.0,0.0,4.891,32.8,1752254500416
0.0,0.0,4.901,32.8,1752254500548
31.70810317993164,-97.18926239013672,4.901,32.8,1752254501000
0.0,0.0,4.901,32.8,1752254501080
0.0,0.0,4.912,32.8,1752254501193
0.0,0.0,4.922,32.8,1752254501308
0.0,0.0,4.912,32.8,1752254501415
0.0,0.0,4.932,32.8,1752254501524
0.0,0.0,4.922,32.8,1752254501631
0.0,0.0,4.922,32.8,1752254501735
0.0,0.0,4.922,32.8,1752254501845
0.0,0.0,4.922,32.8,1752254501953
0.0,0.0,4.922,32.8,1752254502063
0.0,0.0,4.943,32.8,1752254502174
0.0,0.0,4.932,32.8,1752254502295
0.0,0.0,4.922,32.8,1752254502400
0.0,0.0,4.912,32.8,1752254502507
0.0,0.0,4.891,32.8,1752254502612
0.0,0.0,4.891,32.8,1752254502719
0.0,0.0,4.87,32.8,1752254502875
31.708101272583008,-97.18926239013672,4.88,32.8,1752254503000
0.0,0.0,4.88,32.8,1752254503014
0.0,0.0,4.88,32.8,1752254503554
0.0,0.0,4.88,32.8,1752254503664
0.0,0.0,4.88,32.8,1752254503770
0.0,0.0,4.88,32.8,1752254503879
0.0,0.0,4.88,32.8,1752254503982
0.0,0.0,4.87,32.8,1752254504090
0.0,0.0,4.88,32.8,1752254504209
0.0,0.0,4.901,32.8,1752254504318
0.0,0.0,4.912,32.8,1752254504424
0.0,0.0,4.912,32.8,1752254504541
0.0,0.0,4.932,32.8,1752254504689
0.0,0.0,4.932,32.8,1752254504846
31.70810317993164,-97.18926239013672,4.943,32.8,1752254505000
0.0,0.0,4.943,32.8,1752254505070
0.0,0.0,4.932,32.8,1752254505629
0.0,0.0,4.953,32.8,1752254505745
0.0,0.0,4.943,32.8,1752254505852
0.0,0.0,4.953,32.8,1752254505956
0.0,0.0,4.964,32.8,1752254506063
0.0,0.0,4.964,32.8,1752254506171
0.0,0.0,4.943,32.8,1752254506293
0.0,0.0,4.943,32.8,1752254506398
0.0,0.0,4.943,32.8,1752254506507
0.0,0.0,4.943,32.8,1752254506648
0.0,0.0,4.943,32.8,1752254506801
0.0,0.0,4.922,32.8,1752254506943
0.0,0.0,4.922,32.8,1752254507081
0.0,0.0,4.912,32.8,1752254507610
0.0,0.0,4.922,32.8,1752254507720
0.0,0.0,4.922,32.8,1752254507825
0.0,0.0,4.932,32.8,1752254507933
0.0,0.0,4.922,32.8,1752254508040
0.0,0.0,4.922,32.8,1752254508152
0.0,0.0,4.932,32.8,1752254508267
0.0,0.0,4.943,32.8,1752254508374
0.0,0.0,4.943,32.8,1752254508478
0.0,0.0,4.943,32.8,1752254508584
0.0,0.0,4.943,32.8,1752254508688
0.0,0.0,4.953,32.8,1752254508795
0.0,0.0,4.964,32.8,1752254508899
31.708099365234375,-97.18927001953125,4.964,32.8,1752254509000
0.0,0.0,4.964,32.8,1752254509006
0.0,0.0,4.964,32.8,1752254509110
0.0,0.0,4.953,32.8,1752254509232
0.0,0.0,4.974,32.8,1752254509343
0.0,0.0,4.974,32.8,1752254509451
0.0,0.0,4.964,32.8,1752254509557
0.0,0.0,4.953,32.8,1752254509663
0.0,0.0,4.932,32.8,1752254509767
0.0,0.0,4.922,32.8,1752254509874
0.0,0.0,4.922,32.8,1752254509978
31.708097457885742,-97.18927001953125,4.922,32.8,1752254510000
0.0,0.0,4.912,32.8,1752254510085
0.0,0.0,4.891,32.8,1752254510193
0.0,0.0,4.901,32.8,1752254510312
0.0,0.0,4.891,32.8,1752254510417
0.0,0.0,4.901,32.8,1752254510524
0.0,0.0,4.891,32.8,1752254510628
0.0,0.0,4.88,32.8,1752254510734
0.0,0.0,4.901,32.8,1752254510873
0.0,0.0,4.901,32.8,1752254511028
0.0,0.0,4.912,32.8,1752254511583
0.0,0.0,4.922,32.8,1752254511693
0.0,0.0,4.932,32.8,1752254511803
0.0,0.0,4.932,32.8,1752254511957
0.0,0.0,4.943,32.8,1752254512104
0.0,0.0,4.953,32.8,1752254512283
0.0,0.0,4.943,32.8,1752254512426
0.0,0.0,4.943,32.8,1752254512640
31.70809555053711,-97.18927764892578,4.943,32.8,1752254513000
0.0,0.0,4.943,32.8,1752254513080
0.0,0.0,4.953,32.8,1752254513192
0.0,0.0,4.943,32.8,1752254513307
0.0,0.0,4.943,32.8,1752254513414
0.0,0.0,4.943,32.8,1752254513524
0.0,0.0,4.932,32.8,1752254513630
0.0,0.0,4.932,32.8,1752254513734
0.0,0.0,4.932,32.8,1752254513841
0.0,0.0,4.932,32.8,1752254513998
0.0,0.0,4.943,32.8,1752254514101
0.0,0.0,4.943,32.8,1752254514222
0.0,0.0,4.943,32.8,1752254514328
0.0,0.0,4.964,32.8,1752254514434
0.0,0.0,4.953,32.8,1752254514538
0.0,0.0,4.943,32.8,1752254514696
0.0,0.0,4.943,32.8,1752254514852
31.708093643188477,-97.18927764892578,4.932,32.8,1752254515000
0.0,0.0,4.932,32.8,1752254515006
0.0,0.0,4.953,32.8,1752254515161
0.0,0.0,4.964,32.8,1752254515685
0.0,0.0,4.974,32.8,1752254515789
0.0,0.0,4.974,32.8,1752254515896
0.0,0.0,4.974,32.8,1752254516001
0.0,0.0,4.974,32.8,1752254516107
0.0,0.0,4.974,32.8,1752254516229
0.0,0.0,4.964,32.8,1752254516337
0.0,0.0,4.964,32.8,1752254516482
0.0,0.0,4.974,32.8,1752254516641
0.0,0.0,4.995,32.8,1752254516790
0.0,0.0,5.005,32.8,1752254516942
0.0,0.0,4.974,32.8,1752254517079
0.0,0.0,4.974,32.8,1752254517621
0.0,0.0,4.953,32.8,1752254517728
0.0,0.0,4.943,32.8,1752254517834
0.0,0.0,4.932,32.8,1752254517938
0.0,0.0,4.932,32.8,1752254518045
0.0,0.0,4.932,32.8,1752254518154
0.0,0.0,4.943,32.8,1752254518272
0.0,0.0,4.964,32.8,1752254518376
0.0,0.0,4.953,32.8,1752254518483
0.0,0.0,4.943,32.8,1752254518587
0.0,0.0,4.943,32.8,1752254518696
0.0,0.0,4.953,32.8,1752254518800
0.0,0.0,4.953,32.8,1752254518906
31.70808982849121,-97.18928527832031,4.974,32.8,1752254519000
0.0,0.0,4.974,32.8,1752254519013
0.0,0.0,4.964,32.8,1752254519120
0.0,0.0,4.995,32.8,1752254519244
0.0,0.0,4.995,32.8,1752254519352
0.0,0.0,5.005,32.8,1752254519456
0.0,0.0,4.995,32.8,1752254519562
0.0,0.0,4.995,32.8,1752254519666
0.0,0.0,5.005,32.8,1752254519773
0.0,0.0,5.016,32.8,1752254519876
0.0,0.0,4.995,32.8,1752254519982
31.708086013793945,-97.18928527832031,4.995,32.8,1752254520000
0.0,0.0,4.995,32.8,1752254520086
0.0,0.0,4.995,32.8,1752254520202
0.0,0.0,4.984,32.8,1752254520314
0.0,0.0,4.964,32.8,1752254520420
0.0,0.0,4.953,32.8,1752254520525
0.0,0.0,4.953,32.6,1752254520697
0.0,0.0,4.932,32.6,1752254520864
0.0,0.0,4.943,32.6,1752254521028
0.0,0.0,4.922,32.6,1752254521577
0.0,0.0,4.891,32.6,1752254521698
0.0,0.0,4.891,32.6,1752254521826
0.0,0.0,4.88,32.6,1752254521987
0.0,0.0,4.891,32.6,1752254522163
0.0,0.0,4.88,32.6,1752254522351
0.0,0.0,4.87,32.6,1752254522521
31.70808982849121,-97.18929290771484,4.88,32.6,1752254523000
0.0,0.0,4.88,32.6,1752254523122
0.0,0.0,4.891,32.6,1752254523244
0.0,0.0,4.88,32.6,1752254523355
0.0,0.0,4.912,32.6,1752254523461
0.0,0.0,4.891,32.6,1752254523571
0.0,0.0,4.901,32.6,1752254523677
0.0,0.0,4.932,32.6,1752254523790
0.0,0.0,4.943,32.6,1752254523895
0.0,0.0,4.953,32.6,1752254524004
0.0,0.0,4.943,32.6,1752254524109
0.0,0.0,4.953,32.6,1752254524229
0.0,0.0,4.974,32.6,1752254524336
0.0,0.0,4.953,32.6,1752254524468
0.0,0.0,4.943,32.6,1752254524632
0.0,0.0,4.943,32.6,1752254524794
0.0,0.0,4.922,32.6,1752254524950
31.70808219909668,-97.1893081665039,4.922,32.6,1752254525000
0.0,0.0,4.932,32.6,1752254525509
0.0,0.0,4.922,32.6,1752254525621
0.0,0.0,4.912,32.6,1752254525730
0.0,0.0,4.88,32.6,1752254525837
0.0,0.0,4.86,32.6,1752254525947
0.0,0.0,4.88,32.6,1752254526053
0.0,0.0,4.86,32.6,1752254526166
0.0,0.0,4.86,32.6,1752254526278
0.0,0.0,4.86,32.6,1752254526403
0.0,0.0,4.86,32.6,1752254526555
0.0,0.0,4.86,32.6,1752254526712
0.0,0.0,4.86,32.6,1752254526865
0.0,0.0,4.88,32.6,1752254527022
0.0,0.0,4.86,32.6,1752254527169
0.0,0.0,4.86,32.6,1752254527706
0.0,0.0,4.891,32.6,1752254527814
0.0,0.0,4.901,32.6,1752254527926
31.708070755004883,-97.1893081665039,4.891,32.6,1752254528000
0.0,0.0,4.891,32.6,1752254528035
0.0,0.0,4.86,32.6,1752254528149
0.0,0.0,4.86,32.6,1752254528262
0.0,0.0,4.839,32.6,1752254528371
0.0,0.0,4.818,32.6,1752254528479
0.0,0.0,4.808,32.6,1752254528588
0.0,0.0,4.787,32.6,1752254528694
0.0,0.0,4.787,32.6,1752254528803
0.0,0.0,4.776,32.6,1752254528911
31.70806312561035,-97.1893081665039,4.756,32.6,1752254529000
0.0,0.0,4.756,32.6,1752254529020
0.0,0.0,4.745,32.6,1752254529127
0.0,0.0,4.735,32.6,1752254529246
0.0,0.0,4.724,32.6,1752254529353
0.0,0.0,4.724,32.6,1752254529478
0.0,0.0,4.724,32.6,1752254529559
0.0,0.0,4.735,32.6,1752254529728
0.0,0.0,4.745,32.6,1752254529894
0.0,0.0,4.724,32.6,1752254529984
0.0,0.0,4.724,32.6,1752254530537
0.0,0.0,4.724,32.6,1752254530652
0.0,0.0,4.724,32.6,1752254530758
0.0,0.0,4.724,32.6,1752254530902
0.0,0.0,4.714,32.6,1752254531053
0.0,0.0,4.693,32.6,1752254531217
0.0,0.0,4.683,32.6,1752254531380
0.0,0.0,4.672,32.6,1752254531538
31.708053588867188,-97.1893081665039,4.662,32.6,1752254532000
0.0,0.0,4.662,32.6,1752254532097
0.0,0.0,4.641,32.6,1752254532219
0.0,0.0,4.61,32.6,1752254532331
0.0,0.0,4.61,32.6,1752254532445
0.0,0.0,4.589,32.6,1752254532555
0.0,0.0,4.579,32.6,1752254532667
0.0,0.0,4.547,32.6,1752254532724
0.0,0.0,4.516,32.6,1752254532837
0.0,0.0,4.506,32.6,1752254532949
0.0,0.0,4.485,32.6,1752254533015
0.0,0.0,4.495,32.6,1752254533020
0.0,0.0,4.464,32.6,1752254533101
0.0,0.0,4.443,32.6,1752254533287
0.0,0.0,4.412,32.6,1752254533461
0.0,0.0,4.412,32.6,1752254533628
0.0,0.0,4.381,32.6,1752254533802
0.0,0.0,4.37,32.6,1752254533884
0.0,0.0,4.339,32.6,1752254534613
0.0,0.0,4.318,32.6,1752254534619
0.0,0.0,4.318,32.6,1752254534624
0.0,0.0,4.308,32.6,1752254534628
0.0,0.0,4.298,32.6,1752254534632
0.0,0.0,4.256,32.6,1752254534652
0.0,0.0,4.235,32.6,1752254534654
0.0,0.0,4.235,32.6,1752254534675
0.0,0.0,4.225,32.6,1752254534691
0.0,0.0,4.214,32.6,1752254534714
0.0,0.0,4.204,32.6,1752254534721
0.0,0.0,4.194,32.6,1752254534754
0.0,0.0,4.204,32.6,1752254534779
0.0,0.0,4.173,32.6,1752254534801
0.0,0.0,4.162,32.6,1752254534810
0.0,0.0,4.131,32.6,1752254534823
0.0,0.0,4.121,32.6,1752254534827
0.0,0.0,4.121,32.6,1752254534845
0.0,0.0,4.11,32.6,1752254534861
0.0,0.0,4.1,32.6,1752254534884
0.0,0.0,4.1,32.6,1752254534902
0.0,0.0,4.1,32.6,1752254534916
0.0,0.0,4.089,32.6,1752254534927
0.0,0.0,4.079,32.6,1752254534938
0.0,0.0,4.048,32.6,1752254534951
0.0,0.0,4.037,32.6,1752254534980
0.0,0.0,4.027,32.6,1752254535002
0.0,0.0,4.027,32.6,1752254535021
0.0,0.0,3.996,32.6,1752254535027
0.0,0.0,3.975,32.6,1752254535058
0.0,0.0,3.965,32.6,1752254535058
0.0,0.0,3.954,32.6,1752254535092
0.0,0.0,3.923,32.6,1752254535093
0.0,0.0,3.871,32.6,1752254535142
0.0,0.0,3.861,32.6,1752254535175
0.0,0.0,3.84,32.6,1752254535201
0.0,0.0,3.829,32.6,1752254535230
0.0,0.0,3.829,32.6,1752254535287
0.0,0.0,3.819,32.6,1752254535307
0.0,0.0,3.777,32.6,1752254535308
0.0,0.0,3.756,32.6,1752254535332
0.0,0.0,3.736,32.6,1752254535333
0.0,0.0,3.704,32.6,1752254535353
0.0,0.0,3.684,32.6,1752254535374
0.0,0.0,3.673,32.6,1752254535395
0.0,0.0,3.663,32.6,1752254535398
0.0,0.0,3.652,32.6,1752254535417
0.0,0.0,3.642,32.6,1752254535436
0.0,0.0,3.621,32.6,1752254535449
0.0,0.0,3.611,32.6,1752254535454
0.0,0.0,3.59,32.6,1752254535467
0.0,0.0,3.6,32.6,1752254535476
0.0,0.0,3.6,32.6,1752254535496
0.0,0.0,3.58,32.6,1752254535496
0.0,0.0,3.559,32.6,1752254535552
0.0,0.0,3.559,32.6,1752254535552
0.0,0.0,3.527,32.6,1752254535575
0.0,0.0,3.517,32.6,1752254535585
0.0,0.0,3.527,32.6,1752254535599
0.0,0.0,3.496,32.6,1752254535607
0.0,0.0,3.455,32.6,1752254535625
0.0,0.0,3.423,32.6,1752254535643
0.0,0.0,3.392,32.6,1752254535645
0.0,0.0,3.361,32.6,1752254535667
0.0,0.0,3.33,32.6,1752254535669
0.0,0.0,3.309,32.6,1752254535686
0.0,0.0,3.267,32.6,1752254535699
0.0,0.0,3.226,32.6,1752254535714
0.0,0.0,3.205,32.6,1752254535722
0.0,0.0,3.174,32.6,1752254535725
0.0,0.0,3.09,32.6,1752254535740
0.0,0.0,3.07,32.6,1752254535748
0.0,0.0,3.059,32.6,1752254535752
0.0,0.0,3.07,32.6,1752254535765
0.0,0.0,3.08,32.6,1752254535769
0.0,0.0,3.059,32.6,1752254535781
0.0,0.0,3.038,32.6,1752254535791
0.0,0.0,3.028,32.6,1752254535796
0.0,0.0,3.007,32.6,1752254535807
0.0,0.0,3.007,32.6,1752254535819
0.0,0.0,2.986,32.6,1752254535824
0.0,0.0,2.965,32.6,1752254535834
0.0,0.0,2.986,32.6,1752254535845
0.0,0.0,2.976,32.6,1752254535853
0.0,0.0,2.934,32.6,1752254535863
0.0,0.0,2.903,32.6,1752254535866
0.0,0.0,2.851,32.6,1752254535894
0.0,0.0,2.799,32.6,1752254535903
0.0,0.0,2.778,32.6,1752254535911
0.0,0.0,2.737,32.6,1752254535921
0.0,0.0,2.685,32.6,1752254535930
0.0,0.0,2.632,32.6,1752254535942
0.0,0.0,2.601,32.6,1752254535953
0.0,0.0,2.549,32.6,1752254535961
0.0,0.0,2.476,32.6,1752254535971
0.0,0.0,2.435,32.6,1752254535981
0.0,0.0,2.414,32.6,1752254535984
0.0,0.0,2.383,32.6,1752254535996
0.0,0.0,2.372,32.6,1752254536004
0.0,0.0,2.372,32.6,1752254536011
0.0,0.0,2.331,32.6,1752254536014
0.0,0.0,2.31,32.6,1752254536025
0.0,0.0,2.279,32.6,1752254536044
0.0,0.0,2.247,32.6,1752254536044
0.0,0.0,2.216,32.6,1752254536051
0.0,0.0,2.185,32.6,1752254536063
0.0,0.0,2.164,32.6,1752254536067
0.0,0.0,2.112,32.6,1752254536078
0.0,0.0,2.081,32.6,1752254536082
0.0,0.0,2.018,32.6,1752254536102
0.0,0.0,1.977,32.6,1752254536106
0.0,0.0,1.925,32.6,1752254536129
0.0,0.0,1.894,32.6,1752254536194
0.0,0.0,1.842,32.6,1752254536207
0.0,0.0,1.8,32.6,1752254536211
0.0,0.0,1.758,32.6,1752254536225
0.0,0.0,1.706,32.6,1752254536230
0.0,0.0,1.665,32.6,1752254536241
0.0,0.0,1.623,32.6,1752254536249
0.0,0.0,1.592,32.6,1752254536253
0.0,0.0,1.529,32.6,1752254536273
0.0,0.0,1.509,32.6,1752254536313
0.0,0.0,1.467,32.6,1752254536326
0.0,0.0,1.436,32.6,1752254536377
0.0,0.0,1.394,32.6,1752254536378
0.0,0.0,1.352,32.6,1752254536404
0.0,0.0,1.311,32.6,1752254536422
0.0,0.0,1.269,32.6,1752254536431
0.0,0.0,1.228,32.6,1752254536444
0.0,0.0,1.165,32.6,1752254536460
0.0,0.0,1.123,32.6,1752254536466
0.0,0.0,1.082,32.6,1752254536482
0.0,0.0,1.082,32.6,1752254536486
0.0,0.0,1.04,32.6,1752254536596
0.0,0.0,0.999,32.6,1752254536603
0.0,0.0,0.978,32.6,1752254536642
0.0,0.0,0.947,32.6,1752254536694
0.0,0.0,0.915,32.6,1752254536699
0.0,0.0,0.905,32.6,1752254536712
0.0,0.0,0.884,32.6,1752254536722
0.0,0.0,0.874,32.6,1752254536726
0.0,0.0,0.895,32.6,1752254536747
0.0,0.0,0.895,32.6,1752254536756
0.0,0.0,0.905,32.6,1752254536765
0.0,0.0,0.905,32.6,1752254536770
0.0,0.0,0.947,32.6,1752254536784
0.0,0.0,0.967,32.6,1752254536789
0.0,0.0,0.999,32.6,1752254536813
0.0,0.0,1.04,32.6,1752254536839
0.0,0.0,1.082,32.6,1752254536842
0.0,0.0,1.092,32.6,1752254536859
0.0,0.0,1.134,32.6,1752254536872
0.0,0.0,1.165,32.6,1752254536884
0.0,0.0,1.186,32.6,1752254536888
0.0,0.0,1.196,32.6,1752254536901
0.0,0.0,1.217,32.6,1752254536912
0.0,0.0,1.217,32.6,1752254536919
0.0,0.0,1.217,32.6,1752254536942
0.0,0.0,1.228,32.6,1752254536968
0.0,0.0,1.238,32.6,1752254536970
0.0,0.0,1.228,32.6,1752254536997
0.0,0.0,1.228,32.6,1752254537012
0.0,0.0,1.228,32.6,1752254537020
0.0,0.0,1.217,32.6,1752254537035
0.0,0.0,1.196,32.6,1752254561874
0.0,0.0,1.186,32.6,1752254562126
0.0,0.0,1.082,32.8,1752254590387
0.0,0.0,1.092,32.8,1752254591069
0.0,0.0,1.134,32.8,1752254594822
0.0,0.0,1.134,32.8,1752254595384
0.0,0.0,1.113,32.8,1752254596406
0.0,0.0,1.103,32.8,1752254596960
0.0,0.0,1.082,32.8,1752254598432
0.0,0.0,1.082,32.8,1752254598986
0.0,0.0,1.071,32.8,1752254599561
0.0,0.0,1.04,32.8,1752254600059
0.0,0.0,1.019,32.8,1752254600552
0.0,0.0,0.988,32.8,1752254601356
0.0,0.0,0.967,32.8,1752254602020
0.0,0.0,0.915,32.8,1752254602557
0.0,0.0,0.853,32.8,1752254603621
0.0,0.0,0.842,32.8,1752254604200
0.0,0.0,0.842,32.8,1752254605097
0.0,0.0,0.832,32.8,1752254605574
0.0,0.0,0.832,32.8,1752254606408
0.0,0.0,0.832,32.8,1752254606882
0.0,0.0,0.811,32.8,1752254607783
0.0,0.0,0.832,32.8,1752254608212
0.0,0.0,0.842,32.8,1752254608622
0.0,0.0,0.853,32.8,1752254609023
0.0,0.0,0.853,32.8,1752254609464
0.0,0.0,0.863,32.8,1752254609885
0.0,0.0,0.895,32.8,1752254610325
0.0,0.0,0.895,32.8,1752254610737
0.0,0.0,0.884,32.8,1752254611166
0.0,0.0,0.884,32.8,1752254611593
0.0,0.0,0.874,32.8,1752254612011
0.0,0.0,0.874,32.8,1752254612442
0.0,0.0,0.863,32.8,1752254612860
0.0,0.0,0.842,32.8,1752254613281
0.0,0.0,0.801,32.8,1752254613666
0.0,0.0,0.801,32.8,1752254614063
0.0,0.0,0.801,32.8,1752254614475
0.0,0.0,0.801,32.8,1752254614872
0.0,0.0,0.822,32.8,1752254615300
0.0,0.0,0.79,32.8,1752254615687
0.0,0.0,0.79,32.8,1752254616092
0.0,0.0,0.79,32.8,1752254616516
0.0,0.0,0.78,32.8,1752254616906
0.0,0.0,0.78,32.8,1752254617323
0.0,0.0,0.78,32.8,1752254617718
0.0,0.0,0.801,32.8,1752254618107
0.0,0.0,0.811,32.8,1752254618531
0.0,0.0,0.811,32.8,1752254618928
0.0,0.0,0.801,32.8,1752254619347
0.0,0.0,0.832,32.8,1752254619743
0.0,0.0,0.822,32.8,1752254620159
0.0,0.0,0.832,32.8,1752254620383
0.0,0.0,0.832,32.8,1752254620582
0.0,0.0,0.822,32.8,1752254620782
0.0,0.0,0.832,32.8,1752254620980
0.0,0.0,0.853,32.8,1752254621192
0.0,0.0,0.853,32.8,1752254621406
0.0,0.0,0.853,32.8,1752254621607
0.0,0.0,0.853,32.8,1752254621808
31.70801544189453,-97.18949127197266,0.842,32.8,1752254622000
0.0,0.0,0.842,32.8,1752254622007
0.0,0.0,0.842,32.8,1752254622258
0.0,0.0,0.811,32.8,1752254622465
0.0,0.0,0.822,32.8,1752254622667
0.0,0.0,0.832,32.8,1752254622866
0.0,0.0,0.832,32.8,1752254623060
0.0,0.0,0.842,32.8,1752254623284
0.0,0.0,0.842,32.8,1752254623686
0.0,0.0,0.842,32.8,1752254623950
0.0,0.0,0.853,32.8,1752254624252
0.0,0.0,0.853,32.8,1752254624875
31.708017349243164,-97.18949127197266,0.863,32.8,1752254625000
0.0,0.0,0.863,32.8,1752254625056
0.0,0.0,0.853,32.8,1752254625254
0.0,0.0,0.842,32.8,1752254625438
0.0,0.0,0.853,32.8,1752254625592
0.0,0.0,0.842,32.8,1752254625846
0.0,0.0,0.832,32.8,1752254626002
0.0,0.0,0.842,32.8,1752254626160
0.0,0.0,0.811,32.8,1752254626410
0.0,0.0,0.811,32.8,1752254626626
0.0,0.0,0.822,32.8,1752254626855
0.0,0.0,0.801,32.8,1752254627065
0.0,0.0,0.79,32.8,1752254627713
0.0,0.0,0.79,32.8,1752254627862
0.0,0.0,0.78,32.8,1752254628011
0.0,0.0,0.79,32.8,1752254628161
0.0,0.0,0.801,32.8,1752254628325
0.0,0.0,0.811,32.8,1752254628484
0.0,0.0,0.822,32.8,1752254628632
0.0,0.0,0.842,32.8,1752254628782
0.0,0.0,0.863,32.8,1752254628934
31.708019256591797,-97.18949127197266,0.863,32.8,1752254629000
0.0,0.0,0.863,32.8,1752254629085
0.0,0.0,0.863,32.8,1752254629189
0.0,0.0,0.863,32.8,1752254629285
0.0,0.0,0.863,32.8,1752254629442
0.0,0.0,0.874,32.8,1752254629517
0.0,0.0,0.874,32.8,1752254629676
0.0,0.0,0.895,32.8,1752254629749
0.0,0.0,0.905,32.8,1752254629907
0.0,0.0,0.874,32.8,1752254629980
31.70802116394043,-97.18949127197266,0.874,32.8,1752254630000
0.0,0.0,0.863,32.8,1752254630137
0.0,0.0,0.853,32.8,1752254630225
0.0,0.0,0.842,32.8,1752254630381
0.0,0.0,0.822,32.8,1752254630455
0.0,0.0,0.822,32.8,1752254630697
0.0,0.0,0.832,32.8,1752254630813
0.0,0.0,0.832,32.8,1752254631053
0.0,0.0,0.822,32.8,1752254631178
0.0,0.0,0.811,32.8,1752254632043
0.0,0.0,0.801,32.8,1752254632158
0.0,0.0,0.801,32.8,1752254632803
0.0,0.0,0.801,32.8,1752254632880
31.708023071289062,-97.18949127197266,0.79,32.8,1752254633000
0.0,0.0,0.79,32.8,1752254633038
0.0,0.0,0.801,32.8,1752254633114
0.0,0.0,0.811,32.8,1752254633287
0.0,0.0,0.822,32.8,1752254633362
0.0,0.0,0.822,32.8,1752254633519
0.0,0.0,0.832,32.8,1752254633594
0.0,0.0,0.842,32.8,1752254633751
0.0,0.0,0.842,32.8,1752254633831
0.0,0.0,0.842,32.8,1752254633994
0.0,0.0,0.842,32.8,1752254634071
0.0,0.0,0.832,32.8,1752254634239
0.0,0.0,0.842,32.8,1752254634322
0.0,0.0,0.842,32.8,1752254634477
0.0,0.0,0.842,32.8,1752254634549
0.0,0.0,0.853,32.8,1752254634744
0.0,0.0,0.863,32.8,1752254634854
0.0,0.0,0.863,32.8,1752254635104
0.0,0.0,0.863,32.8,1752254635624
0.0,0.0,0.863,32.8,1752254635786
0.0,0.0,0.884,32.8,1752254635857
31.708024978637695,-97.18949127197266,0.884,32.8,1752254636000
0.0,0.0,0.884,32.8,1752254636010
0.0,0.0,0.884,32.8,1752254636081
0.0,0.0,0.884,32.8,1752254636252
0.0,0.0,0.895,32.8,1752254636323
0.0,0.0,0.884,32.8,1752254636476
0.0,0.0,0.895,32.8,1752254636547
0.0,0.0,0.884,32.8,1752254636702
0.0,0.0,0.863,32.8,1752254636772
0.0,0.0,0.863,32.8,1752254636927
0.0,0.0,0.863,32.8,1752254636999
31.708026885986328,-97.18949127197266,0.863,32.8,1752254637000
0.0,0.0,0.842,32.8,1752254637152
0.0,0.0,0.822,32.8,1752254637238
0.0,0.0,0.822,32.8,1752254637394
0.0,0.0,0.832,32.8,1752254637466
0.0,0.0,0.822,32.8,1752254637619
0.0,0.0,0.822,32.8,1752254637714
0.0,0.0,0.822,32.8,1752254637960
0.0,0.0,0.822,32.8,1752254638034
0.0,0.0,0.832,32.8,1752254638679
0.0,0.0,0.842,32.8,1752254638736
0.0,0.0,0.832,32.8,1752254638900
0.0,0.0,0.832,32.8,1752254638963
0.0,0.0,0.853,32.8,1752254639181
0.0,0.0,0.874,32.8,1752254639301
0.0,0.0,0.884,32.8,1752254639525
31.70802879333496,-97.18949127197266,0.874,32.8,1752254640000
0.0,0.0,0.874,32.8,1752254640049
0.0,0.0,0.884,32.8,1752254640209
0.0,0.0,0.874,32.8,1752254640291
0.0,0.0,0.874,32.8,1752254640444
0.0,0.0,0.874,32.8,1752254640520
0.0,0.0,0.884,32.8,1752254640673
0.0,0.0,0.874,32.8,1752254640744
0.0,0.0,0.884,32.8,1752254640896
0.0,0.0,0.905,32.8,1752254640967
0.0,0.0,0.895,32.8,1752254641121
0.0,0.0,0.884,32.8,1752254641206
0.0,0.0,0.895,32.8,1752254641362
0.0,0.0,0.884,32.8,1752254641432
0.0,0.0,0.874,32.8,1752254641586
0.0,0.0,0.884,32.8,1752254641658
0.0,0.0,0.884,32.8,1752254641846
0.0,0.0,0.874,32.8,1752254641956
0.0,0.0,0.853,32.8,1752254642597
0.0,0.0,0.874,32.8,1752254642678
0.0,0.0,0.853,32.8,1752254642832
0.0,0.0,0.842,32.8,1752254642905
0.0,0.0,0.842,32.8,1752254643060
0.0,0.0,0.842,32.8,1752254643133
0.0,0.0,0.842,32.8,1752254643301
0.0,0.0,0.853,32.8,1752254643375
0.0,0.0,0.874,32.8,1752254643527
0.0,0.0,0.874,32.8,1752254643598
0.0,0.0,0.874,32.8,1752254643751
0.0,0.0,0.863,32.8,1752254643821
0.0,0.0,0.863,32.8,1752254643973
31.708032608032227,-97.18949127197266,0.863,32.8,1752254644000
31.708032608032227,-97.18949127197266,0.863,32.8,1752254644000
0.0,0.0,0.853,32.8,1752254644045
0.0,0.0,0.842,32.8,1752254644198
0.0,0.0,1.925,32.8,1752254649104
0.0,0.0,0.478,32.6,1752254671898
31.707984924316406,-97.18944549560547,0.478,32.6,1752254672000
0.0,0.0,0.728,32.6,1752254672264
0.0,0.0,0.738,32.6,1752254672659
0.0,0.0,0.988,32.6,1752254672982
0.0,0.0,1.228,32.6,1752254673325
0.0,0.0,1.238,32.6,1752254674677
0.0,0.0,1.248,32.8,1752254675054
0.0,0.0,1.248,32.8,1752254675393
0.0,0.0,1.404,32.8,1752254675714
31.707992553710938,-97.1894302368164,1.425,32.8,1752254676000
0.0,0.0,1.425,32.8,1752254676047
0.0,0.0,1.477,32.8,1752254676380
0.0,0.0,1.498,32.8,1752254676707
0.0,0.0,1.519,32.8,1752254677032
0.0,0.0,1.228,32.8,1752254677397
0.0,0.0,1.269,33.0,1752254677769
31.70799446105957,-97.18942260742188,1.269,33.0,1752254678000
0.0,0.0,0.988,33.0,1752254678591
0.0,0.0,0.749,33.0,1752254679217
0.0,0.0,0.77,33.0,1752254679590
0.0,0.0,0.801,33.0,1752254679951
0.0,0.0,0.842,33.0,1752254680780
31.708005905151367,-97.18941497802734,0.718,33.0,1752254681000
0.0,0.0,0.718,33.0,1752254681146
0.0,0.0,0.78,33.0,1752254681495
0.0,0.0,0.759,33.0,1752254681813
0.0,0.0,0.79,33.0,1752254682173
0.0,0.0,0.832,33.0,1752254682568
0.0,0.0,1.03,33.0,1752254682957
0.0,0.0,1.019,33.0,1752254683012
0.0,0.0,1.196,33.0,1752254683629
0.0,0.0,1.373,33.0,1752254683703
0.0,0.0,1.363,33.0,1752254683875
0.0,0.0,1.394,33.0,1752254683949
0.0,0.0,1.394,33.0,1752254684094
0.0,0.0,1.446,33.0,1752254684150
0.0,0.0,1.342,33.0,1752254684310
0.0,0.0,1.342,33.0,1752254684371
0.0,0.0,1.228,33.0,1752254684517
0.0,0.0,1.113,33.0,1752254684578
0.0,0.0,1.113,33.0,1752254684729
0.0,0.0,1.123,33.0,1752254684788
0.0,0.0,1.092,33.0,1752254684936
0.0,0.0,0.999,33.0,1752254684997
31.708017349243164,-97.18940734863281,0.999,33.0,1752254685000
0.0,0.0,1.009,33.0,1752254685146
0.0,0.0,0.967,33.0,1752254685225
0.0,0.0,0.947,33.0,1752254685379
0.0,0.0,0.957,33.0,1752254685439
0.0,0.0,0.947,33.0,1752254685589
0.0,0.0,0.936,33.0,1752254685653
0.0,0.0,0.936,33.0,1752254685799
0.0,0.0,0.905,33.0,1752254685864
31.708019256591797,-97.18939971923828,0.863,33.0,1752254686000
0.0,0.0,0.863,33.0,1752254686016
0.0,0.0,0.863,33.0,1752254686077
0.0,0.0,0.863,33.0,1752254686252
0.0,0.0,0.874,33.0,1752254686328
0.0,0.0,0.853,33.0,1752254686494
0.0,0.0,0.853,33.0,1752254686564
0.0,0.0,0.853,32.8,1752254686739
0.0,0.0,0.853,32.8,1752254686814
0.0,0.0,0.874,32.8,1752254687419
0.0,0.0,0.863,32.8,1752254687496
0.0,0.0,0.853,32.8,1752254687678
0.0,0.0,0.853,32.8,1752254687750
0.0,0.0,0.874,32.8,1752254687915
0.0,0.0,0.874,32.8,1752254687987
0.0,0.0,0.853,32.8,1752254688153
0.0,0.0,0.853,32.8,1752254688234
0.0,0.0,0.832,32.8,1752254688836
0.0,0.0,0.842,32.8,1752254688907
31.708019256591797,-97.18939971923828,0.832,32.8,1752254689000
0.0,0.0,0.832,32.8,1752254689076
0.0,0.0,0.811,32.8,1752254689136
0.0,0.0,0.801,32.8,1752254689290
0.0,0.0,0.811,32.8,1752254689351
0.0,0.0,0.811,32.8,1752254689495
0.0,0.0,0.801,32.8,1752254689557
0.0,0.0,0.822,32.8,1752254689700
0.0,0.0,0.811,32.8,1752254689759
0.0,0.0,0.822,32.8,1752254689908
0.0,0.0,0.832,32.8,1752254689967
0.0,0.0,0.842,32.8,1752254690111
0.0,0.0,0.832,32.8,1752254690180
0.0,0.0,0.842,32.8,1752254690349
0.0,0.0,0.853,32.8,1752254690422
0.0,0.0,0.863,32.8,1752254690586
0.0,0.0,0.863,32.8,1752254690659
0.0,0.0,0.863,32.8,1752254690824
0.0,0.0,0.863,32.8,1752254690893
31.70802116394043,-97.18939208984375,0.863,32.8,1752254691000
0.0,0.0,0.863,32.8,1752254691509
0.0,0.0,0.874,32.8,1752254691594
0.0,0.0,0.863,32.8,1752254691762
0.0,0.0,0.863,32.8,1752254691832
0.0,0.0,0.874,32.8,1752254691969
0.0,0.0,0.874,32.8,1752254692029
0.0,0.0,0.895,32.8,1752254692169
0.0,0.0,0.895,32.8,1752254692259
0.0,0.0,0.895,32.8,1752254692423
0.0,0.0,0.895,32.8,1752254692493
0.0,0.0,0.905,32.8,1752254692656
0.0,0.0,0.905,32.8,1752254692726
0.0,0.0,0.895,32.8,1752254692893
0.0,0.0,0.905,32.8,1752254693404
0.0,0.0,0.895,32.8,1752254693577
0.0,0.0,0.895,32.8,1752254693648
0.0,0.0,0.895,32.8,1752254693784
0.0,0.0,0.884,32.8,1752254693842
0.0,0.0,0.874,32.8,1752254693981
0.0,0.0,0.863,32.8,1752254694042
0.0,0.0,0.863,32.8,1752254694181
0.0,0.0,0.853,32.8,1752254694262
0.0,0.0,0.842,32.8,1752254694400
0.0,0.0,0.842,32.8,1752254694460
0.0,0.0,0.832,32.8,1752254694606
0.0,0.0,0.832,32.8,1752254694666
0.0,0.0,0.842,32.8,1752254694817
0.0,0.0,0.863,32.8,1752254694877
31.70802879333496,-97.18938446044922,0.863,32.8,1752254695000
0.0,0.0,0.863,32.8,1752254695020
0.0,0.0,0.905,32.8,1752254695093
0.0,0.0,0.926,32.8,1752254695284
0.0,0.0,0.978,32.8,1752254695358
0.0,0.0,1.03,32.8,1752254695524
0.0,0.0,1.061,32.8,1752254695597
0.0,0.0,1.113,32.8,1752254695772
0.0,0.0,1.175,32.8,1752254695843
31.708032608032227,-97.18937683105469,1.259,32.8,1752254696000
0.0,0.0,1.259,32.8,1752254696009
0.0,0.0,1.311,32.8,1752254696082
0.0,0.0,1.373,32.8,1752254696279
0.0,0.0,1.415,32.8,1752254696351
0.0,0.0,1.477,32.8,1752254696711
0.0,0.0,1.519,32.8,1752254696782
0.0,0.0,1.602,32.8,1752254697498
0.0,0.0,1.685,32.8,1752254697559
0.0,0.0,1.758,32.8,1752254697738
0.0,0.0,1.862,32.8,1752254697808
0.0,0.0,1.946,32.8,1752254697974
0.0,0.0,2.039,32.8,1752254698046
0.0,0.0,2.091,32.8,1752254698217
0.0,0.0,2.195,32.8,1752254698302
0.0,0.0,2.268,32.8,1752254698906
0.0,0.0,2.362,32.8,1752254698980
31.708036422729492,-97.18936920166016,2.362,32.8,1752254699000
0.0,0.0,2.435,32.8,1752254699147
0.0,0.0,2.508,32.8,1752254699230
0.0,0.0,2.57,32.8,1752254699399
0.0,0.0,2.601,32.8,1752254699472
0.0,0.0,2.612,32.8,1752254699638
0.0,0.0,2.643,32.8,1752254699710
0.0,0.0,2.653,32.8,1752254699880
0.0,0.0,2.664,32.8,1752254699936
31.708038330078125,-97.18936157226562,2.664,32.8,1752254700000
0.0,0.0,2.685,32.8,1752254700081
0.0,0.0,2.685,32.8,1752254700138
0.0,0.0,2.726,32.8,1752254700318
0.0,0.0,2.737,32.8,1752254700389
0.0,0.0,2.737,32.8,1752254700555
0.0,0.0,2.768,32.8,1752254700626
0.0,0.0,2.778,32.8,1752254700790
0.0,0.0,2.83,32.8,1752254700862
0.0,0.0,2.861,32.8,1752254701473
0.0,0.0,2.903,32.8,1752254701552
0.0,0.0,2.955,32.8,1752254701732
0.0,0.0,3.007,32.8,1752254701803
0.0,0.0,3.049,32.8,1752254701970
0.0,0.0,3.08,32.8,1752254702042
0.0,0.0,3.111,32.8,1752254702212
0.0,0.0,3.111,32.8,1752254702290
0.0,0.0,3.122,32.8,1752254702885
0.0,0.0,3.132,32.8,1752254702961
31.708044052124023,-97.1893539428711,3.132,32.8,1752254703000
0.0,0.0,3.132,32.8,1752254703127
0.0,0.0,3.142,32.8,1752254703208
0.0,0.0,3.153,32.8,1752254703374
0.0,0.0,3.174,32.8,1752254703446
0.0,0.0,3.174,32.8,1752254703597
0.0,0.0,3.184,32.8,1752254703661
0.0,0.0,3.194,32.8,1752254703799
0.0,0.0,3.194,32.8,1752254703862
0.0,0.0,3.215,32.8,1752254704008
0.0,0.0,3.226,32.8,1752254704067
0.0,0.0,3.236,32.8,1752254704243
0.0,0.0,3.257,32.8,1752254704320
0.0,0.0,3.267,32.8,1752254704484
0.0,0.0,3.288,32.8,1752254704556
0.0,0.0,3.299,32.8,1752254704721
0.0,0.0,3.309,32.8,1752254704794
31.70804786682129,-97.18934631347656,3.309,32.8,1752254705000
0.0,0.0,3.309,32.8,1752254705406
0.0,0.0,3.319,32.8,1752254705490
0.0,0.0,3.33,32.8,1752254705655
0.0,0.0,3.34,32.8,1752254705724
0.0,0.0,3.351,32.8,1752254705864
0.0,0.0,3.371,32.8,1752254705921
0.0,0.0,3.382,32.8,1752254706074
0.0,0.0,3.371,32.8,1752254706136
0.0,0.0,3.392,32.8,1752254706322
0.0,0.0,3.403,32.8,1752254706397
0.0,0.0,3.413,32.8,1752254706565
0.0,0.0,3.413,32.8,1752254706639
0.0,0.0,3.455,32.8,1752254706803
0.0,0.0,3.455,32.8,1752254706878
31.70805549621582,-97.18934631347656,3.455,32.8,1752254707000
0.0,0.0,3.475,32.8,1752254707486
0.0,0.0,3.496,32.8,1752254707571
0.0,0.0,3.507,32.8,1752254707740
0.0,0.0,3.517,32.8,1752254707806
0.0,0.0,3.527,32.8,1752254707950
0.0,0.0,3.548,32.8,1752254708012
0.0,0.0,3.559,32.8,1752254708154
0.0,0.0,3.58,32.8,1752254708250
0.0,0.0,3.59,32.8,1752254708417
0.0,0.0,3.6,32.8,1752254708490
0.0,0.0,3.621,32.8,1752254708655
0.0,0.0,3.632,32.8,1752254708729
0.0,0.0,3.632,32.8,1752254708898
31.70806121826172,-97.18933868408203,3.632,32.8,1752254709000
0.0,0.0,3.642,32.8,1752254709415
0.0,0.0,3.652,32.8,1752254709639
0.0,0.0,3.673,32.8,1752254709696
0.0,0.0,3.684,32.8,1752254709838
0.0,0.0,3.694,32.8,1752254709900
0.0,0.0,3.694,32.8,1752254710047
0.0,0.0,3.715,32.8,1752254710111
0.0,0.0,3.725,32.8,1752254710296
0.0,0.0,3.736,32.8,1752254710371
0.0,0.0,3.736,32.8,1752254710537
0.0,0.0,3.746,32.8,1752254710609
0.0,0.0,3.767,32.8,1752254710776
0.0,0.0,3.788,32.8,1752254710851
31.708066940307617,-97.1893310546875,3.788,32.8,1752254711000
0.0,0.0,3.788,32.8,1752254711464
0.0,0.0,3.798,32.8,1752254711549
0.0,0.0,3.798,32.8,1752254711717
0.0,0.0,3.798,32.8,1752254711787
0.0,0.0,3.829,32.8,1752254711928
0.0,0.0,3.819,32.8,1752254711992
0.0,0.0,3.829,32.8,1752254712142
0.0,0.0,3.829,32.8,1752254712218
0.0,0.0,3.85,32.8,1752254712385
0.0,0.0,3.871,32.8,1752254712458
0.0,0.0,3.871,32.8,1752254712624
0.0,0.0,3.871,32.8,1752254712696
0.0,0.0,3.881,32.8,1752254712862
0.0,0.0,3.892,32.8,1752254712934
0.0,0.0,3.913,32.8,1752254713556
0.0,0.0,3.923,32.8,1752254713635
0.0,0.0,3.913,32.8,1752254713801
0.0,0.0,3.933,32.8,1752254713860
31.708070755004883,-97.1893310546875,3.944,32.8,1752254714000
0.0,0.0,3.944,32.8,1752254714012
0.0,0.0,3.954,32.8,1752254714075
0.0,0.0,3.954,32.8,1752254714226
0.0,0.0,3.965,32.8,1752254714296
0.0,0.0,3.985,32.8,1752254714441
0.0,0.0,3.975,32.8,1752254714504
0.0,0.0,3.985,32.8,1752254714650
0.0,0.0,3.975,32.8,1752254714711
0.0,0.0,3.985,32.8,1752254714856
0.0,0.0,3.975,32.8,1752254714919
31.708080291748047,-97.18932342529297,3.996,32.8,1752254715000
0.0,0.0,3.996,32.8,1752254715063
0.0,0.0,3.996,32.8,1752254715126
0.0,0.0,4.006,32.8,1752254715300
0.0,0.0,4.006,32.8,1752254715372
0.0,0.0,4.017,32.8,1752254715534
0.0,0.0,4.027,32.8,1752254715612
0.0,0.0,4.037,32.8,1752254715773
0.0,0.0,4.048,32.8,1752254715846
0.0,0.0,4.048,32.8,1752254716460
0.0,0.0,4.058,32.8,1752254716548
0.0,0.0,4.069,32.8,1752254716724
0.0,0.0,4.079,32.8,1752254716799
0.0,0.0,4.079,32.8,1752254716962
0.0,0.0,4.089,32.8,1752254717037
0.0,0.0,4.11,32.8,1752254717204
0.0,0.0,4.11,32.8,1752254717288
0.0,0.0,4.11,32.8,1752254717891
0.0,0.0,4.121,32.8,1752254717965
31.708086013793945,-97.18931579589844,4.121,32.8,1752254718000
0.0,0.0,4.141,32.8,1752254718130
0.0,0.0,4.152,32.8,1752254718218
0.0,0.0,4.162,32.8,1752254718359
0.0,0.0,4.173,32.8,1752254718421
0.0,0.0,4.173,32.8,1752254718557
0.0,0.0,4.183,32.8,1752254718622
0.0,0.0,4.194,32.8,1752254718754
0.0,0.0,4.194,32.8,1752254718816
0.0,0.0,4.204,32.8,1752254718955
31.70808982849121,-97.1893081665039,4.214,32.8,1752254719000
0.0,0.0,4.214,32.8,1752254719018
0.0,0.0,4.225,32.8,1752254719157
0.0,0.0,4.235,32.8,1752254719255
0.0,0.0,4.246,32.8,1752254719413
0.0,0.0,4.256,32.8,1752254719487
0.0,0.0,4.266,32.8,1752254719646
0.0,0.0,4.277,32.8,1752254719722
0.0,0.0,4.287,32.8,1752254719883
0.0,0.0,4.298,32.8,1752254720402
0.0,0.0,4.308,32.8,1752254720566
0.0,0.0,4.318,32.8,1752254720658
0.0,0.0,4.329,32.8,1752254720816
0.0,0.0,4.339,32.8,1752254720891
0.0,0.0,4.36,32.8,1752254721048
0.0,0.0,4.37,32.8,1752254721122
0.0,0.0,4.391,32.8,1752254721293
0.0,0.0,4.402,32.8,1752254721806
0.0,0.0,4.412,32.8,1752254721964
31.708097457885742,-97.18930053710938,4.412,32.8,1752254722000
0.0,0.0,4.412,32.8,1752254722039
0.0,0.0,4.422,32.8,1752254722196
0.0,0.0,4.433,32.8,1752254722279
0.0,0.0,4.433,32.8,1752254722410
0.0,0.0,4.443,32.8,1752254722471
0.0,0.0,4.454,32.8,1752254722604
0.0,0.0,4.464,32.8,1752254722666
0.0,0.0,4.464,32.8,1752254722799
0.0,0.0,4.475,32.8,1752254722868
0.0,0.0,4.475,32.8,1752254722999
31.708099365234375,-97.18929290771484,4.475,32.8,1752254723000
0.0,0.0,4.485,32.8,1752254723062
0.0,0.0,4.495,32.8,1752254723216
0.0,0.0,4.506,32.8,1752254723296
0.0,0.0,4.516,32.8,1752254723454
0.0,0.0,4.527,32.8,1752254723527
0.0,0.0,4.537,32.8,1752254723682
0.0,0.0,4.547,32.8,1752254723754
0.0,0.0,4.558,32.8,1752254723911
0.0,0.0,4.568,32.8,1752254724416
0.0,0.0,4.579,32.8,1752254724579
0.0,0.0,4.579,32.8,1752254724670
0.0,0.0,4.589,32.8,1752254724825
0.0,0.0,4.599,32.8,1752254724897
0.0,0.0,4.61,32.8,1752254725055
0.0,0.0,4.61,32.8,1752254725129
0.0,0.0,4.62,32.8,1752254725294
0.0,0.0,4.62,32.8,1752254725805
0.0,0.0,4.631,32.8,1752254725962
31.708110809326172,-97.18929290771484,4.631,32.8,1752254726000
0.0,0.0,4.631,32.8,1752254726035
0.0,0.0,4.641,32.8,1752254726191
0.0,0.0,4.651,32.8,1752254726274
0.0,0.0,4.651,32.8,1752254726430
0.0,0.0,4.662,32.8,1752254726504
0.0,0.0,4.662,32.8,1752254726660
0.0,0.0,4.662,32.8,1752254726733
0.0,0.0,4.672,32.8,1752254726881
0.0,0.0,4.672,32.8,1752254726944
31.70812225341797,-97.18929290771484,4.672,32.8,1752254727000
0.0,0.0,4.683,32.8,1752254727083
0.0,0.0,4.693,32.8,1752254727144
0.0,0.0,4.693,32.8,1752254727317
0.0,0.0,4.703,32.8,1752254727390
0.0,0.0,4.714,32.8,1752254727546
0.0,0.0,4.724,32.8,1752254727620
0.0,0.0,4.714,32.8,1752254727779
0.0,0.0,4.724,32.8,1752254727854
0.0,0.0,4.735,32.8,1752254728443
0.0,0.0,4.735,32.8,1752254728523
0.0,0.0,4.745,32.8,1752254728695
0.0,0.0,4.756,32.8,1752254728769
0.0,0.0,4.756,32.8,1752254728925
0.0,0.0,4.766,32.8,1752254728999
0.0,0.0,4.766,32.8,1752254729156
0.0,0.0,4.766,32.8,1752254729240
0.0,0.0,4.766,32.8,1752254729836
0.0,0.0,4.766,32.8,1752254729911
31.708131790161133,-97.18928527832031,4.776,32.8,1752254730000
0.0,0.0,4.776,32.8,1752254730070
0.0,0.0,4.787,32.8,1752254730144
0.0,0.0,4.787,32.8,1752254730314
0.0,0.0,4.787,32.8,1752254730388
0.0,0.0,4.797,32.8,1752254730544
0.0,0.0,4.797,32.8,1752254730618
0.0,0.0,4.808,32.8,1752254730776
0.0,0.0,4.808,32.8,1752254730850
0.0,0.0,4.808,32.8,1752254731000
0.0,0.0,0.645,32.4,1752254749190
0.0,0.0,0.624,32.4,1752254749519
0.0,0.0,0.624,32.4,1752254749803
31.708343505859375,-97.18895721435547,0.624,32.4,1752254750000
0.0,0.0,0.624,32.4,1752254750103
0.0,0.0,0.624,32.4,1752254750428
0.0,0.0,0.645,32.4,1752254750755
0.0,0.0,0.645,32.4,1752254751109
0.0,0.0,0.666,32.4,1752254751498
0.0,0.0,0.697,32.4,1752254751888
0.0,0.0,0.718,32.4,1752254752727
31.708349227905273,-97.18895721435547,0.738,32.4,1752254753000
0.0,0.0,0.738,32.4,1752254753093
0.0,0.0,0.77,32.4,1752254753457
0.0,0.0,0.79,32.4,1752254753806
0.0,0.0,0.842,32.4,1752254754161
0.0,0.0,0.874,32.4,1752254754549
0.0,0.0,0.947,32.4,1752254754938
0.0,0.0,0.967,32.4,1752254755771
31.708358764648438,-97.18894958496094,1.019,32.4,1752254756000
0.0,0.0,1.019,32.4,1752254756149
0.0,0.0,1.082,32.4,1752254756211
0.0,0.0,1.113,32.4,1752254756359
0.0,0.0,1.165,32.4,1752254756420
0.0,0.0,1.186,32.4,1752254756565
0.0,0.0,1.228,32.4,1752254756627
0.0,0.0,1.28,32.4,1752254756767
0.0,0.0,1.332,32.4,1752254756830
0.0,0.0,1.332,32.4,1752254756975
0.0,0.0,1.373,32.4,1752254757044
0.0,0.0,1.373,32.4,1752254757191
0.0,0.0,1.425,32.4,1752254757283
0.0,0.0,1.436,32.4,1752254757440
0.0,0.0,1.446,32.4,1752254757512
0.0,0.0,1.467,32.4,1752254757668
0.0,0.0,1.467,32.4,1752254757741
0.0,0.0,1.509,32.4,1752254757898
0.0,0.0,1.519,32.4,1752254758410
0.0,0.0,1.519,32.4,1752254758581
0.0,0.0,1.529,32.4,1752254758652
0.0,0.0,1.561,32.4,1752254758809
0.0,0.0,1.561,32.4,1752254758883
31.708362579345703,-97.18894958496094,1.581,32.4,1752254759000
0.0,0.0,1.581,32.4,1752254759019
0.0,0.0,1.581,32.4,1752254759078
0.0,0.0,1.602,32.4,1752254759227
0.0,0.0,1.613,32.4,1752254759289
0.0,0.0,1.633,32.4,1752254759423
0.0,0.0,1.665,32.4,1752254759486
0.0,0.0,1.654,32.4,1752254759617
0.0,0.0,1.675,32.4,1752254759678
0.0,0.0,1.685,32.4,1752254759818
0.0,0.0,1.706,32.4,1752254759877
31.708362579345703,-97.18894958496094,1.696,32.4,1752254760000
0.0,0.0,1.696,32.4,1752254760010
0.0,0.0,1.717,32.4,1752254760077
0.0,0.0,1.727,32.4,1752254760244
0.0,0.0,1.727,32.4,1752254760320
0.0,0.0,1.737,32.4,1752254760473
0.0,0.0,1.737,32.4,1752254760623
0.0,0.0,1.748,32.4,1752254760730
0.0,0.0,1.748,32.4,1752254760801
0.0,0.0,1.758,32.4,1752254761390
0.0,0.0,1.769,32.4,1752254761472
0.0,0.0,1.779,32.4,1752254761643
0.0,0.0,1.779,32.4,1752254761714
0.0,0.0,1.79,32.4,1752254761866
0.0,0.0,1.79,32.4,1752254761937
31.708364486694336,-97.18894958496094,1.79,32.4,1752254762000
0.0,0.0,1.8,32.4,1752254762092
0.0,0.0,1.8,32.4,1752254762167
0.0,0.0,1.779,32.4,1752254762770
0.0,0.0,1.8,32.4,1752254762842
0.0,0.0,1.8,32.4,1752254762997
0.0,0.0,1.81,32.4,1752254763075
0.0,0.0,1.81,32.4,1752254763238
0.0,0.0,1.821,32.4,1752254763326
0.0,0.0,1.81,32.4,1752254763481
0.0,0.0,1.821,32.4,1752254763551
0.0,0.0,1.8,32.4,1752254763703
0.0,0.0,1.779,32.4,1752254763774
0.0,0.0,1.748,32.4,1752254763927
0.0,0.0,1.758,32.4,1752254764079
0.0,0.0,1.779,32.4,1752254764575
0.0,0.0,1.769,32.4,1752254764647
0.0,0.0,1.779,32.4,1752254764799
0.0,0.0,1.769,32.4,1752254764869
0.0,0.0,1.769,32.4,1752254764991
31.70836639404297,-97.1889419555664,1.769,32.4,1752254765000
0.0,0.0,1.748,32.4,1752254765053
0.0,0.0,1.727,32.4,1752254765182
0.0,0.0,1.727,32.4,1752254765256
0.0,0.0,1.727,32.4,1752254765394
0.0,0.0,1.758,32.4,1752254765454
0.0,0.0,1.79,32.4,1752254765584
0.0,0.0,1.79,32.4,1752254765645
0.0,0.0,1.79,32.4,1752254765770
0.0,0.0,1.8,32.4,1752254765838
0.0,0.0,1.779,32.4,1752254765964
31.70836639404297,-97.1889419555664,1.758,32.4,1752254766000
0.0,0.0,1.758,32.4,1752254766026
0.0,0.0,1.727,32.4,1752254766159
0.0,0.0,1.758,32.4,1752254766252
0.0,0.0,1.758,32.4,1752254766402
0.0,0.0,1.758,32.4,1752254766473
0.0,0.0,1.769,32.4,1752254766627
0.0,0.0,1.748,32.4,1752254766698
0.0,0.0,1.706,32.4,1752254766849
0.0,0.0,1.706,32.4,1752254767364
0.0,0.0,1.696,32.4,1752254767525
0.0,0.0,1.685,32.4,1752254767614
0.0,0.0,1.706,32.4,1752254767761
0.0,0.0,1.727,32.4,1752254767831
0.0,0.0,1.758,32.4,1752254767980
31.70836639404297,-97.1889419555664,1.758,32.4,1752254768000
0.0,0.0,1.769,32.4,1752254768050
0.0,0.0,1.79,32.4,1752254768204
0.0,0.0,1.79,32.4,1752254768369
0.0,0.0,1.79,32.4,1752254768821
0.0,0.0,1.79,32.4,1752254768894
0.0,0.0,1.821,32.4,1752254769050
0.0,0.0,1.831,32.4,1752254769121
0.0,0.0,1.821,32.4,1752254769304
0.0,0.0,1.831,32.4,1752254769375
0.0,0.0,1.81,32.4,1752254769527
0.0,0.0,1.81,32.4,1752254769598
0.0,0.0,1.81,32.4,1752254769751
0.0,0.0,1.79,32.4,1752254769823
31.708370208740234,-97.18893432617188,1.79,32.4,1752254770000
0.0,0.0,1.779,32.4,1752254770418
0.0,0.0,1.779,32.4,1752254770504
0.0,0.0,1.779,32.4,1752254770657
0.0,0.0,1.779,32.4,1752254770730
0.0,0.0,1.779,32.4,1752254770878
0.0,0.0,1.769,32.4,1752254770936
0.0,0.0,1.79,32.4,1752254771063
0.0,0.0,1.8,32.4,1752254771131
0.0,0.0,1.8,32.4,1752254771301
0.0,0.0,1.81,32.4,1752254771372
0.0,0.0,1.8,32.4,1752254771524
0.0,0.0,1.81,32.4,1752254771597
0.0,0.0,1.821,32.4,1752254771748
0.0,0.0,1.8,32.4,1752254771821
31.708372116088867,-97.18893432617188,1.8,32.4,1752254772000
0.0,0.0,1.79,32.4,1752254772423
0.0,0.0,1.779,32.4,1752254772507
0.0,0.0,1.779,32.4,1752254772662
0.0,0.0,1.769,32.4,1752254772734
0.0,0.0,1.769,32.4,1752254772865
0.0,0.0,1.748,32.4,1752254772927
0.0,0.0,1.748,32.4,1752254773060
0.0,0.0,1.737,32.4,1752254773121
0.0,0.0,1.748,32.4,1752254773290
0.0,0.0,1.727,32.4,1752254773361
0.0,0.0,1.727,32.4,1752254773519
0.0,0.0,1.727,32.4,1752254773589
0.0,0.0,1.727,32.4,1752254773742
0.0,0.0,1.737,32.4,1752254773813
31.708375930786133,-97.18892669677734,1.737,32.4,1752254774000
0.0,0.0,1.717,32.4,1752254774407
0.0,0.0,1.727,32.4,1752254774491
0.0,0.0,1.717,32.4,1752254774643
0.0,0.0,1.727,32.4,1752254774717
0.0,0.0,1.717,32.4,1752254774859
0.0,0.0,1.706,32.4,1752254774917
0.0,0.0,1.685,32.4,1752254775050
0.0,0.0,1.696,32.4,1752254775114
0.0,0.0,1.654,32.4,1752254775281
0.0,0.0,1.644,32.4,1752254775354
0.0,0.0,1.644,32.4,1752254775506
0.0,0.0,1.633,32.4,1752254775576
0.0,0.0,1.613,32.4,1752254775731
0.0,0.0,1.592,32.4,1752254775803
31.7083797454834,-97.18892669677734,1.592,32.4,1752254776000
0.0,0.0,1.571,32.4,1752254776397
0.0,0.0,1.581,32.4,1752254776481
0.0,0.0,1.571,32.4,1752254776632
0.0,0.0,1.581,32.4,1752254776703
0.0,0.0,1.592,32.4,1752254776850
0.0,0.0,1.561,32.4,1752254776907
0.0,0.0,1.602,32.4,1752254777037
0.0,0.0,1.581,32.4,1752254777103
0.0,0.0,1.571,32.4,1752254777265
0.0,0.0,1.571,32.4,1752254777336
0.0,0.0,1.592,32.4,1752254777487
0.0,0.0,1.592,32.4,1752254777558
0.0,0.0,1.592,32.4,1752254777712
0.0,0.0,1.561,32.4,1752254777782
31.708383560180664,-97.18891906738281,1.55,32.4,1752254778000
0.0,0.0,1.55,32.4,1752254778016
0.0,0.0,1.529,32.4,1752254778445
0.0,0.0,1.509,32.4,1752254778596
0.0,0.0,1.509,32.4,1752254778669
0.0,0.0,1.477,32.4,1752254778811
0.0,0.0,1.456,32.4,1752254778867
0.0,0.0,1.446,32.4,1752254778997
0.0,0.0,1.436,32.4,1752254779056
0.0,0.0,1.404,32.4,1752254779183
0.0,0.0,1.394,32.4,1752254779280
0.0,0.0,1.373,32.4,1752254779433
0.0,0.0,1.363,32.4,1752254779504
0.0,0.0,1.373,32.4,1752254779654
0.0,0.0,1.373,32.4,1752254779725
0.0,0.0,1.363,32.4,1752254779876
0.0,0.0,1.363,32.4,1752254779947
31.708383560180664,-97.18891143798828,1.363,32.4,1752254780000
0.0,0.0,1.384,32.4,1752254780546
0.0,0.0,1.384,32.4,1752254780617
0.0,0.0,1.394,32.4,1752254780756
0.0,0.0,1.384,32.4,1752254780815
0.0,0.0,1.384,32.4,1752254780937
0.0,0.0,1.404,32.4,1752254781004
0.0,0.0,1.394,32.4,1752254781125
0.0,0.0,1.394,32.4,1752254781210
0.0,0.0,1.384,32.4,1752254781370
0.0,0.0,1.363,32.4,1752254781441
0.0,0.0,1.352,32.4,1752254781591
0.0,0.0,1.332,32.4,1752254781662
0.0,0.0,1.311,32.4,1752254781812
31.70838737487793,-97.18891143798828,1.311,32.4,1752254782000
0.0,0.0,1.29,32.4,1752254782310
0.0,0.0,1.259,32.4,1752254782472
0.0,0.0,1.248,32.4,1752254782544
0.0,0.0,1.217,32.4,1752254782693
0.0,0.0,1.186,32.4,1752254782764
0.0,0.0,1.175,32.4,1752254782919
0.0,0.0,1.155,32.4,1752254782991
0.0,0.0,1.123,32.4,1752254783143
0.0,0.0,1.113,32.4,1752254783228
0.0,0.0,1.103,32.4,1752254783391
0.0,0.0,1.082,32.4,1752254783461
0.0,0.0,1.071,32.4,1752254783610
0.0,0.0,1.082,32.4,1752254783682
0.0,0.0,1.092,32.4,1752254783834
0.0,0.0,1.082,32.4,1752254783909
0.0,0.0,1.082,32.4,1752254784114
0.0,0.0,1.082,32.4,1752254784637
0.0,0.0,1.082,32.4,1752254784787
0.0,0.0,1.082,32.4,1752254784858
31.708389282226562,-97.18891143798828,1.082,32.4,1752254785000
0.0,0.0,1.082,32.4,1752254785007
0.0,0.0,1.082,32.4,1752254785083
0.0,0.0,1.082,32.4,1752254785247
0.0,0.0,1.071,32.4,1752254785323
0.0,0.0,1.082,32.4,1752254785473
0.0,0.0,1.082,32.4,1752254785544
0.0,0.0,1.061,32.4,1752254785692
0.0,0.0,1.051,32.4,1752254785763
0.0,0.0,1.061,32.4,1752254785915
0.0,0.0,1.082,32.4,1752254785986
31.708391189575195,-97.18890380859375,1.082,32.4,1752254786000
0.0,0.0,1.082,32.4,1752254786138
0.0,0.0,1.092,32.4,1752254786223
0.0,0.0,1.082,32.4,1752254786383
0.0,0.0,1.082,32.4,1752254786453
0.0,0.0,1.082,32.4,1752254786603
0.0,0.0,1.082,32.4,1752254786677
0.0,0.0,1.061,32.4,1752254786826
0.0,0.0,1.051,32.4,1752254786896
0.0,0.0,1.051,32.4,1752254787050
0.0,0.0,1.04,32.4,1752254787568
0.0,0.0,1.03,32.4,1752254787728
0.0,0.0,0.999,32.4,1752254787799
0.0,0.0,0.978,32.4,1752254787949
0.0,0.0,0.988,32.4,1752254788021
0.0,0.0,0.999,32.4,1752254788210
0.0,0.0,0.967,32.4,1752254788321
0.0,0.0,0.978,32.4,1752254788571
0.0,0.0,0.967,32.4,1752254789000
31.70839500427246,-97.18889617919922,0.967,32.4,1752254789000
0.0,0.0,0.957,32.4,1752254789153
0.0,0.0,0.988,32.4,1752254789244
0.0,0.0,0.967,32.4,1752254789396
0.0,0.0,0.978,32.4,1752254789470
0.0,0.0,0.988,32.4,1752254789621
0.0,0.0,0.988,32.4,1752254789682
0.0,0.0,0.978,32.4,1752254789808
0.0,0.0,0.957,32.4,1752254789865
0.0,0.0,0.926,32.4,1752254789996
31.708396911621094,-97.18889617919922,0.926,32.4,1752254790000
0.0,0.0,0.926,32.4,1752254790052
0.0,0.0,0.926,32.4,1752254790181
0.0,0.0,0.915,32.4,1752254790279
0.0,0.0,0.905,32.4,1752254790433
0.0,0.0,0.874,32.4,1752254790503
0.0,0.0,0.863,32.4,1752254790654
0.0,0.0,0.863,32.4,1752254790731
0.0,0.0,0.842,32.4,1752254790882
0.0,0.0,0.842,32.4,1752254791393
0.0,0.0,0.853,32.4,1752254791556
0.0,0.0,0.853,32.4,1752254791645
0.0,0.0,0.874,32.4,1752254791796
0.0,0.0,0.863,32.4,1752254791867
0.0,0.0,0.853,32.4,1752254792017
0.0,0.0,0.832,32.4,1752254792088
0.0,0.0,0.842,32.4,1752254792252
0.0,0.0,0.832,32.4,1752254792759
0.0,0.0,0.811,32.4,1752254792909
0.0,0.0,0.79,32.4,1752254792965
31.708398818969727,-97.18888854980469,0.79,32.4,1752254793000
0.0,0.0,0.78,32.4,1752254793095
0.0,0.0,0.759,32.4,1752254793159
0.0,0.0,0.738,32.4,1752254793307
0.0,0.0,0.718,32.4,1752254793365
0.0,0.0,0.718,32.4,1752254793490
0.0,0.0,0.718,32.4,1752254793560
0.0,0.0,0.697,32.4,1752254793681
0.0,0.0,0.707,32.4,1752254793741
0.0,0.0,0.707,32.4,1752254793877
0.0,0.0,0.686,32.4,1752254793935
31.708402633666992,-97.18888854980469,0.718,32.4,1752254794000
0.0,0.0,0.718,32.4,1752254794063
0.0,0.0,0.707,32.4,1752254794131
0.0,0.0,0.738,32.4,1752254794293
0.0,0.0,0.738,32.4,1752254794364
0.0,0.0,0.728,32.4,1752254794519
0.0,0.0,0.749,32.4,1752254794590
0.0,0.0,0.728,32.4,1752254794747
0.0,0.0,0.707,32.4,1752254794817
0.0,0.0,0.718,32.4,1752254795414
0.0,0.0,0.707,32.4,1752254795498
0.0,0.0,0.718,32.4,1752254795666
0.0,0.0,0.718,32.4,1752254795736
0.0,0.0,0.718,32.4,1752254795883
0.0,0.0,0.718,32.4,1752254795952
0.0,0.0,0.697,32.4,1752254796131
0.0,0.0,0.697,32.4,1752254796215
0.0,0.0,0.718,32.4,1752254796787
0.0,0.0,0.697,32.4,1752254796858
0.0,0.0,0.707,32.4,1752254796989
31.708406448364258,-97.18888854980469,0.707,32.4,1752254797000
0.0,0.0,0.718,32.4,1752254797049
0.0,0.0,0.707,32.4,1752254797178
0.0,0.0,0.697,32.4,1752254797258
0.0,0.0,0.686,32.4,1752254797377
0.0,0.0,0.686,32.4,1752254797436
0.0,0.0,0.676,32.4,1752254797565
0.0,0.0,0.676,32.4,1752254797622
0.0,0.0,0.686,32.4,1752254797745
0.0,0.0,0.686,32.4,1752254797811
0.0,0.0,0.686,32.4,1752254797937
0.0,0.0,0.707,32.4,1752254797996
31.70840835571289,-97.18888092041016,0.707,32.4,1752254798000
0.0,0.0,0.728,32.4,1752254798127
0.0,0.0,0.738,32.4,1752254798197
0.0,0.0,0.77,32.4,1752254798345
0.0,0.0,0.78,32.4,1752254798416
0.0,0.0,0.79,32.4,1752254798568
0.0,0.0,0.811,32.4,1752254798644
0.0,0.0,0.842,32.4,1752254798794
0.0,0.0,0.842,32.4,1752254798864
0.0,0.0,0.842,32.4,1752254799014
0.0,0.0,0.822,32.4,1752254799543
0.0,0.0,0.832,32.4,1752254799690
0.0,0.0,0.79,32.4,1752254799762
0.0,0.0,0.759,32.4,1752254799912
0.0,0.0,0.749,32.4,1752254799982
31.708412170410156,-97.18888092041016,0.749,32.4,1752254800000
0.0,0.0,0.728,32.4,1752254800132
0.0,0.0,0.738,32.4,1752254800217
0.0,0.0,0.718,32.4,1752254800806
0.0,0.0,0.718,32.4,1752254800859
0.0,0.0,0.697,32.4,1752254800974
0.0,0.0,0.686,32.4,1752254801042
0.0,0.0,0.707,32.4,1752254801165
0.0,0.0,0.718,32.4,1752254801248
0.0,0.0,0.707,32.4,1752254801398
0.0,0.0,0.718,32.4,1752254801542
0.0,0.0,0.749,32.4,1752254801644
0.0,0.0,0.738,32.4,1752254801713
0.0,0.0,0.728,32.4,1752254801860
31.708410263061523,-97.18887329101562,0.728,32.4,1752254802000
0.0,0.0,0.718,32.4,1752254802369
0.0,0.0,0.749,32.4,1752254802524
0.0,0.0,0.728,32.4,1752254802579
0.0,0.0,0.738,32.4,1752254802701
0.0,0.0,0.738,32.4,1752254802758
0.0,0.0,0.728,32.4,1752254802882
0.0,0.0,0.707,32.4,1752254802941
0.0,0.0,0.728,32.4,1752254803059
0.0,0.0,0.738,32.4,1752254803124
0.0,0.0,0.738,32.4,1752254803276
0.0,0.0,0.749,32.4,1752254803345
0.0,0.0,0.738,32.4,1752254803495
0.0,0.0,0.759,32.4,1752254803565
0.0,0.0,0.738,32.4,1752254803715
0.0,0.0,0.77,32.4,1752254803788
0.0,0.0,0.77,32.4,1752254803938
31.708412170410156,-97.1888656616211,0.77,32.4,1752254804000
0.0,0.0,0.79,32.4,1752254804452
0.0,0.0,0.79,32.4,1752254804585
0.0,0.0,0.801,32.4,1752254804640
0.0,0.0,0.79,32.4,1752254804766
0.0,0.0,0.77,32.4,1752254804822
0.0,0.0,0.77,32.4,1752254804941
0.0,0.0,0.78,32.4,1752254805007
0.0,0.0,0.79,32.4,1752254805127
0.0,0.0,0.78,32.4,1752254805209
0.0,0.0,0.79,32.4,1752254805365
0.0,0.0,0.749,32.4,1752254805438
0.0,0.0,0.738,32.4,1752254805585
0.0,0.0,0.738,32.4,1752254805656
0.0,0.0,0.728,32.4,1752254805802
0.0,0.0,0.718,32.4,1752254805954
31.70840835571289,-97.18885803222656,0.718,32.4,1752254806000
0.0,0.0,0.718,32.4,1752254806454
0.0,0.0,0.718,32.4,1752254806523
0.0,0.0,0.718,32.4,1752254806635
0.0,0.0,0.707,32.4,1752254806700
0.0,0.0,0.697,32.4,1752254806815
0.0,0.0,0.676,32.4,1752254806880
0.0,0.0,0.686,32.4,1752254807004
0.0,0.0,0.697,32.4,1752254807061
0.0,0.0,0.718,32.4,1752254807206
0.0,0.0,0.728,32.4,1752254807287
0.0,0.0,0.738,32.4,1752254807430
0.0,0.0,0.749,32.4,1752254807501
0.0,0.0,0.749,32.4,1752254807645
0.0,0.0,0.77,32.4,1752254807714
0.0,0.0,0.77,32.4,1752254807861
31.708404541015625,-97.18885040283203,0.77,32.4,1752254808000
0.0,0.0,0.759,32.4,1752254808376
0.0,0.0,0.79,32.4,1752254808508
0.0,0.0,0.811,32.4,1752254808566
0.0,0.0,0.801,32.4,1752254808688
0.0,0.0,0.832,32.4,1752254808746
0.0,0.0,0.832,32.4,1752254808862
0.0,0.0,0.842,32.4,1752254808926
0.0,0.0,0.853,32.4,1752254809044
0.0,0.0,0.863,32.4,1752254809103
0.0,0.0,0.884,32.4,1752254809264
0.0,0.0,0.905,32.4,1752254809339
0.0,0.0,0.926,32.4,1752254809483
0.0,0.0,0.957,32.4,1752254809554
0.0,0.0,0.947,32.4,1752254809700
0.0,0.0,0.957,32.4,1752254809771
0.0,0.0,0.978,32.4,1752254809917
0.0,0.0,0.978,32.4,1752254810446
0.0,0.0,0.988,32.4,1752254810576
0.0,0.0,0.999,32.4,1752254810630
0.0,0.0,0.999,32.4,1752254810750
0.0,0.0,1.009,32.4,1752254810808
0.0,0.0,0.999,32.4,1752254810923
0.0,0.0,0.999,32.4,1752254810989
31.708410263061523,-97.1888427734375,0.999,32.4,1752254811000
0.0,0.0,0.999,32.4,1752254811105
0.0,0.0,0.988,32.4,1752254811169
0.0,0.0,0.999,32.4,1752254811344
0.0,0.0,1.009,32.4,1752254811390
0.0,0.0,1.019,32.4,1752254811516
0.0,0.0,0.999,32.4,1752254811574
0.0,0.0,0.999,32.4,1752254811695
0.0,0.0,1.009,32.4,1752254811827
0.0,0.0,0.79,33.0,1752254837612
0.0,0.0,0.77,33.0,1752254837916
0.0,0.0,0.79,33.0,1752254838202
31.70850944519043,-97.18863677978516,0.822,33.0,1752254839000
0.0,0.0,0.822,33.0,1752254839066
0.0,0.0,0.842,33.0,1752254839666
0.0,0.0,0.884,33.0,1752254839971
31.70850944519043,-97.18864440917969,0.884,33.0,1752254840000
0.0,0.0,1.03,33.0,1752254840566
0.0,0.0,1.009,33.0,1752254840882
0.0,0.0,0.988,33.0,1752254841849
0.0,0.0,0.988,33.0,1752254842199
0.0,0.0,0.988,33.0,1752254842558
0.0,0.0,0.967,33.0,1752254843362
0.0,0.0,0.957,33.0,1752254843656
31.708505630493164,-97.18865966796875,0.947,33.0,1752254844000
0.0,0.0,0.947,33.0,1752254844222
0.0,0.0,0.926,33.2,1752254844530
0.0,0.0,0.874,33.2,1752254844869
0.0,0.0,0.842,33.2,1752254845224
0.0,0.0,0.801,33.2,1752254845558
0.0,0.0,0.634,33.2,1752254846666
0.0,0.0,0.655,33.2,1752254846966
31.708494186401367,-97.18866729736328,0.655,33.2,1752254847000
0.0,0.0,0.697,33.2,1752254847300
0.0,0.0,0.718,33.2,1752254847607
0.0,0.0,0.78,33.2,1752254847924
0.0,0.0,0.842,33.2,1752254848279
0.0,0.0,0.895,33.2,1752254848617
0.0,0.0,0.967,33.2,1752254848975
0.0,0.0,1.03,33.2,1752254849784
31.708480834960938,-97.1886978149414,1.123,33.2,1752254850000
0.0,0.0,1.123,33.2,1752254850118
0.0,0.0,1.186,33.2,1752254850438
0.0,0.0,1.259,33.2,1752254850757
0.0,0.0,1.373,33.2,1752254851074
0.0,0.0,1.384,33.2,1752254851119
0.0,0.0,1.363,33.2,1752254851298
0.0,0.0,1.363,33.2,1752254851369
0.0,0.0,1.332,33.2,1752254851518
0.0,0.0,1.28,33.2,1752254851588
0.0,0.0,1.228,33.2,1752254851755
0.0,0.0,1.165,33.2,1752254851828
31.708467483520508,-97.18870544433594,1.165,33.2,1752254852000
0.0,0.0,1.051,33.2,1752254852422
0.0,0.0,1.009,33.2,1752254852506
0.0,0.0,0.978,33.2,1752254852660
0.0,0.0,0.936,33.2,1752254852734
0.0,0.0,0.926,33.2,1752254852865
0.0,0.0,0.926,33.2,1752254852926
0.0,0.0,0.936,33.2,1752254853055
0.0,0.0,0.936,33.2,1752254853122
0.0,0.0,0.947,33.2,1752254853289
0.0,0.0,0.957,33.2,1752254853360
0.0,0.0,0.967,33.2,1752254853515
0.0,0.0,0.988,33.2,1752254853586
0.0,0.0,1.009,33.2,1752254853737
0.0,0.0,1.009,33.2,1752254853808
31.70846176147461,-97.18871307373047,1.009,33.2,1752254854000
0.0,0.0,1.009,33.2,1752254854406
0.0,0.0,1.009,33.2,1752254854490
0.0,0.0,1.009,33.2,1752254854641
0.0,0.0,0.978,33.2,1752254854707
0.0,0.0,0.957,33.2,1752254854839
0.0,0.0,0.926,33.2,1752254854899
0.0,0.0,0.926,33.2,1752254855022
0.0,0.0,0.915,33.2,1752254855170
0.0,0.0,0.936,33.2,1752254855244
0.0,0.0,0.915,33.2,1752254855396
0.0,0.0,0.915,33.2,1752254855467
0.0,0.0,0.957,33.2,1752254855618
0.0,0.0,0.967,33.2,1752254855859
31.708454132080078,-97.18871307373047,0.967,33.2,1752254856000
0.0,0.0,1.009,33.2,1752254856371
0.0,0.0,0.988,33.2,1752254856525
0.0,0.0,0.978,33.2,1752254856596
0.0,0.0,0.967,33.2,1752254856724
0.0,0.0,0.978,33.2,1752254856786
0.0,0.0,0.957,33.2,1752254856915
0.0,0.0,0.936,33.2,1752254856973
0.0,0.0,0.884,33.2,1752254857098
0.0,0.0,0.863,33.2,1752254857169
0.0,0.0,0.842,33.2,1752254857332
0.0,0.0,0.78,33.2,1752254857402
0.0,0.0,0.77,33.2,1752254857554
0.0,0.0,0.707,33.2,1752254857625
0.0,0.0,0.707,33.2,1752254857779
0.0,0.0,0.738,33.2,1752254857850
31.70844268798828,-97.188720703125,0.749,33.2,1752254858000
0.0,0.0,0.749,33.2,1752254858004
0.0,0.0,0.749,33.2,1752254858531
0.0,0.0,0.749,33.2,1752254858682
0.0,0.0,0.801,33.2,1752254858743
0.0,0.0,0.842,33.2,1752254858865
0.0,0.0,0.853,33.2,1752254858922
0.0,0.0,0.895,33.2,1752254859051
0.0,0.0,0.936,33.2,1752254859108
0.0,0.0,0.926,33.2,1752254859271
0.0,0.0,0.947,33.2,1752254859344
0.0,0.0,0.926,33.2,1752254859495
0.0,0.0,0.884,33.2,1752254859567
0.0,0.0,0.842,33.2,1752254859718
0.0,0.0,0.822,33.2,1752254859790
31.70844078063965,-97.18873596191406,0.822,33.2,1752254860000
0.0,0.0,0.822,33.2,1752254860385
0.0,0.0,0.759,33.2,1752254860469
0.0,0.0,0.718,33.2,1752254860633
0.0,0.0,0.707,33.2,1752254860683
0.0,0.0,0.676,33.2,1752254860815
0.0,0.0,0.655,33.2,1752254860872
0.0,0.0,0.655,33.2,1752254860937
0.0,0.0,0.655,33.2,1752254860993
31.708438873291016,-97.1887435913086,0.655,33.2,1752254861000
0.0,0.0,0.666,33.2,1752254861037
0.0,0.0,0.676,33.2,1752254861103
0.0,0.0,0.707,33.2,1752254861208
0.0,0.0,0.728,33.2,1752254861302
0.0,0.0,0.728,33.2,1752254861425
0.0,0.0,0.77,33.2,1752254861643
0.0,0.0,0.78,33.2,1752254861671
0.0,0.0,0.79,33.2,1752254861775
0.0,0.0,0.801,33.2,1752254861937
0.0,0.0,0.811,33.2,1752254862452
0.0,0.0,0.832,33.2,1752254862609
0.0,0.0,0.822,33.2,1752254862649
0.0,0.0,0.822,33.2,1752254862759
0.0,0.0,0.79,33.2,1752254862908
0.0,0.0,0.77,33.2,1752254862977
0.0,0.0,0.749,33.2,1752254863128
0.0,0.0,0.749,33.2,1752254863211
0.0,0.0,0.718,33.2,1752254863365
0.0,0.0,0.707,33.2,1752254863862
0.0,0.0,0.686,33.2,1752254863981
0.0,0.0,0.686,33.2,1752254864039
0.0,0.0,0.655,33.2,1752254864105
0.0,0.0,0.645,33.2,1752254864165
0.0,0.0,0.645,33.2,1752254864210
0.0,0.0,0.624,33.2,1752254864282
0.0,0.0,0.624,33.2,1752254864386
0.0,0.0,0.624,33.2,1752254864451
0.0,0.0,0.624,33.2,1752254864485
0.0,0.0,0.624,33.2,1752254864592
0.0,0.0,0.655,33.2,1752254864656
0.0,0.0,0.686,33.2,1752254864689
0.0,0.0,0.686,33.2,1752254864792
0.0,0.0,0.686,33.2,1752254864861
0.0,0.0,0.718,33.2,1752254864895
0.0,0.0,0.718,33.2,1752254864997
31.70842742919922,-97.18877410888672,0.718,33.2,1752254865000
0.0,0.0,0.707,33.2,1752254865067
0.0,0.0,0.697,33.2,1752254865101
0.0,0.0,0.686,33.2,1752254865220
0.0,0.0,0.676,33.2,1752254865291
0.0,0.0,0.676,33.2,1752254865328
0.0,0.0,0.676,33.2,1752254865393
0.0,0.0,0.645,33.2,1752254865497
0.0,0.0,0.614,33.2,1752254865565
0.0,0.0,0.614,33.2,1752254865599
0.0,0.0,0.624,33.2,1752254865671
0.0,0.0,0.603,33.2,1752254865769
0.0,0.0,0.614,33.2,1752254865840
0.0,0.0,0.614,33.2,1752254865877
0.0,0.0,0.624,33.2,1752254865942
31.70842742919922,-97.18878173828125,0.634,33.2,1752254866000
0.0,0.0,0.634,33.2,1752254866046
0.0,0.0,0.634,33.2,1752254866128
0.0,0.0,0.645,33.2,1752254866175
0.0,0.0,0.634,33.2,1752254866266
0.0,0.0,0.645,33.2,1752254866382
0.0,0.0,0.655,33.2,1752254866469
0.0,0.0,0.655,33.2,1752254866550
0.0,0.0,0.645,33.2,1752254866594
0.0,0.0,0.645,33.2,1752254866671
0.0,0.0,0.645,33.2,1752254866794
0.0,0.0,0.634,33.2,1752254866881
31.70842933654785,-97.18878936767578,0.634,33.2,1752254867000
0.0,0.0,0.624,33.2,1752254867405
0.0,0.0,0.614,33.2,1752254867459
0.0,0.0,0.593,33.2,1752254867543
0.0,0.0,0.593,33.2,1752254867659
0.0,0.0,0.593,33.2,1752254867752
0.0,0.0,0.603,33.2,1752254867835
0.0,0.0,0.614,33.2,1752254867879
0.0,0.0,0.614,33.2,1752254867960
0.0,0.0,0.614,33.2,1752254868075
0.0,0.0,0.634,33.2,1752254868161
0.0,0.0,0.624,33.2,1752254868250
0.0,0.0,0.624,33.2,1752254868293
0.0,0.0,0.614,33.2,1752254868390
0.0,0.0,0.624,33.2,1752254868919
0.0,0.0,0.624,33.2,1752254869006
0.0,0.0,0.624,33.2,1752254869581
0.0,0.0,0.624,33.2,1752254869737
0.0,0.0,0.603,33.2,1752254869810
0.0,0.0,0.593,33.2,1752254869962
31.708431243896484,-97.18880462646484,0.593,33.2,1752254870000
0.0,0.0,0.593,33.2,1752254870003
0.0,0.0,0.593,33.2,1752254870116
0.0,0.0,0.593,33.2,1752254870201
0.0,0.0,0.593,33.2,1752254870264
0.0,0.0,0.593,33.2,1752254870368
0.0,0.0,0.614,33.2,1752254870430
0.0,0.0,0.624,33.2,1752254870519
0.0,0.0,0.634,33.2,1752254870648
0.0,0.0,0.655,33.2,1752254870685
0.0,0.0,0.655,33.2,1752254870781
0.0,0.0,0.666,33.2,1752254870910
0.0,0.0,0.666,33.2,1752254870945
0.0,0.0,0.666,33.2,1752254871044
0.0,0.0,0.666,33.2,1752254871171
0.0,0.0,0.666,33.2,1752254871262
0.0,0.0,0.666,33.2,1752254871414
0.0,0.0,0.676,33.2,1752254871486
0.0,0.0,0.666,33.2,1752254871634
0.0,0.0,0.645,33.2,1752254871705
0.0,0.0,0.655,33.2,1752254871854
31.70842933654785,-97.18881225585938,0.624,33.2,1752254872000
0.0,0.0,0.624,33.2,1752254872010
0.0,0.0,0.603,33.2,1752254872510
0.0,0.0,0.603,33.2,1752254872583
0.0,0.0,0.614,33.2,1752254872728
0.0,0.0,0.603,33.2,1752254872874
0.0,0.0,0.603,33.2,1752254872926
0.0,0.0,0.603,33.2,1752254873049
0.0,0.0,0.603,33.2,1752254873232
0.0,0.0,0.593,33.2,1752254873291
0.0,0.0,0.603,33.2,1752254873439
0.0,0.0,0.614,33.2,1752254873511
0.0,0.0,0.603,33.2,1752254873659
0.0,0.0,0.624,33.2,1752254873729
0.0,0.0,0.655,33.2,1752254873878
0.0,0.0,0.666,33.2,1752254874394
0.0,0.0,0.676,33.2,1752254874544
0.0,0.0,0.686,33.2,1752254874599
0.0,0.0,0.728,33.2,1752254874724
0.0,0.0,0.749,33.2,1752254874783
0.0,0.0,0.759,33.2,1752254874907
0.0,0.0,0.811,33.2,1752254874965
31.708425521850586,-97.18883514404297,0.811,33.2,1752254875000
0.0,0.0,0.832,33.2,1752254875087
0.0,0.0,0.853,33.2,1752254875156
0.0,0.0,0.874,33.2,1752254875292
0.0,0.0,0.915,33.2,1752254875351
0.0,0.0,0.947,33.2,1752254875481
0.0,0.0,0.957,33.2,1752254875542
0.0,0.0,1.009,33.2,1752254875670
0.0,0.0,1.04,33.2,1752254875736
0.0,0.0,1.061,33.2,1752254875860
0.0,0.0,1.082,33.2,1752254875923
0.0,0.0,1.113,33.2,1752254876053
0.0,0.0,1.134,33.2,1752254876114
0.0,0.0,1.175,33.2,1752254876281
0.0,0.0,1.207,33.2,1752254876352
0.0,0.0,1.238,33.2,1752254876505
0.0,0.0,1.259,33.2,1752254876577
0.0,0.0,1.269,33.2,1752254876728
0.0,0.0,1.3,33.2,1752254876801
31.70842170715332,-97.18885040283203,1.3,33.2,1752254877000
0.0,0.0,1.311,33.2,1752254877391
0.0,0.0,1.332,33.2,1752254877473
0.0,0.0,1.342,33.2,1752254877622
0.0,0.0,1.373,33.2,1752254877688
0.0,0.0,1.373,33.2,1752254877810
0.0,0.0,1.404,33.2,1752254877876
0.0,0.0,1.404,33.2,1752254877996
0.0,0.0,1.404,33.2,1752254878054
0.0,0.0,1.415,33.2,1752254878181
0.0,0.0,1.436,33.2,1752254878268
0.0,0.0,1.456,33.2,1752254878419
0.0,0.0,1.467,33.2,1752254878489
0.0,0.0,1.488,33.2,1752254878641
0.0,0.0,1.509,33.2,1752254878711
0.0,0.0,1.529,33.2,1752254878863
31.708412170410156,-97.18885040283203,1.54,33.2,1752254879000
0.0,0.0,1.54,33.2,1752254879015
0.0,0.0,1.561,33.2,1752254879510
0.0,0.0,1.571,33.2,1752254879581
0.0,0.0,1.571,33.2,1752254879702
0.0,0.0,1.592,33.2,1752254879765
0.0,0.0,1.592,33.2,1752254879882
0.0,0.0,1.602,33.2,1752254879939
0.0,0.0,1.602,33.2,1752254880068
0.0,0.0,1.613,33.2,1752254880125
0.0,0.0,1.613,33.2,1752254880282
0.0,0.0,1.623,33.2,1752254880353
0.0,0.0,1.633,33.2,1752254880501
0.0,0.0,1.633,33.2,1752254880571
0.0,0.0,1.644,33.2,1752254880721
0.0,0.0,1.665,33.2,1752254880792
0.0,0.0,1.675,33.2,1752254880940
31.708410263061523,-97.18885803222656,1.675,33.2,1752254881000
0.0,0.0,1.675,33.2,1752254881465
0.0,0.0,1.675,33.2,1752254881597
0.0,0.0,1.685,33.2,1752254881656
0.0,0.0,1.696,33.2,1752254881772
0.0,0.0,1.706,33.2,1752254881838
0.0,0.0,1.717,33.2,1752254881958
0.0,0.0,1.706,33.0,1752254882024
0.0,0.0,1.717,33.0,1752254882171
0.0,0.0,1.706,33.0,1752254882254
0.0,0.0,1.717,33.0,1752254882405
0.0,0.0,1.717,33.0,1752254882475
0.0,0.0,1.717,33.0,1752254882625
0.0,0.0,1.717,33.0,1752254882695
0.0,0.0,1.737,33.0,1752254882843
0.0,0.0,1.737,33.0,1752254882914
31.708406448364258,-97.18887329101562,1.737,33.0,1752254883000
0.0,0.0,1.737,33.0,1752254883518
0.0,0.0,1.727,33.0,1752254883589
0.0,0.0,1.737,33.0,1752254883718
0.0,0.0,1.737,33.0,1752254883775
0.0,0.0,1.748,33.0,1752254883893
0.0,0.0,1.758,33.0,1752254883961
31.708393096923828,-97.1888656616211,1.758,33.0,1752254884000
0.0,0.0,1.748,33.0,1752254884080
0.0,0.0,1.748,33.0,1752254884139
0.0,0.0,1.748,33.0,1752254884311
0.0,0.0,1.748,33.0,1752254884384
0.0,0.0,1.737,33.0,1752254884532
0.0,0.0,1.727,33.0,1752254884603
0.0,0.0,1.737,33.0,1752254884753
0.0,0.0,1.727,33.0,1752254884827
0.0,0.0,1.727,33.0,1752254884976
0.0,0.0,1.727,33.0,1752254885508
0.0,0.0,1.706,33.0,1752254885633
0.0,0.0,1.696,33.0,1752254885712
0.0,0.0,1.706,33.0,1752254885864
0.0,0.0,1.706,33.0,1752254885911
0.0,0.0,1.706,33.0,1752254886038
0.0,0.0,1.706,33.0,1752254886091
0.0,0.0,1.696,33.0,1752254886130
0.0,0.0,1.685,33.0,1752254886256
0.0,0.0,1.685,33.0,1752254886671
31.708385467529297,-97.18887329101562,1.665,33.0,1752254887000
0.0,0.0,1.665,33.0,1752254887163
0.0,0.0,1.644,33.0,1752254887330
0.0,0.0,1.644,33.0,1752254887405
0.0,0.0,1.633,33.0,1752254887557
0.0,0.0,1.623,33.0,1752254887630
0.0,0.0,1.602,33.0,1752254887784
0.0,0.0,1.592,33.0,1752254887858
0.0,0.0,1.581,33.0,1752254888010
0.0,0.0,1.561,33.0,1752254888088
0.0,0.0,1.571,33.0,1752254888242
0.0,0.0,1.561,33.0,1752254888317
0.0,0.0,1.54,33.0,1752254888471
0.0,0.0,1.561,33.0,1752254888597
0.0,0.0,1.561,33.0,1752254888702
0.0,0.0,1.571,33.0,1752254888779
31.708389282226562,-97.18888092041016,1.571,33.0,1752254889000
0.0,0.0,1.581,33.0,1752254889380
0.0,0.0,1.592,33.0,1752254889459
0.0,0.0,1.613,33.0,1752254889851
0.0,0.0,1.633,33.0,1752254889858
0.0,0.0,1.644,33.0,1752254889870
0.0,0.0,1.665,33.0,1752254889877
0.0,0.0,1.665,33.0,1752254889880
0.0,0.0,1.675,33.0,1752254889896
0.0,0.0,1.706,33.0,1752254889896
0.0,0.0,1.696,33.0,1752254889913
0.0,0.0,1.706,33.0,1752254889914
0.0,0.0,1.706,33.0,1752254889944
0.0,0.0,1.696,33.0,1752254889951
0.0,0.0,1.706,33.0,1752254889956
0.0,0.0,1.696,33.0,1752254889967
0.0,0.0,1.685,33.0,1752254889970
0.0,0.0,1.675,33.0,1752254889993
31.708391189575195,-97.18888092041016,1.675,33.0,1752254890000
31.708396911621094,-97.18888854980469,1.675,33.0,1752254890000
0.0,0.0,1.675,33.0,1752254890004
0.0,0.0,1.685,33.0,1752254890036
0.0,0.0,1.685,33.0,1752254890068
0.0,0.0,1.685,33.0,1752254890076
0.0,0.0,1.685,33.0,1752254890079
0.0,0.0,1.696,33.0,1752254890090
0.0,0.0,1.696,33.0,1752254890098
0.0,0.0,1.696,33.0,1752254890105
0.0,0.0,1.717,33.0,1752254890122
0.0,0.0,1.727,33.0,1752254890130
0.0,0.0,1.748,33.0,1752254890134
0.0,0.0,1.758,33.0,1752254890220
0.0,0.0,1.769,33.0,1752254890304
0.0,0.0,1.769,33.0,1752254890409
0.0,0.0,1.769,33.0,1752254890428
0.0,0.0,1.769,33.0,1752254890475
0.0,0.0,1.779,33.0,1752254890492
0.0,0.0,1.779,33.0,1752254890543
0.0,0.0,1.779,33.0,1752254890557
0.0,0.0,1.769,33.0,1752254890584
0.0,0.0,1.779,33.0,1752254890592
0.0,0.0,1.769,33.0,1752254890643
0.0,0.0,1.769,33.0,1752254890655
0.0,0.0,1.769,33.0,1752254890691
0.0,0.0,1.769,33.0,1752254890707
0.0,0.0,1.769,33.0,1752254890768
0.0,0.0,1.758,33.0,1752254890795
0.0,0.0,1.769,33.0,1752254890885
0.0,0.0,1.769,33.0,1752254890895
0.0,0.0,1.769,33.0,1752254890932
0.0,0.0,1.758,33.0,1752254890960
0.0,0.0,1.758,33.0,1752254890984
31.708404541015625,-97.18889617919922,1.758,33.0,1752254891000
31.70841407775879,-97.18889617919922,1.758,33.0,1752254891000
0.0,0.0,1.758,33.0,1752254891004
0.0,0.0,1.758,33.0,1752254891039
0.0,0.0,1.748,33.0,1752254891135
0.0,0.0,1.737,33.0,1752254891163
0.0,0.0,1.737,33.0,1752254891305
0.0,0.0,1.727,33.0,1752254891325
0.0,0.0,1.727,33.0,1752254891375
0.0,0.0,1.717,33.0,1752254891400
0.0,0.0,1.717,33.0,1752254891440
0.0,0.0,1.706,33.0,1752254891468
0.0,0.0,1.706,33.0,1752254891522
0.0,0.0,1.685,33.0,1752254891562
0.0,0.0,1.675,33.0,1752254891573
0.0,0.0,1.675,33.0,1752254891598
0.0,0.0,1.654,33.0,1752254891614
0.0,0.0,1.644,33.0,1752254891627
0.0,0.0,1.623,33.0,1752254891681
0.0,0.0,1.613,33.0,1752254891702
0.0,0.0,1.592,33.0,1752254891719
0.0,0.0,1.571,33.0,1752254891751
0.0,0.0,1.54,33.0,1752254891773
0.0,0.0,1.519,33.0,1752254891783
0.0,0.0,1.488,33.0,1752254891802
0.0,0.0,1.477,33.0,1752254891818
0.0,0.0,1.456,33.0,1752254891845
0.0,0.0,1.436,33.0,1752254891849
0.0,0.0,1.415,33.0,1752254891888
0.0,0.0,1.394,33.0,1752254891922
0.0,0.0,1.384,33.0,1752254891939
0.0,0.0,1.384,33.0,1752254891986
31.70842170715332,-97.18890380859375,1.394,33.0,1752254892000
31.70842742919922,-97.18890380859375,1.394,33.0,1752254892000
0.0,0.0,1.394,33.0,1752254892007
0.0,0.0,1.394,33.0,1752254892038
0.0,0.0,1.384,33.0,1752254892125
0.0,0.0,1.352,33.0,1752254892217
0.0,0.0,1.332,33.0,1752254892277
0.0,0.0,1.311,33.0,1752254892317
0.0,0.0,1.29,33.0,1752254892326
0.0,0.0,1.269,33.0,1752254892348
0.0,0.0,1.238,33.0,1752254892466
0.0,0.0,1.228,33.0,1752254892493
0.0,0.0,1.186,33.0,1752254892536
0.0,0.0,1.144,33.0,1752254892555
0.0,0.0,1.092,33.0,1752254892583
0.0,0.0,1.071,33.0,1752254892601
0.0,0.0,1.04,33.0,1752254892629
0.0,0.0,1.04,33.0,1752254892639
0.0,0.0,1.03,33.0,1752254892672
0.0,0.0,0.999,33.0,1752254892683
0.0,0.0,0.988,33.0,1752254892715
0.0,0.0,0.967,33.0,1752254892742
0.0,0.0,0.936,33.0,1752254892758
0.0,0.0,0.895,33.0,1752254892785
0.0,0.0,0.884,33.0,1752254892867
0.0,0.0,0.863,33.0,1752254892878
0.0,0.0,0.863,33.0,1752254892918
0.0,0.0,0.853,33.0,1752254892928
0.0,0.0,0.842,33.0,1752254892959
0.0,0.0,0.822,33.0,1752254892970
31.708433151245117,-97.18889617919922,0.801,33.0,1752254893000
0.0,0.0,0.801,33.0,1752254893008
0.0,0.0,0.79,33.0,1752254893034
0.0,0.0,0.78,33.0,1752254893118
0.0,0.0,0.79,33.0,1752254893160
0.0,0.0,0.78,33.0,1752254893288
0.0,0.0,0.79,33.0,1752254893301
0.0,0.0,0.811,33.0,1752254893356
0.0,0.0,0.822,33.0,1752254893369
0.0,0.0,0.822,33.0,1752254893404
0.0,0.0,0.832,33.0,1752254893489
0.0,0.0,0.822,33.0,1752254893499
0.0,0.0,0.822,33.0,1752254893533
0.0,0.0,0.832,33.0,1752254893542
0.0,0.0,0.822,33.0,1752254893577
0.0,0.0,0.801,33.0,1752254893592
0.0,0.0,0.79,33.0,1752254895998
31.708438873291016,-97.18889617919922,0.79,33.0,1752254896000
31.70844078063965,-97.18889617919922,0.79,33.0,1752254896000
0.0,0.0,0.78,33.0,1752254896108
0.0,0.0,0.77,33.0,1752254896228
0.0,0.0,0.749,33.0,1752254896286
0.0,0.0,0.749,33.0,1752254896318
0.0,0.0,0.738,33.0,1752254896346
0.0,0.0,0.728,33.0,1752254896355
0.0,0.0,0.749,33.0,1752254896385
0.0,0.0,0.759,33.0,1752254896431
0.0,0.0,0.77,33.0,1752254896469
0.0,0.0,0.77,33.0,1752254896490
0.0,0.0,0.78,33.0,1752254896500
0.0,0.0,0.801,33.0,1752254896536
0.0,0.0,0.801,33.0,1752254896551
0.0,0.0,0.79,33.0,1752254896574
0.0,0.0,0.79,33.0,1752254896587
0.0,0.0,0.79,33.0,1752254896595
0.0,0.0,0.801,33.0,1752254896623
0.0,0.0,0.811,33.0,1752254896646
0.0,0.0,0.801,33.0,1752254896655
0.0,0.0,0.801,33.0,1752254896687
0.0,0.0,0.78,33.0,1752254896706
0.0,0.0,0.811,33.0,1752254896715
0.0,0.0,0.811,33.0,1752254896785
0.0,0.0,0.801,33.0,1752254896801
0.0,0.0,0.811,33.0,1752254896832
0.0,0.0,0.822,33.0,1752254896841
0.0,0.0,0.832,33.0,1752254896861
0.0,0.0,0.842,33.0,1752254896892
0.0,0.0,0.853,33.0,1752254896901
0.0,0.0,0.863,33.0,1752254896940
0.0,0.0,0.863,33.0,1752254896949
0.0,0.0,0.884,33.0,1752254896980
0.0,0.0,0.915,33.0,1752254896989
31.708444595336914,-97.18889617919922,0.915,33.0,1752254897000
0.0,0.0,0.895,33.0,1752254897039
0.0,0.0,0.905,33.0,1752254897059
0.0,0.0,0.905,33.0,1752254897137
0.0,0.0,0.926,33.0,1752254897252
0.0,0.0,0.926,33.0,1752254897646
0.0,0.0,0.926,33.0,1752254897672
0.0,0.0,0.926,33.0,1752254897702
0.0,0.0,0.926,33.0,1752254897714
0.0,0.0,0.936,33.0,1752254897759
0.0,0.0,0.926,33.0,1752254897785
0.0,0.0,0.926,33.0,1752254897796
0.0,0.0,0.926,33.0,1752254897834
0.0,0.0,0.936,33.0,1752254897855
0.0,0.0,0.936,33.0,1752254897892
0.0,0.0,0.936,33.0,1752254897913
0.0,0.0,0.947,33.0,1752254897926
0.0,0.0,0.936,33.0,1752254897966
0.0,0.0,0.936,33.0,1752254897985
31.708450317382812,-97.18889617919922,0.936,33.0,1752254898000
31.708454132080078,-97.18889617919922,0.936,33.0,1752254898000
0.0,0.0,0.926,33.0,1752254898114
0.0,0.0,0.936,33.0,1752254898168
0.0,0.0,0.915,33.0,1752254898316
0.0,0.0,0.926,32.8,1752254898475
0.0,0.0,0.915,32.8,1752254898605
0.0,0.0,0.905,32.8,1752254898623
0.0,0.0,0.895,32.8,1752254898682
0.0,0.0,0.895,32.8,1752254898708
0.0,0.0,0.863,32.8,1752254898749
0.0,0.0,0.863,32.8,1752254898769
0.0,0.0,0.863,32.8,1752254898807
0.0,0.0,0.842,32.8,1752254898827
0.0,0.0,0.832,32.8,1752254898868
0.0,0.0,0.811,32.8,1752254898903
0.0,0.0,0.822,32.8,1752254898930
0.0,0.0,0.79,32.8,1752254898965
31.70845603942871,-97.18889617919922,0.801,32.8,1752254899000
31.70845603942871,-97.18889617919922,0.801,32.8,1752254899000
0.0,0.0,0.801,32.8,1752254899009
0.0,0.0,0.801,32.8,1752254899020
0.0,0.0,0.811,32.8,1752254899167
0.0,0.0,0.801,32.8,1752254899273
0.0,0.0,0.832,32.8,1752254899294
0.0,0.0,0.811,32.8,1752254899345
0.0,0.0,0.801,32.8,1752254899365
0.0,0.0,0.811,32.8,1752254899387
0.0,0.0,0.822,32.8,1752254899408
0.0,0.0,0.822,32.8,1752254899422
0.0,0.0,0.811,32.8,1752254899444
0.0,0.0,0.822,32.8,1752254899454
0.0,0.0,0.811,32.8,1752254899499
0.0,0.0,0.801,32.8,1752254899599
0.0,0.0,0.79,32.8,1752254899672
0.0,0.0,0.801,32.8,1752254899692
0.0,0.0,0.822,32.8,1752254899699
0.0,0.0,0.832,32.8,1752254899721
0.0,0.0,0.842,32.8,1752254899731
0.0,0.0,0.842,32.8,1752254899755
0.0,0.0,0.874,32.8,1752254899786
0.0,0.0,0.895,32.8,1752254899801
0.0,0.0,0.874,32.8,1752254899821
0.0,0.0,0.863,32.8,1752254899858
0.0,0.0,0.832,32.8,1752254899867
0.0,0.0,0.822,32.8,1752254899902
0.0,0.0,0.832,32.8,1752254899937
0.0,0.0,0.811,32.8,1752254899946
31.70845603942871,-97.18888854980469,0.79,32.8,1752254900000
31.708457946777344,-97.18888854980469,0.79,32.8,1752254900000
0.0,0.0,0.79,32.8,1752254900017
0.0,0.0,0.77,32.8,1752254900061
0.0,0.0,0.759,32.8,1752254900169
0.0,0.0,0.759,32.8,1752254900206
0.0,0.0,0.697,32.8,1752254900223
0.0,0.0,0.686,32.8,1752254900255
0.0,0.0,0.707,32.8,1752254900281
0.0,0.0,0.738,32.8,1752254900309
0.0,0.0,0.749,32.8,1752254900319
0.0,0.0,0.759,32.8,1752254900360
0.0,0.0,0.759,32.8,1752254900376
0.0,0.0,0.801,32.8,1752254900398
0.0,0.0,0.822,32.8,1752254900497
0.0,0.0,0.853,32.8,1752254900510
0.0,0.0,0.842,32.8,1752254900550
0.0,0.0,0.853,32.8,1752254900578
0.0,0.0,0.884,32.8,1752254900598
0.0,0.0,0.915,32.8,1752254900607
0.0,0.0,0.895,32.8,1752254900638
0.0,0.0,0.895,32.8,1752254900652
0.0,0.0,0.884,32.8,1752254900670
0.0,0.0,0.884,32.8,1752254900679
0.0,0.0,0.874,32.8,1752254900713
0.0,0.0,0.853,32.8,1752254900744
0.0,0.0,0.822,32.8,1752254900764
0.0,0.0,0.811,32.8,1752254900774
0.0,0.0,0.832,32.8,1752254900807
0.0,0.0,0.832,32.8,1752254900866
0.0,0.0,0.822,32.8,1752254900876
0.0,0.0,0.832,32.8,1752254900916
0.0,0.0,0.842,32.8,1752254900926
0.0,0.0,0.853,32.8,1752254900958
0.0,0.0,0.874,32.8,1752254900968
0.0,0.0,0.842,32.8,1752254901012
0.0,0.0,0.842,32.8,1752254901037
31.70845603942871,-97.18888854980469,0.853,32.8,1752254903000
0.0,0.0,0.853,32.8,1752254903428
0.0,0.0,0.853,32.8,1752254903731
0.0,0.0,0.853,32.8,1752254903748
0.0,0.0,0.842,32.8,1752254903779
0.0,0.0,0.842,32.8,1752254903798
0.0,0.0,0.853,32.8,1752254903807
0.0,0.0,0.842,32.8,1752254903854
0.0,0.0,0.863,32.8,1752254903881
0.0,0.0,0.863,32.8,1752254903890
0.0,0.0,0.842,32.8,1752254903921
0.0,0.0,0.874,32.8,1752254903941
0.0,0.0,0.863,32.8,1752254903950
0.0,0.0,0.863,32.8,1752254903980
0.0,0.0,0.853,32.8,1752254903989
31.708454132080078,-97.18888854980469,0.853,32.8,1752254904000
31.708454132080078,-97.18888854980469,0.853,32.8,1752254904000
31.708454132080078,-97.18888092041016,0.853,32.8,1752254904000
0.0,0.0,0.842,32.8,1752254904034
0.0,0.0,0.863,32.8,1752254904043
0.0,0.0,0.874,32.8,1752254904102
0.0,0.0,0.884,32.8,1752254904162
0.0,0.0,0.905,32.8,1752254904167
0.0,0.0,0.895,32.8,1752254904196
0.0,0.0,0.915,32.8,1752254904217
0.0,0.0,0.926,32.8,1752254904237
0.0,0.0,0.905,32.8,1752254904264
0.0,0.0,0.915,32.8,1752254904273
0.0,0.0,0.936,32.8,1752254904303
0.0,0.0,0.967,32.8,1752254904324
0.0,0.0,0.967,32.8,1752254904347
0.0,0.0,0.978,32.8,1752254904363
0.0,0.0,0.967,32.8,1752254904398
0.0,0.0,0.957,32.8,1752254904408
0.0,0.0,0.947,32.8,1752254904444
0.0,0.0,0.957,32.8,1752254904473
0.0,0.0,0.947,32.8,1752254904482
0.0,0.0,0.936,32.8,1752254904516
0.0,0.0,0.947,32.8,1752254904544
0.0,0.0,0.947,32.8,1752254904559
0.0,0.0,0.936,32.8,1752254904566
0.0,0.0,0.915,32.8,1752254904599
0.0,0.0,0.895,32.8,1752254904609
0.0,0.0,0.895,32.8,1752254904639
0.0,0.0,0.895,32.8,1752254904666
0.0,0.0,0.884,32.8,1752254904675
0.0,0.0,0.874,32.8,1752254904693
0.0,0.0,0.863,32.8,1752254904726
0.0,0.0,0.884,32.8,1752254904737
0.0,0.0,0.895,32.8,1752254904770
0.0,0.0,0.905,32.8,1752254904792
0.0,0.0,0.895,32.8,1752254904802
0.0,0.0,0.895,32.8,1752254904834
0.0,0.0,0.895,32.8,1752254904854
0.0,0.0,0.895,32.8,1752254904864
31.70845603942871,-97.18888092041016,0.884,32.8,1752254907000
31.70845603942871,-97.18888092041016,0.884,32.8,1752254907000
31.70845603942871,-97.18888092041016,0.884,32.8,1752254907000
0.0,0.0,0.884,32.8,1752254907115
0.0,0.0,0.884,32.8,1752254907154
0.0,0.0,0.895,32.8,1752254907273
0.0,0.0,0.884,32.8,1752254907291
0.0,0.0,0.895,32.8,1752254907323
0.0,0.0,0.874,32.8,1752254907332
0.0,0.0,0.853,32.8,1752254907361
0.0,0.0,0.853,32.8,1752254907376
0.0,0.0,0.842,32.8,1752254907406
0.0,0.0,0.842,32.8,1752254907414
0.0,0.0,0.822,32.8,1752254907434
0.0,0.0,0.811,32.8,1752254907484
0.0,0.0,0.811,32.8,1752254907508
0.0,0.0,0.811,32.8,1752254907518
0.0,0.0,0.822,32.8,1752254907558
0.0,0.0,0.801,32.8,1752254907568
0.0,0.0,0.811,32.8,1752254907601
0.0,0.0,0.811,32.8,1752254907620
0.0,0.0,0.822,32.8,1752254907628
0.0,0.0,0.832,32.8,1752254907657
0.0,0.0,0.822,32.8,1752254907688
0.0,0.0,0.822,32.8,1752254907696
0.0,0.0,0.842,32.8,1752254907719
0.0,0.0,0.863,32.8,1752254907724
0.0,0.0,0.842,32.8,1752254907737
0.0,0.0,0.842,32.8,1752254907741
0.0,0.0,0.832,32.8,1752254907754
0.0,0.0,0.832,32.8,1752254907759
0.0,0.0,0.832,32.8,1752254907773
0.0,0.0,0.842,32.8,1752254907785
0.0,0.0,0.832,32.8,1752254907799
0.0,0.0,0.842,32.8,1752254907807
0.0,0.0,0.832,32.8,1752254907836
0.0,0.0,0.822,32.8,1752254907857
0.0,0.0,0.811,32.8,1752254907884
0.0,0.0,0.811,32.8,1752254907893
0.0,0.0,0.811,32.8,1752254907920
0.0,0.0,0.822,32.8,1752254907940
0.0,0.0,0.842,32.8,1752254907956
0.0,0.0,0.832,32.8,1752254907985
0.0,0.0,0.832,32.8,1752254907993
31.70845603942871,-97.18888092041016,0.832,32.8,1752254908000
0.0,0.0,0.822,32.8,1752254908011
0.0,0.0,0.822,32.8,1752254908046
0.0,0.0,0.811,32.8,1752254908151
0.0,0.0,0.822,32.8,1752254908172
0.0,0.0,0.822,32.8,1752254908205
0.0,0.0,0.853,32.8,1752254908221
0.0,0.0,0.853,32.8,1752254908251
0.0,0.0,0.853,32.8,1752254908260
0.0,0.0,0.842,32.8,1752254908289
0.0,0.0,0.842,32.8,1752254908316
0.0,0.0,0.863,32.8,1752254908326
0.0,0.0,0.853,32.8,1752254908360
0.0,0.0,0.863,32.8,1752254908371
0.0,0.0,0.853,32.8,1752254908413
0.0,0.0,0.863,32.8,1752254908436
31.70845603942871,-97.18888092041016,0.874,32.8,1752254910000
0.0,0.0,0.874,32.8,1752254910717
0.0,0.0,0.895,32.8,1752254910740
0.0,0.0,0.874,32.8,1752254910803
0.0,0.0,0.874,32.8,1752254910825
0.0,0.0,0.874,32.8,1752254910833
0.0,0.0,0.874,32.8,1752254910863
0.0,0.0,0.874,32.8,1752254910886
0.0,0.0,0.863,32.8,1752254910895
0.0,0.0,0.863,32.8,1752254910924
0.0,0.0,0.884,32.8,1752254910933
0.0,0.0,0.905,32.8,1752254910963
0.0,0.0,0.895,32.8,1752254910971
0.0,0.0,0.874,32.8,1752254910989
31.708457946777344,-97.18887329101562,0.874,32.8,1752254911000
31.70845603942871,-97.18887329101562,0.874,32.8,1752254911000
0.0,0.0,0.884,32.8,1752254911021
0.0,0.0,0.884,32.8,1752254911035
0.0,0.0,0.905,32.8,1752254911111
0.0,0.0,0.905,32.8,1752254911120
0.0,0.0,0.915,32.8,1752254911169
0.0,0.0,0.926,32.8,1752254911170
0.0,0.0,0.947,32.8,1752254911200
0.0,0.0,0.947,32.8,1752254911220
0.0,0.0,0.947,32.8,1752254911229
0.0,0.0,0.926,32.8,1752254911257
0.0,0.0,0.957,32.8,1752254911284
0.0,0.0,0.988,32.8,1752254911291
0.0,0.0,0.999,32.8,1752254911321
0.0,0.0,0.999,32.8,1752254911340
0.0,0.0,0.988,32.8,1752254911350
0.0,0.0,1.009,32.8,1752254911384
0.0,0.0,1.019,32.8,1752254911393
0.0,0.0,1.019,32.8,1752254911426
0.0,0.0,1.019,32.8,1752254911448
0.0,0.0,1.009,32.8,1752254911458
0.0,0.0,1.019,32.8,1752254911487
0.0,0.0,1.019,32.8,1752254911495
0.0,0.0,1.019,32.8,1752254911524
0.0,0.0,0.978,32.8,1752254911532
0.0,0.0,0.978,32.8,1752254911568
0.0,0.0,0.978,32.8,1752254911577
0.0,0.0,0.967,32.8,1752254911594
0.0,0.0,0.947,32.8,1752254911624
0.0,0.0,0.926,32.8,1752254911632
0.0,0.0,0.936,32.8,1752254911660
0.0,0.0,0.936,32.8,1752254911669
0.0,0.0,0.926,32.8,1752254911698
0.0,0.0,0.915,32.8,1752254911717
0.0,0.0,0.905,32.8,1752254911726
0.0,0.0,0.884,32.8,1752254911757
0.0,0.0,0.895,32.8,1752254911766
0.0,0.0,0.884,32.8,1752254911798
0.0,0.0,0.884,32.8,1752254911807
0.0,0.0,0.874,32.6,1752254911913
0.0,0.0,0.863,32.6,1752254911947
0.0,0.0,0.853,32.6,1752254911958
0.0,0.0,0.842,32.6,1752254911986
31.708454132080078,-97.18887329101562,0.832,32.6,1752254912000
0.0,0.0,0.832,32.6,1752254912007
0.0,0.0,0.832,32.6,1752254912016
0.0,0.0,0.822,32.6,1752254912113
0.0,0.0,0.811,32.6,1752254912138
0.0,0.0,0.811,32.6,1752254912149
31.708454132080078,-97.1888656616211,0.811,32.6,1752254914000
31.708454132080078,-97.1888656616211,0.811,32.6,1752254914000
0.0,0.0,0.811,32.6,1752254914298
0.0,0.0,0.822,32.6,1752254914320
0.0,0.0,0.79,32.6,1752254914383
0.0,0.0,0.801,32.6,1752254914392
0.0,0.0,0.79,32.6,1752254914429
0.0,0.0,0.78,32.6,1752254914431
0.0,0.0,0.801,32.6,1752254914460
0.0,0.0,0.79,32.6,1752254914479
0.0,0.0,0.79,32.6,1752254914487
0.0,0.0,0.78,32.6,1752254914516
0.0,0.0,0.811,32.6,1752254914535
0.0,0.0,0.801,32.6,1752254914553
0.0,0.0,0.811,32.6,1752254914561
0.0,0.0,0.801,32.6,1752254914594
0.0,0.0,0.832,32.6,1752254914603
0.0,0.0,0.842,32.6,1752254914642
0.0,0.0,0.853,32.6,1752254914652
0.0,0.0,0.863,32.6,1752254914684
0.0,0.0,0.863,32.6,1752254914694
0.0,0.0,0.874,32.6,1752254914725
0.0,0.0,0.874,32.6,1752254914744
0.0,0.0,0.895,32.6,1752254914754
0.0,0.0,0.884,32.6,1752254914784
0.0,0.0,0.884,32.6,1752254914800
0.0,0.0,0.884,32.6,1752254914829
0.0,0.0,0.905,32.6,1752254914837
0.0,0.0,0.884,32.6,1752254914868
0.0,0.0,0.863,32.6,1752254914876
0.0,0.0,0.874,32.6,1752254914906
0.0,0.0,0.884,32.6,1752254914914
0.0,0.0,0.884,32.6,1752254914932
0.0,0.0,0.895,32.6,1752254914969
0.0,0.0,0.905,32.6,1752254914978
31.708454132080078,-97.18885803222656,0.905,32.6,1752254915000
31.708454132080078,-97.18885803222656,0.905,32.6,1752254915000
31.708454132080078,-97.18885803222656,0.905,32.6,1752254915000
31.708454132080078,-97.18885803222656,0.905,32.6,1752254915000
31.708454132080078,-97.18885803222656,0.905,32.6,1752254915000
31.708454132080078,-97.18885803222656,0.905,32.6,1752254915000
31.70845603942871,-97.18885803222656,0.905,32.6,1752254915000
31.70845603942871,-97.18885803222656,0.905,32.6,1752254915000
31.70845603942871,-97.18885803222656,0.905,32.6,1752254915000
31.70845603942871,-97.18885803222656,0.905,32.6,1752254915000
31.70845603942871,-97.1888656616211,0.905,32.6,1752254915000
31.70845603942871,-97.1888656616211,0.905,32.6,1752254915000
0.0,0.0,0.905,32.6,1752254915008
0.0,0.0,0.905,32.6,1752254915017
0.0,0.0,0.895,32.6,1752254915109
0.0,0.0,0.895,32.6,1752254915123
0.0,0.0,0.895,32.6,1752254915157
0.0,0.0,0.895,32.6,1752254915179
0.0,0.0,0.905,32.6,1752254915187
0.0,0.0,0.915,32.6,1752254915211
0.0,0.0,0.895,32.6,1752254915218
0.0,0.0,0.884,32.6,1752254915246
0.0,0.0,0.863,32.6,1752254915266
0.0,0.0,0.842,32.6,1752254915285
0.0,0.0,0.853,32.6,1752254915293
0.0,0.0,0.853,32.6,1752254915322
0.0,0.0,0.853,32.6,1752254915342
0.0,0.0,0.853,32.6,1752254915352
0.0,0.0,0.863,32.6,1752254915386
0.0,0.0,0.863,32.6,1752254915415
0.0,0.0,0.874,32.6,1752254915426
0.0,0.0,0.874,32.6,1752254915459
0.0,0.0,0.874,32.6,1752254915469
0.0,0.0,0.884,32.6,1752254915508
0.0,0.0,0.905,32.6,1752254915528
0.0,0.0,0.915,32.6,1752254915546
0.0,0.0,0.915,32.6,1752254915579
0.0,0.0,0.915,32.6,1752254915599
0.0,0.0,0.915,32.6,1752254915607
0.0,0.0,0.915,32.6,1752254915637
0.0,0.0,0.915,32.6,1752254915656
0.0,0.0,0.915,32.6,1752254915665
0.0,0.0,0.895,32.6,1752254915694
0.0,0.0,0.895,32.6,1752254915714
0.0,0.0,0.895,32.6,1752254915723
0.0,0.0,0.895,32.6,1752254915751
0.0,0.0,0.905,32.6,1752254915775
0.0,0.0,0.895,32.6,1752254915858
0.0,0.0,0.895,32.6,1752254915858
0.0,0.0,0.895,32.6,1752254915860
0.0,0.0,0.874,32.6,1752254915861
0.0,0.0,0.884,32.6,1752254915862
0.0,0.0,0.884,32.6,1752254915864
0.0,0.0,0.895,32.6,1752254915865
0.0,0.0,0.905,32.6,1752254915866
0.0,0.0,0.926,32.6,1752254915867
0.0,0.0,0.905,32.6,1752254915868
0.0,0.0,0.895,32.6,1752254915869
0.0,0.0,0.905,32.6,1752254915870
0.0,0.0,0.915,32.6,1752254915871
0.0,0.0,0.915,32.6,1752254915872
0.0,0.0,0.926,32.6,1752254915873
0.0,0.0,0.936,32.6,1752254915875
0.0,0.0,0.926,32.6,1752254915876
0.0,0.0,0.926,32.6,1752254915877
0.0,0.0,0.926,32.6,1752254915878
0.0,0.0,0.915,32.6,1752254915879
0.0,0.0,0.905,32.6,1752254915881
0.0,0.0,0.915,32.6,1752254915882
0.0,0.0,0.936,32.6,1752254915883
0.0,0.0,0.936,32.6,1752254915884
0.0,0.0,0.936,32.6,1752254915885
0.0,0.0,0.947,32.6,1752254915886
0.0,0.0,0.947,32.6,1752254915887
0.0,0.0,0.957,32.6,1752254915888
0.0,0.0,0.957,32.6,1752254915889
0.0,0.0,0.967,32.6,1752254915891
0.0,0.0,0.967,32.6,1752254915892
0.0,0.0,0.967,32.6,1752254915894
0.0,0.0,0.988,32.6,1752254915895
0.0,0.0,0.978,32.6,1752254915896
0.0,0.0,0.978,32.6,1752254915897
0.0,0.0,0.988,32.6,1752254915898
0.0,0.0,0.999,32.6,1752254915899
0.0,0.0,0.999,32.6,1752254915900
0.0,0.0,0.999,32.6,1752254915901
0.0,0.0,0.999,32.6,1752254915902
0.0,0.0,0.999,32.6,1752254915903
0.0,0.0,0.988,32.6,1752254915904
0.0,0.0,0.988,32.6,1752254915905
0.0,0.0,0.988,32.6,1752254915907
0.0,0.0,0.999,32.6,1752254915908
0.0,0.0,1.019,32.6,1752254915909
0.0,0.0,1.019,32.6,1752254915910
0.0,0.0,1.03,32.6,1752254915911
0.0,0.0,1.019,32.6,1752254915912
0.0,0.0,1.03,32.6,1752254915913
0.0,0.0,1.03,32.6,1752254915915
0.0,0.0,1.051,32.6,1752254915915
0.0,0.0,1.051,32.6,1752254915915
0.0,0.0,1.051,32.6,1752254915917
0.0,0.0,1.061,32.6,1752254915918
0.0,0.0,1.071,32.6,1752254915920
0.0,0.0,1.061,32.6,1752254915920
0.0,0.0,1.051,32.6,1752254915922
0.0,0.0,1.051,32.6,1752254915923
0.0,0.0,1.04,32.6,1752254915924
0.0,0.0,1.061,32.6,1752254915925
0.0,0.0,1.061,32.6,1752254915926
0.0,0.0,1.061,32.6,1752254915927
0.0,0.0,1.071,32.6,1752254915928
0.0,0.0,1.071,32.6,1752254915929
0.0,0.0,1.082,32.6,1752254915930
0.0,0.0,1.071,32.6,1752254915932
0.0,0.0,1.051,32.6,1752254915933
0.0,0.0,1.061,32.6,1752254915934
0.0,0.0,1.061,32.6,1752254915935
0.0,0.0,1.051,32.6,1752254915936
0.0,0.0,1.061,32.6,1752254915937
0.0,0.0,1.051,32.6,1752254915938
0.0,0.0,1.061,32.6,1752254915939
0.0,0.0,1.051,32.6,1752254915940
0.0,0.0,1.04,32.6,1752254915941
0.0,0.0,1.03,32.6,1752254915942
0.0,0.0,1.03,32.6,1752254915943
0.0,0.0,1.051,32.6,1752254915944
0.0,0.0,1.04,32.6,1752254915945
0.0,0.0,1.061,32.6,1752254915946
0.0,0.0,1.061,32.6,1752254915947
0.0,0.0,1.071,32.6,1752254915949
0.0,0.0,1.071,32.6,1752254915949
0.0,0.0,1.071,32.6,1752254915951
0.0,0.0,1.071,32.6,1752254915951
0.0,0.0,1.082,32.6,1752254915953
0.0,0.0,1.092,32.6,1752254915953
0.0,0.0,1.092,32.6,1752254915955
0.0,0.0,1.082,32.6,1752254915956
0.0,0.0,1.082,32.6,1752254915957
0.0,0.0,1.082,32.6,1752254915958
0.0,0.0,1.082,32.6,1752254915959
0.0,0.0,1.082,32.6,1752254915961
0.0,0.0,1.061,32.6,1752254915961
0.0,0.0,1.061,32.6,1752254915961
0.0,0.0,1.071,32.6,1752254915961
0.0,0.0,1.071,32.6,1752254915965
0.0,0.0,1.061,32.6,1752254915965
0.0,0.0,1.061,32.6,1752254915965
0.0,0.0,1.082,32.6,1752254915968
0.0,0.0,1.092,32.6,1752254915969
0.0,0.0,1.092,32.6,1752254915969
0.0,0.0,1.082,32.6,1752254915971
0.0,0.0,1.082,32.6,1752254915973
0.0,0.0,1.082,32.6,1752254915973
0.0,0.0,1.092,32.6,1752254915973
0.0,0.0,1.092,32.6,1752254915976
0.0,0.0,1.082,32.6,1752254915976
0.0,0.0,1.071,32.6,1752254915978
0.0,0.0,1.082,32.6,1752254915979
0.0,0.0,1.082,32.6,1752254915980
0.0,0.0,1.071,32.6,1752254915981
0.0,0.0,1.061,32.6,1752254915982
0.0,0.0,1.061,32.6,1752254915983
0.0,0.0,1.061,32.6,1752254915985
0.0,0.0,1.061,32.6,1752254915986
0.0,0.0,1.051,32.6,1752254915987
0.0,0.0,1.051,32.6,1752254915988
0.0,0.0,1.04,32.6,1752254915988
0.0,0.0,1.051,32.6,1752254915990
0.0,0.0,1.03,32.6,1752254915990
0.0,0.0,1.019,32.6,1752254915993
0.0,0.0,1.019,32.6,1752254915993
0.0,0.0,1.009,32.6,1752254915995
0.0,0.0,1.009,32.6,1752254915995
0.0,0.0,0.999,32.6,1752254915998
0.0,0.0,0.999,32.6,1752254915998
0.0,0.0,0.999,32.6,1752254915998
0.0,0.0,0.988,32.6,1752254916000
31.708457946777344,-97.1888656616211,0.988,32.6,1752254916000
31.708457946777344,-97.18885803222656,0.988,32.6,1752254916000
31.708457946777344,-97.18885803222656,0.988,32.6,1752254916000
31.708457946777344,-97.1888656616211,0.988,32.6,1752254916000
0.0,0.0,0.999,32.6,1752254916002
0.0,0.0,0.988,32.6,1752254916033
0.0,0.0,0.988,32.6,1752254916035
0.0,0.0,0.999,32.6,1752254916037
0.0,0.0,0.999,32.6,1752254916037
0.0,0.0,0.999,32.6,1752254916039
0.0,0.0,1.009,32.6,1752254916040
0.0,0.0,1.019,32.6,1752254916041
0.0,0.0,1.009,32.6,1752254916042
0.0,0.0,1.009,32.6,1752254916044
0.0,0.0,1.019,32.6,1752254916045
0.0,0.0,1.03,32.6,1752254916046
0.0,0.0,1.009,32.6,1752254916047
0.0,0.0,1.019,32.6,1752254916048
0.0,0.0,1.009,32.6,1752254916049
0.0,0.0,1.009,32.6,1752254916050
0.0,0.0,1.009,32.6,1752254916051
0.0,0.0,0.999,32.6,1752254916052
0.0,0.0,0.988,32.6,1752254916053
0.0,0.0,0.988,32.6,1752254916055
0.0,0.0,0.978,32.6,1752254916056
0.0,0.0,0.978,32.6,1752254916057
0.0,0.0,0.967,32.6,1752254916058
0.0,0.0,0.967,32.6,1752254916059
0.0,0.0,0.988,32.6,1752254916060
0.0,0.0,0.988,32.6,1752254916061
0.0,0.0,0.988,32.6,1752254916062
0.0,0.0,0.978,32.6,1752254916063
0.0,0.0,0.978,32.6,1752254916064
0.0,0.0,0.978,32.6,1752254916065
0.0,0.0,0.988,32.6,1752254916066
0.0,0.0,0.988,32.6,1752254916067
0.0,0.0,0.999,32.6,1752254916068
0.0,0.0,0.999,32.6,1752254916070
0.0,0.0,1.009,32.6,1752254916071
0.0,0.0,1.009,32.6,1752254916072
0.0,0.0,0.999,32.6,1752254916073
0.0,0.0,0.999,32.6,1752254916074
0.0,0.0,0.988,32.6,1752254916075
0.0,0.0,1.009,32.6,1752254916076
0.0,0.0,1.009,32.6,1752254916077
0.0,0.0,1.009,32.6,1752254916078
0.0,0.0,0.999,32.6,1752254916079
0.0,0.0,1.009,32.6,1752254916080
0.0,0.0,0.999,32.6,1752254916081
0.0,0.0,0.988,32.6,1752254916082
0.0,0.0,0.967,32.6,1752254916083
0.0,0.0,0.967,32.6,1752254916085
0.0,0.0,0.967,32.6,1752254916086
0.0,0.0,0.967,32.6,1752254916336
0.0,0.0,0.988,32.6,1752254916336
0.0,0.0,0.978,32.6,1752254916339
0.0,0.0,1.009,32.6,1752254916405
0.0,0.0,1.009,32.6,1752254916475
0.0,0.0,1.019,32.6,1752254916545
0.0,0.0,1.009,32.6,1752254916847
0.0,0.0,1.009,32.6,1752254916847
0.0,0.0,1.019,32.6,1752254916852
0.0,0.0,1.04,32.6,1752254916854
0.0,0.0,1.03,32.6,1752254916895
0.0,0.0,1.03,32.6,1752254916965
31.708459854125977,-97.1888656616211,1.03,32.6,1752254917000
0.0,0.0,1.03,32.6,1752254917035
0.0,0.0,1.03,32.6,1752254917105
0.0,0.0,1.019,32.6,1752254917175
0.0,0.0,0.978,32.6,1752254917245
0.0,0.0,0.988,32.6,1752254917316
0.0,0.0,0.988,32.6,1752254917693
0.0,0.0,0.999,32.6,1752254917693
0.0,0.0,1.009,32.6,1752254917700
0.0,0.0,0.999,32.6,1752254917703
0.0,0.0,0.999,32.6,1752254917707
0.0,0.0,0.988,32.6,1752254917735
0.0,0.0,1.009,32.6,1752254917805
0.0,0.0,1.019,32.6,1752254917875
0.0,0.0,1.03,32.6,1752254917945
31.708457946777344,-97.1888656616211,1.03,32.6,1752254918000
0.0,0.0,1.03,32.6,1752254918015
0.0,0.0,1.051,32.6,1752254918085
0.0,0.0,1.061,32.6,1752254918155
0.0,0.0,1.051,32.6,1752254918225
0.0,0.0,1.04,32.6,1752254918295
0.0,0.0,1.04,32.6,1752254918365
0.0,0.0,1.04,32.6,1752254918579
0.0,0.0,1.061,32.6,1752254918579
0.0,0.0,1.061,32.6,1752254918587
0.0,0.0,1.04,32.6,1752254918645
0.0,0.0,1.03,32.6,1752254918715
0.0,0.0,1.019,32.6,1752254918785
0.0,0.0,1.03,32.6,1752254918855
0.0,0.0,1.009,32.6,1752254918925
0.0,0.0,1.009,32.6,1752254918997
31.708459854125977,-97.1888656616211,1.009,32.6,1752254919000
0.0,0.0,1.019,32.6,1752254919066
0.0,0.0,1.019,32.6,1752254919135
0.0,0.0,1.03,32.6,1752254919205
0.0,0.0,1.03,32.6,1752254919275
0.0,0.0,1.019,32.6,1752254919345
0.0,0.0,1.019,32.6,1752254919415
0.0,0.0,1.03,32.6,1752254919623
0.0,0.0,1.04,32.6,1752254919623
0.0,0.0,1.019,32.6,1752254919631
0.0,0.0,1.019,32.6,1752254919695
0.0,0.0,1.009,32.6,1752254919765
0.0,0.0,1.009,32.6,1752254919835
0.0,0.0,0.999,32.6,1752254919905
0.0,0.0,0.999,32.6,1752254919975
31.708459854125977,-97.1888656616211,0.999,32.6,1752254920000
0.0,0.0,0.999,32.6,1752254920045
0.0,0.0,0.999,32.6,1752254920115
0.0,0.0,1.009,32.6,1752254920185
0.0,0.0,0.999,32.6,1752254920275
0.0,0.0,1.019,32.6,1752254920325
0.0,0.0,1.009,32.6,1752254920395
0.0,0.0,1.03,32.6,1752254920465
0.0,0.0,1.019,32.6,1752254920638
0.0,0.0,1.03,32.6,1752254920643
0.0,0.0,1.019,32.6,1752254920675
0.0,0.0,1.03,32.6,1752254920745
0.0,0.0,1.009,32.6,1752254920815
0.0,0.0,1.009,32.6,1752254920885
0.0,0.0,1.009,32.6,1752254920955
0.0,0.0,46.893,33.6,1752255247284
0.0,0.0,0.676,35.8,1752271447095
0.0,0.0,0.676,35.8,1752271447463
31.70822525024414,-97.18964385986328,0.676,35.6,1752271448000
0.0,0.0,0.676,35.6,1752271448285
0.0,0.0,0.697,35.6,1752271448561
0.0,0.0,0.686,35.6,1752271448764
0.0,0.0,0.676,35.6,1752271449019
0.0,0.0,0.676,35.6,1752271449315
31.708219528198242,-97.18963623046875,0.676,35.6,1752271450000
0.0,0.0,0.676,35.6,1752271450037
0.0,0.0,0.676,35.6,1752271450337
0.0,0.0,0.676,35.6,1752271450618
0.0,0.0,0.655,35.6,1752271450902
0.0,0.0,0.655,35.6,1752271451187
0.0,0.0,0.655,35.6,1752271451488
31.708213806152344,-97.18961334228516,0.676,35.6,1752271452000
0.0,0.0,0.676,35.6,1752271452019
0.0,0.0,0.676,35.6,1752271452293
0.0,0.0,0.655,35.6,1752271452578
0.0,0.0,0.666,35.6,1752271452861
0.0,0.0,0.666,35.6,1752271453144
0.0,0.0,0.655,35.4,1752271454242
0.0,0.0,0.655,35.4,1752271454530
0.0,0.0,0.666,35.4,1752271454812
31.70820426940918,-97.18961334228516,0.666,35.4,1752271455000
31.70820426940918,-97.18961334228516,0.666,35.4,1752271455000
0.0,0.0,0.666,35.4,1752271455102
0.0,0.0,0.697,35.4,1752271455386
0.0,0.0,0.707,35.4,1752271455862
0.0,0.0,0.738,35.4,1752271456154
0.0,0.0,0.749,35.4,1752271456482
0.0,0.0,0.738,35.4,1752271457094
0.0,0.0,0.759,35.4,1752271457896
31.708206176757812,-97.1895980834961,0.759,35.4,1752271458000
0.0,0.0,0.78,35.4,1752271458191
0.0,0.0,0.79,35.4,1752271458480
0.0,0.0,0.842,35.4,1752271458769
31.70820426940918,-97.1895980834961,0.853,35.4,1752271459000
0.0,0.0,0.853,35.4,1752271459057
0.0,0.0,0.842,35.4,1752271459396
31.70820426940918,-97.1895980834961,0.874,35.4,1752271460000
0.0,0.0,0.874,35.4,1752271460230
0.0,0.0,0.832,35.4,1752271460565
0.0,0.0,0.842,35.4,1752271461136
0.0,0.0,0.811,35.4,1752271461491
31.708206176757812,-97.18959045410156,0.78,35.4,1752271462000
0.0,0.0,0.78,35.4,1752271462070
0.0,0.0,0.811,35.4,1752271462369
0.0,0.0,0.822,35.2,1752271462669
0.0,0.0,0.822,35.2,1752271462969
31.708208084106445,-97.18958282470703,0.822,35.2,1752271463000
0.0,0.0,0.863,35.2,1752271463270
0.0,0.0,0.842,35.2,1752271463616
31.70820426940918,-97.18958282470703,0.811,35.2,1752271464000
0.0,0.0,0.811,35.2,1752271464203
0.0,0.0,0.811,35.2,1752271464545
0.0,0.0,0.842,35.2,1752271465408
0.0,0.0,0.863,35.2,1752271465751
0.0,0.0,0.811,35.2,1752271466341
0.0,0.0,0.832,35.2,1752271466637
31.70820426940918,-97.1895751953125,0.863,35.2,1752271467000
0.0,0.0,0.863,35.2,1752271467231
0.0,0.0,0.936,35.2,1752271467530
0.0,0.0,0.884,35.2,1752271467830
31.70820426940918,-97.1895751953125,0.874,35.2,1752271468000
0.0,0.0,0.874,35.2,1752271468136
0.0,0.0,0.874,35.2,1752271468495
0.0,0.0,0.936,35.2,1752271469087
0.0,0.0,0.957,35.2,1752271469443
0.0,0.0,0.967,35.2,1752271470037
0.0,0.0,0.863,35.2,1752271470344
0.0,0.0,0.874,35.2,1752271470648
0.0,0.0,0.905,35.2,1752271470957
31.70820426940918,-97.18956756591797,0.905,35.2,1752271471000
31.708200454711914,-97.18956756591797,0.905,35.2,1752271471000
0.0,0.0,0.936,35.2,1752271471273
0.0,0.0,0.895,35.2,1752271471581
0.0,0.0,0.822,35.2,1752271472886
0.0,0.0,0.842,35.2,1752271473890
0.0,0.0,0.863,35.2,1752271474475
0.0,0.0,1.009,35.2,1752271474786
0.0,0.0,0.936,35.0,1752271475404
0.0,0.0,0.999,35.0,1752271476315
0.0,0.0,1.051,35.0,1752271477507
0.0,0.0,1.259,35.0,1752271478106
0.0,0.0,1.259,35.0,1752271478715
31.70818519592285,-97.1895523071289,1.321,35.0,1752271479000
0.0,0.0,1.321,35.0,1752271479022
0.0,0.0,1.404,35.0,1752271479335
0.0,0.0,1.415,35.0,1752271479647
0.0,0.0,1.467,35.0,1752271479957
0.0,0.0,1.571,35.0,1752271481959
0.0,0.0,1.602,35.0,1752271482337
0.0,0.0,1.373,35.0,1752271483386
0.0,0.0,1.436,35.0,1752271483765
0.0,0.0,1.363,35.0,1752271484141
0.0,0.0,1.342,35.0,1752271484526
0.0,0.0,1.186,35.0,1752271484887
0.0,0.0,1.186,35.0,1752271485273
0.0,0.0,1.123,34.8,1752271485655
0.0,0.0,1.04,34.8,1752271486034
0.0,0.0,1.019,34.8,1752271486424
0.0,0.0,0.967,34.8,1752271486813
0.0,0.0,0.853,34.8,1752271487271
0.0,0.0,0.863,34.8,1752271489942
0.0,0.0,0.988,34.8,1752271490936
0.0,0.0,0.967,34.8,1752271491947
0.0,0.0,1.019,34.8,1752271492950
0.0,0.0,0.999,34.8,1752271494852
0.0,0.0,1.061,34.8,1752271495398
0.0,0.0,1.009,34.8,1752271495934
0.0,0.0,1.051,34.8,1752271496478
0.0,0.0,1.123,34.8,1752271497009
0.0,0.0,1.113,34.8,1752271497553
0.0,0.0,1.175,34.8,1752271498601
0.0,0.0,1.238,34.8,1752271499127
0.0,0.0,1.248,34.8,1752271499671
0.0,0.0,1.228,34.8,1752271500227
0.0,0.0,1.352,34.8,1752271501306
0.0,0.0,1.425,34.8,1752271501402
0.0,0.0,1.498,34.8,1752271501547
0.0,0.0,1.654,34.8,1752271501965
0.0,0.0,1.81,34.8,1752271502060
0.0,0.0,1.935,34.8,1752271502215
0.0,0.0,2.06,34.8,1752271502325
0.0,0.0,2.133,34.8,1752271502476
0.0,0.0,2.247,34.8,1752271502580
0.0,0.0,2.341,34.8,1752271502735
0.0,0.0,2.435,34.8,1752271502841
0.0,0.0,2.508,34.8,1752271502992
0.0,0.0,2.549,34.8,1752271503093
0.0,0.0,2.591,34.8,1752271503253
0.0,0.0,2.622,34.8,1752271503358
0.0,0.0,2.622,34.8,1752271503504
0.0,0.0,2.591,34.8,1752271503609
0.0,0.0,2.57,34.8,1752271503760
0.0,0.0,2.58,34.8,1752271503862
31.708202362060547,-97.18948364257812,2.612,34.8,1752271504000
0.0,0.0,2.612,34.8,1752271504013
0.0,0.0,2.622,34.8,1752271504112
0.0,0.0,2.643,34.8,1752271504272
0.0,0.0,2.674,34.8,1752271504378
0.0,0.0,2.674,34.8,1752271504527
0.0,0.0,2.695,34.8,1752271504632
0.0,0.0,2.737,34.8,1752271504781
0.0,0.0,2.768,34.8,1752271504885
0.0,0.0,2.809,34.8,1752271505043
0.0,0.0,2.861,34.8,1752271505155
0.0,0.0,2.913,34.8,1752271505325
0.0,0.0,2.955,34.8,1752271505436
0.0,0.0,2.997,34.8,1752271505600
0.0,0.0,3.018,34.8,1752271505715
0.0,0.0,3.049,34.8,1752271505880
31.708202362060547,-97.1894760131836,3.049,34.8,1752271506000
0.0,0.0,3.07,34.8,1752271506511
0.0,0.0,3.101,34.8,1752271506647
0.0,0.0,3.101,34.8,1752271506759
0.0,0.0,3.111,34.8,1752271506926
0.0,0.0,3.101,34.8,1752271507037
0.0,0.0,3.101,34.8,1752271507207
0.0,0.0,3.111,34.8,1752271507325
0.0,0.0,3.111,34.8,1752271507547
0.0,0.0,3.132,34.8,1752271507701
0.0,0.0,3.132,34.8,1752271507931
0.0,0.0,3.142,34.8,1752271508086
0.0,0.0,3.132,34.8,1752271508725
0.0,0.0,3.142,34.8,1752271508838
31.70820426940918,-97.1894760131836,3.122,34.8,1752271509000
0.0,0.0,3.122,34.8,1752271509004
0.0,0.0,3.153,34.8,1752271509115
0.0,0.0,3.163,34.8,1752271509288
0.0,0.0,3.194,34.8,1752271509399
0.0,0.0,3.194,34.8,1752271509566
0.0,0.0,3.205,34.6,1752271509676
0.0,0.0,3.184,34.6,1752271509847
0.0,0.0,3.184,34.6,1752271509909
0.0,0.0,3.226,34.6,1752271510076
0.0,0.0,3.246,34.6,1752271510192
0.0,0.0,3.236,34.6,1752271510365
0.0,0.0,3.246,34.6,1752271510476
0.0,0.0,3.267,34.6,1752271510704
0.0,0.0,3.257,34.6,1752271510871
0.0,0.0,3.257,34.6,1752271511117
0.0,0.0,3.257,34.6,1752271511703
0.0,0.0,3.278,34.6,1752271511898
31.708202362060547,-97.18946838378906,3.267,34.6,1752271512000
0.0,0.0,3.267,34.6,1752271512067
0.0,0.0,3.299,34.6,1752271512341
0.0,0.0,3.299,34.6,1752271512511
0.0,0.0,3.267,34.6,1752271512772
0.0,0.0,3.278,34.6,1752271512943
0.0,0.0,3.288,34.6,1752271513210
0.0,0.0,3.299,34.6,1752271513391
0.0,0.0,3.299,34.6,1752271513662
0.0,0.0,3.309,34.6,1752271513835
0.0,0.0,3.33,34.6,1752271514097
0.0,0.0,3.33,34.6,1752271514283
0.0,0.0,3.351,34.6,1752271514542
0.0,0.0,3.351,34.6,1752271514711
31.70820426940918,-97.18946838378906,3.351,34.6,1752271515000
0.0,0.0,3.351,34.6,1752271515561
0.0,0.0,3.351,34.6,1752271515680
0.0,0.0,3.382,34.6,1752271515850
0.0,0.0,3.392,34.6,1752271515964
0.0,0.0,3.403,34.6,1752271516136
0.0,0.0,3.403,34.6,1752271516257
0.0,0.0,3.423,34.6,1752271516448
0.0,0.0,3.434,34.6,1752271516622
0.0,0.0,3.444,34.6,1752271516877
0.0,0.0,3.444,34.6,1752271517042
0.0,0.0,3.423,34.6,1752271517318
0.0,0.0,3.423,34.6,1752271517856
31.70820426940918,-97.18946075439453,3.434,34.6,1752271518000
0.0,0.0,3.434,34.6,1752271518029
0.0,0.0,3.423,34.6,1752271518139
0.0,0.0,3.423,34.6,1752271518320
0.0,0.0,3.434,34.6,1752271518433
0.0,0.0,3.434,34.6,1752271518619
0.0,0.0,3.423,34.6,1752271518729
0.0,0.0,3.423,34.6,1752271518914
0.0,0.0,3.434,34.6,1752271519030
0.0,0.0,3.434,34.6,1752271519217
0.0,0.0,3.444,34.6,1752271519362
0.0,0.0,3.465,34.6,1752271519622
0.0,0.0,3.465,34.6,1752271519788
0.0,0.0,3.475,34.6,1752271520050
0.0,0.0,3.486,34.6,1752271520223
0.0,0.0,3.486,34.6,1752271520847
0.0,0.0,3.507,34.6,1752271520959
31.70820426940918,-97.18946075439453,3.507,34.6,1752271521000
0.0,0.0,3.517,34.6,1752271521134
0.0,0.0,3.548,34.6,1752271521258
0.0,0.0,3.559,34.6,1752271521449
0.0,0.0,3.569,34.6,1752271521566
0.0,0.0,3.58,34.6,1752271521751
0.0,0.0,3.58,34.6,1752271521869
0.0,0.0,3.569,34.6,1752271522054
0.0,0.0,3.58,34.6,1752271522184
0.0,0.0,3.58,34.6,1752271522411
0.0,0.0,3.59,34.6,1752271522581
0.0,0.0,3.59,34.6,1752271522841
0.0,0.0,3.6,34.6,1752271523016
0.0,0.0,3.611,34.6,1752271523298
0.0,0.0,3.6,34.6,1752271523823
31.708206176757812,-97.189453125,3.59,34.6,1752271524000
0.0,0.0,3.59,34.6,1752271524001
0.0,0.0,3.6,34.6,1752271524111
0.0,0.0,3.6,34.6,1752271524297
0.0,0.0,3.6,34.6,1752271524408
0.0,0.0,3.611,34.6,1752271524586
0.0,0.0,3.621,34.6,1752271524696
0.0,0.0,3.621,34.6,1752271524878
0.0,0.0,3.621,34.6,1752271524994
0.0,0.0,3.642,34.6,1752271525199
0.0,0.0,3.642,34.6,1752271525329
0.0,0.0,3.642,34.6,1752271525559
0.0,0.0,3.652,34.6,1752271525733
0.0,0.0,3.652,34.6,1752271526013
0.0,0.0,3.663,34.6,1752271526193
0.0,0.0,3.673,34.6,1752271526474
31.708208084106445,-97.18944549560547,3.684,34.6,1752271527000
0.0,0.0,3.684,34.6,1752271527160
0.0,0.0,3.704,34.6,1752271527360
0.0,0.0,3.725,34.6,1752271527489
0.0,0.0,3.725,34.6,1752271527687
0.0,0.0,3.715,34.6,1752271527807
0.0,0.0,3.715,34.6,1752271528002
0.0,0.0,3.725,34.6,1752271528128
0.0,0.0,3.725,34.6,1752271528385
0.0,0.0,3.736,34.6,1752271528564
0.0,0.0,3.746,34.6,1752271528852
0.0,0.0,3.736,34.6,1752271529025
0.0,0.0,3.756,34.6,1752271529325
0.0,0.0,3.746,34.6,1752271529856
31.70821189880371,-97.18944549560547,3.715,34.6,1752271530000
0.0,0.0,3.715,34.6,1752271530044
0.0,0.0,3.704,34.6,1752271530175
0.0,0.0,3.725,34.6,1752271530377
0.0,0.0,3.746,34.6,1752271530497
0.0,0.0,3.746,34.6,1752271530698
0.0,0.0,3.746,34.6,1752271530822
0.0,0.0,3.767,34.6,1752271531023
0.0,0.0,3.756,34.6,1752271531143
0.0,0.0,3.767,34.6,1752271531397
0.0,0.0,3.767,34.6,1752271531571
0.0,0.0,3.756,34.6,1752271531850
0.0,0.0,3.756,34.6,1752271532022
0.0,0.0,3.777,34.6,1752271532321
0.0,0.0,3.788,34.6,1752271532857
31.70821189880371,-97.18943786621094,3.767,34.6,1752271533000
0.0,0.0,3.767,34.6,1752271533056
0.0,0.0,3.777,34.6,1752271533185
0.0,0.0,3.777,34.6,1752271533389
0.0,0.0,3.798,34.6,1752271533513
0.0,0.0,3.788,34.6,1752271533713
0.0,0.0,3.788,34.6,1752271533833
0.0,0.0,3.788,34.6,1752271534027
0.0,0.0,3.798,34.6,1752271534153
0.0,0.0,3.798,34.6,1752271534400
0.0,0.0,3.798,34.6,1752271534575
0.0,0.0,3.798,34.6,1752271534855
0.0,0.0,3.808,34.6,1752271535021
0.0,0.0,3.819,34.6,1752271535324
0.0,0.0,3.808,34.6,1752271535839
31.70821189880371,-97.18943786621094,3.829,34.6,1752271536000
0.0,0.0,3.829,34.6,1752271536026
0.0,0.0,3.819,34.6,1752271536148
0.0,0.0,3.819,34.6,1752271536363
0.0,0.0,3.84,34.6,1752271536484
0.0,0.0,3.85,34.6,1752271536688
0.0,0.0,3.85,34.6,1752271536804
0.0,0.0,3.85,34.6,1752271537006
0.0,0.0,3.861,34.6,1752271537127
0.0,0.0,3.861,34.6,1752271537381
0.0,0.0,3.871,34.6,1752271537554
0.0,0.0,3.871,34.6,1752271537840
0.0,0.0,3.881,34.6,1752271538006
0.0,0.0,3.881,34.6,1752271538314
0.0,0.0,3.892,34.6,1752271538817
31.70821189880371,-97.18943786621094,3.913,34.6,1752271539000
0.0,0.0,3.913,34.6,1752271539006
0.0,0.0,3.902,34.6,1752271539119
0.0,0.0,3.902,34.6,1752271539336
0.0,0.0,3.892,34.6,1752271539456
0.0,0.0,3.902,34.6,1752271539658
0.0,0.0,3.902,34.6,1752271539777
0.0,0.0,3.892,34.6,1752271539976
0.0,0.0,3.881,34.6,1752271540091
0.0,0.0,3.892,34.6,1752271540303
0.0,0.0,3.902,34.6,1752271540441
0.0,0.0,3.913,34.6,1752271540724
0.0,0.0,3.913,34.6,1752271540885
0.0,0.0,3.923,34.6,1752271541169
0.0,0.0,3.933,34.6,1752271541350
0.0,0.0,3.944,34.6,1752271541965
31.708213806152344,-97.1894302368164,3.944,34.6,1752271542000
0.0,0.0,3.954,34.6,1752271542082
0.0,0.0,3.954,34.6,1752271542229
0.0,0.0,3.965,34.6,1752271542349
0.0,0.0,3.985,34.6,1752271542491
0.0,0.0,3.996,34.6,1752271542617
0.0,0.0,3.996,34.6,1752271542816
0.0,0.0,3.996,34.6,1752271542932
0.0,0.0,3.985,34.6,1752271543145
0.0,0.0,3.996,34.6,1752271543274
0.0,0.0,3.996,34.6,1752271543515
0.0,0.0,3.985,34.6,1752271543686
0.0,0.0,3.996,34.6,1752271543970
0.0,0.0,3.985,34.6,1752271544132
0.0,0.0,3.996,34.6,1752271544425
0.0,0.0,4.006,34.6,1752271544953
31.70821189880371,-97.1894302368164,4.006,34.6,1752271545000
0.0,0.0,3.996,34.6,1752271545146
0.0,0.0,4.006,34.6,1752271545266
0.0,0.0,3.996,34.6,1752271545458
0.0,0.0,3.996,34.6,1752271545569
0.0,0.0,4.017,34.6,1752271545761
0.0,0.0,4.017,34.6,1752271545871
0.0,0.0,4.027,34.6,1752271546067
0.0,0.0,4.027,34.6,1752271546183
0.0,0.0,4.027,34.6,1752271546417
0.0,0.0,4.037,34.6,1752271546587
0.0,0.0,4.037,34.6,1752271546866
0.0,0.0,4.048,34.6,1752271547029
0.0,0.0,4.048,34.6,1752271547313
0.0,0.0,4.058,34.6,1752271547843
31.708215713500977,-97.1894302368164,4.079,34.6,1752271548000
0.0,0.0,4.079,34.6,1752271548037
0.0,0.0,4.11,34.6,1752271548153
0.0,0.0,4.11,34.6,1752271548352
0.0,0.0,4.121,34.6,1752271548464
0.0,0.0,4.131,34.6,1752271548658
0.0,0.0,4.152,34.6,1752271548773
0.0,0.0,4.162,34.6,1752271548969
0.0,0.0,4.152,34.6,1752271549084
0.0,0.0,4.152,34.6,1752271549290
0.0,0.0,4.152,34.6,1752271549405
0.0,0.0,4.152,34.6,1752271549689
0.0,0.0,4.152,34.6,1752271549857
0.0,0.0,4.152,34.6,1752271550143
0.0,0.0,4.121,34.6,1752271550325
0.0,0.0,4.131,34.6,1752271550933
31.708215713500977,-97.18942260742188,4.131,34.6,1752271551000
0.0,0.0,4.131,34.6,1752271551044
0.0,0.0,4.121,34.6,1752271551248
0.0,0.0,4.121,34.6,1752271551359
0.0,0.0,4.131,34.6,1752271551557
0.0,0.0,4.141,34.6,1752271551668
0.0,0.0,4.131,34.6,1752271551866
0.0,0.0,4.152,34.6,1752271551976
0.0,0.0,4.141,34.6,1752271552172
0.0,0.0,4.152,34.6,1752271552294
0.0,0.0,4.141,34.6,1752271552524
0.0,0.0,4.162,34.6,1752271552692
0.0,0.0,4.152,34.6,1752271552982
0.0,0.0,4.152,34.6,1752271553152
0.0,0.0,4.173,34.6,1752271553451
0.0,0.0,4.162,34.6,1752271553968
31.708221435546875,-97.18942260742188,4.162,34.6,1752271554000
0.0,0.0,4.162,34.6,1752271554166
0.0,0.0,4.152,34.6,1752271554286
0.0,0.0,4.162,34.6,1752271554484
0.0,0.0,4.152,34.6,1752271554595
0.0,0.0,4.162,34.6,1752271554794
0.0,0.0,4.173,34.6,1752271554906
0.0,0.0,4.194,34.6,1752271555105
0.0,0.0,4.194,34.6,1752271555225
0.0,0.0,4.214,34.6,1752271555458
0.0,0.0,4.225,34.6,1752271555624
0.0,0.0,4.214,34.6,1752271555916
0.0,0.0,4.235,34.6,1752271556082
0.0,0.0,4.256,34.6,1752271556371
0.0,0.0,4.256,34.6,1752271556895
31.708223342895508,-97.18941497802734,4.256,34.6,1752271557000
0.0,0.0,4.256,34.6,1752271557091
0.0,0.0,4.277,34.6,1752271557211
0.0,0.0,4.277,34.6,1752271557412
0.0,0.0,2.31,34.0,1752271581214
0.0,0.0,2.279,34.0,1752271582706
0.0,0.0,2.237,34.0,1752271583283
0.0,0.0,2.206,34.0,1752271583850
0.0,0.0,2.164,34.0,1752271584428
0.0,0.0,2.123,34.0,1752271584994
0.0,0.0,2.081,34.0,1752271585573
0.0,0.0,2.05,34.0,1752271586146
0.0,0.0,1.998,34.0,1752271587192
0.0,0.0,1.935,34.0,1752271587741
0.0,0.0,1.894,34.0,1752271588294
0.0,0.0,1.842,34.0,1752271589317
0.0,0.0,1.769,34.0,1752271589865
0.0,0.0,1.81,34.0,1752271590423
0.0,0.0,1.79,34.0,1752271591364
0.0,0.0,1.779,34.0,1752271591900
0.0,0.0,1.758,34.0,1752271592930
0.0,0.0,1.737,34.0,1752271593485
0.0,0.0,1.727,34.0,1752271594035
0.0,0.0,1.685,34.0,1752271594588
0.0,0.0,1.665,34.0,1752271595127
0.0,0.0,1.644,34.0,1752271595681
0.0,0.0,1.623,34.0,1752271596230
0.0,0.0,1.602,34.0,1752271596773
0.0,0.0,1.581,34.0,1752271597327
0.0,0.0,1.467,34.0,1752271600686
0.0,0.0,1.425,34.0,1752271602212
0.0,0.0,1.373,34.0,1752271603290
0.0,0.0,1.321,34.0,1752271603884
0.0,0.0,1.28,34.0,1752271604487
0.0,0.0,1.228,34.0,1752271605074
0.0,0.0,1.196,34.0,1752271605677
0.0,0.0,1.165,34.0,1752271606280
0.0,0.0,1.134,34.0,1752271606821
0.0,0.0,1.134,34.0,1752271607377
0.0,0.0,1.134,34.0,1752271607918
0.0,0.0,1.134,34.0,1752271608545
0.0,0.0,1.175,34.0,1752271609159
0.0,0.0,1.186,34.0,1752271609767
0.0,0.0,1.186,34.0,1752271610372
0.0,0.0,1.207,34.0,1752271610916
0.0,0.0,1.238,34.0,1752271611997
0.0,0.0,1.248,34.0,1752271612602
0.0,0.0,1.259,34.0,1752271612698
0.0,0.0,1.259,34.0,1752271612893
31.708282470703125,-97.18896484375,1.238,34.0,1752271613000
0.0,0.0,1.238,34.0,1752271613005
0.0,0.0,1.207,34.0,1752271613212
0.0,0.0,1.186,34.0,1752271613280
0.0,0.0,1.165,34.0,1752271613401
0.0,0.0,1.155,34.0,1752271613464
0.0,0.0,1.134,34.0,1752271613590
0.0,0.0,1.123,34.0,1752271613650
0.0,0.0,1.103,34.0,1752271613703
0.0,0.0,1.071,34.0,1752271613813
0.0,0.0,1.071,34.0,1752271613918
0.0,0.0,1.071,34.0,1752271614040
0.0,0.0,1.082,34.0,1752271614196
0.0,0.0,1.082,34.0,1752271614366
0.0,0.0,1.082,34.0,1752271614367
0.0,0.0,1.123,34.0,1752271614372
0.0,0.0,1.165,34.0,1752271614535
0.0,0.0,1.186,34.0,1752271614698
0.0,0.0,1.238,34.0,1752271614859
31.708284378051758,-97.18895721435547,1.269,34.0,1752271615000
0.0,0.0,1.269,34.0,1752271615025
0.0,0.0,1.311,34.0,1752271615129
0.0,0.0,1.363,34.0,1752271615372
31.708290100097656,-97.18894958496094,1.373,34.0,1752271616000
31.708295822143555,-97.1889419555664,1.373,34.0,1752271616000
0.0,0.0,1.373,34.0,1752271616466
0.0,0.0,1.404,34.0,1752271616476
0.0,0.0,1.415,34.0,1752271616489
0.0,0.0,1.456,34.0,1752271616489
0.0,0.0,1.477,34.0,1752271616519
0.0,0.0,1.467,34.0,1752271616548
0.0,0.0,1.467,34.0,1752271616548
0.0,0.0,1.488,34.0,1752271616569
0.0,0.0,1.477,34.0,1752271616581
0.0,0.0,1.467,34.0,1752271616581
0.0,0.0,1.488,34.0,1752271616607
0.0,0.0,1.498,34.0,1752271616607
0.0,0.0,1.509,34.0,1752271616640
0.0,0.0,1.498,34.0,1752271616640
0.0,0.0,1.509,34.0,1752271616657
0.0,0.0,1.509,34.0,1752271616657
0.0,0.0,1.519,34.0,1752271616682
0.0,0.0,1.55,34.0,1752271616700
0.0,0.0,1.561,34.0,1752271616720
0.0,0.0,1.571,34.0,1752271616735
0.0,0.0,1.592,34.0,1752271616735
0.0,0.0,1.592,34.0,1752271616759
0.0,0.0,1.592,34.0,1752271616760
0.0,0.0,1.592,34.0,1752271616780
0.0,0.0,1.602,34.0,1752271616798
0.0,0.0,1.623,34.0,1752271616803
0.0,0.0,1.623,34.0,1752271616845
0.0,0.0,1.633,34.0,1752271616864
0.0,0.0,1.623,34.0,1752271616874
0.0,0.0,1.613,34.0,1752271616874
0.0,0.0,1.613,34.0,1752271616896
0.0,0.0,1.602,34.0,1752271616912
0.0,0.0,1.602,34.0,1752271616936
0.0,0.0,1.602,34.0,1752271616963
0.0,0.0,1.602,34.0,1752271616989
0.0,0.0,1.602,34.0,1752271616990
31.708295822143555,-97.1889419555664,1.581,34.0,1752271617000
31.708293914794922,-97.18893432617188,1.581,34.0,1752271617000
31.708295822143555,-97.18892669677734,1.581,34.0,1752271617000
31.708290100097656,-97.18891906738281,1.581,34.0,1752271617000
31.708297729492188,-97.18891143798828,1.581,34.0,1752271617000
31.708301544189453,-97.18890380859375,1.581,34.0,1752271617000
31.708311080932617,-97.18890380859375,1.581,34.0,1752271617000
0.0,0.0,1.581,34.0,1752271617006
0.0,0.0,1.571,34.0,1752271617007
0.0,0.0,1.561,34.0,1752271617051
0.0,0.0,1.561,34.0,1752271617063
0.0,0.0,1.54,34.0,1752271617063
0.0,0.0,1.519,34.0,1752271617075
0.0,0.0,1.509,34.0,1752271617075
0.0,0.0,1.509,34.0,1752271617081
0.0,0.0,1.488,34.0,1752271617097
0.0,0.0,1.488,34.0,1752271617098
0.0,0.0,1.488,34.0,1752271617107
0.0,0.0,1.488,34.0,1752271617117
0.0,0.0,1.498,34.0,1752271617117
0.0,0.0,1.519,34.0,1752271617159
0.0,0.0,1.519,34.0,1752271617159
0.0,0.0,1.519,34.0,1752271617175
0.0,0.0,1.55,34.0,1752271617175
0.0,0.0,1.561,34.0,1752271617187
0.0,0.0,1.571,34.0,1752271617191
0.0,0.0,1.55,34.0,1752271617200
0.0,0.0,1.571,34.0,1752271617201
0.0,0.0,1.571,34.0,1752271617213
0.0,0.0,1.592,34.0,1752271617213
0.0,0.0,1.592,34.0,1752271617224
0.0,0.0,1.592,34.0,1752271617225
0.0,0.0,1.602,34.0,1752271617236
0.0,0.0,1.613,34.0,1752271617243
0.0,0.0,1.623,34.0,1752271617243
0.0,0.0,1.602,34.0,1752271617257
0.0,0.0,1.602,34.0,1752271617257
0.0,0.0,1.633,34.0,1752271617269
0.0,0.0,1.654,34.0,1752271617275
0.0,0.0,1.665,34.0,1752271617283
0.0,0.0,1.665,34.0,1752271617283
0.0,0.0,1.665,34.0,1752271617284
0.0,0.0,1.675,34.0,1752271617299
0.0,0.0,1.665,34.0,1752271617300
0.0,0.0,1.665,34.0,1752271617311
0.0,0.0,1.675,34.0,1752271617317
0.0,0.0,1.665,34.0,1752271617325
0.0,0.0,1.675,34.0,1752271617325
0.0,0.0,1.685,34.0,1752271617338
0.0,0.0,1.665,34.0,1752271617345
0.0,0.0,1.665,34.0,1752271617355
0.0,0.0,1.675,34.0,1752271617355
0.0,0.0,1.675,34.0,1752271617369
0.0,0.0,1.685,34.0,1752271617376
0.0,0.0,1.696,34.0,1752271617384
0.0,0.0,1.717,34.0,1752271617389
0.0,0.0,1.706,34.0,1752271617397
0.0,0.0,1.717,34.0,1752271617398
0.0,0.0,1.727,34.0,1752271617408
0.0,0.0,1.727,34.0,1752271617408
0.0,0.0,1.737,34.0,1752271617421
0.0,0.0,1.748,34.0,1752271617428
0.0,0.0,1.737,34.0,1752271617439
0.0,0.0,1.748,34.0,1752271617439
0.0,0.0,1.748,34.0,1752271617455
0.0,0.0,1.758,34.0,1752271617462
0.0,0.0,1.758,34.0,1752271617473
0.0,0.0,1.748,34.0,1752271617474
0.0,0.0,1.748,34.0,1752271617492
0.0,0.0,1.748,34.0,1752271617499
0.0,0.0,1.748,34.0,1752271617505
0.0,0.0,1.758,34.0,1752271617520
0.0,0.0,1.748,34.0,1752271617535
0.0,0.0,1.748,34.0,1752271617546
0.0,0.0,1.748,34.0,1752271617548
0.0,0.0,1.758,34.2,1752271617604
0.0,0.0,1.758,34.2,1752271617609
0.0,0.0,1.748,34.2,1752271617625
0.0,0.0,1.748,34.2,1752271617634
0.0,0.0,1.748,34.2,1752271617647
0.0,0.0,1.748,34.2,1752271617668
0.0,0.0,1.748,34.2,1752271617668
0.0,0.0,1.748,34.2,1752271617683
0.0,0.0,1.748,34.2,1752271617683
0.0,0.0,1.748,34.2,1752271617699
0.0,0.0,1.748,34.2,1752271617707
0.0,0.0,1.748,34.2,1752271617708
0.0,0.0,1.737,34.2,1752271617725
0.0,0.0,1.737,34.2,1752271617733
0.0,0.0,1.748,34.2,1752271617745
0.0,0.0,1.748,34.2,1752271617746
0.0,0.0,1.748,34.2,1752271617762
0.0,0.0,1.748,34.2,1752271617762
0.0,0.0,1.727,34.2,1752271617833
0.0,0.0,1.727,34.2,1752271617833
0.0,0.0,1.727,34.2,1752271617864
0.0,0.0,1.727,34.2,1752271617871
0.0,0.0,1.727,34.2,1752271617909
0.0,0.0,1.717,34.2,1752271617909
0.0,0.0,1.717,34.2,1752271617936
0.0,0.0,1.717,34.2,1752271617941
0.0,0.0,1.717,34.2,1752271617943
0.0,0.0,1.717,34.2,1752271617958
0.0,0.0,1.717,34.2,1752271617970
0.0,0.0,1.717,34.2,1752271617974
0.0,0.0,1.737,34.2,1752271617993
0.0,0.0,1.737,34.2,1752271617993
0.0,0.0,1.717,34.2,1752271618005
0.0,0.0,1.717,34.2,1752271618005
0.0,0.0,1.717,34.2,1752271618188
0.0,0.0,1.717,34.2,1752271618198
0.0,0.0,1.727,34.2,1752271618206
0.0,0.0,1.727,34.2,1752271618207
0.0,0.0,1.727,34.2,1752271620848
0.0,0.0,1.727,34.2,1752271632320
0.0,0.0,1.727,34.2,1752271634613
0.0,0.0,1.727,34.2,1752271635091
0.0,0.0,1.706,34.2,1752271635580
0.0,0.0,1.696,34.2,1752271635904
0.0,0.0,1.696,34.2,1752271636605
0.0,0.0,1.706,34.2,1752271636929
0.0,0.0,1.706,34.2,1752271637437
0.0,0.0,1.696,34.2,1752271637752
0.0,0.0,1.696,34.2,1752271638410
0.0,0.0,1.696,34.2,1752271638723
0.0,0.0,1.696,34.2,1752271639215
0.0,0.0,1.706,34.2,1752271639517
0.0,0.0,1.696,34.2,1752271640199
0.0,0.0,1.696,34.2,1752271641177
0.0,0.0,1.696,34.2,1752271642419
0.0,0.0,1.727,34.2,1752271643659
0.0,0.0,1.727,34.2,1752271644052
0.0,0.0,1.727,34.2,1752271644355
0.0,0.0,1.727,34.2,1752271644863
0.0,0.0,1.727,34.2,1752271645043
0.0,0.0,1.727,34.2,1752271645579
0.0,0.0,1.727,34.2,1752271645894
0.0,0.0,1.727,34.2,1752271646394
0.0,0.0,1.717,34.2,1752271646691
0.0,0.0,1.727,34.2,1752271647186
0.0,0.0,1.727,34.2,1752271647514
0.0,0.0,1.727,34.2,1752271648008
0.0,0.0,1.706,34.2,1752271648334
0.0,0.0,1.706,34.2,1752271648835
0.0,0.0,1.696,34.2,1752271649148
0.0,0.0,1.696,34.2,1752271649660
0.0,0.0,1.696,34.2,1752271649960
0.0,0.0,1.696,34.2,1752271650487
0.0,0.0,1.696,34.2,1752271650787
0.0,0.0,1.696,34.2,1752271651280
0.0,0.0,1.706,34.2,1752271651507
0.0,0.0,1.706,34.2,1752271651818
0.0,0.0,1.696,34.2,1752271651992
0.0,0.0,1.696,34.2,1752271652332
0.0,0.0,1.685,34.2,1752271652507
0.0,0.0,1.685,34.2,1752271652863
31.70833969116211,-97.18888854980469,1.696,34.2,1752271653000
0.0,0.0,1.696,34.2,1752271653060
0.0,0.0,1.706,34.2,1752271653381
0.0,0.0,1.696,34.2,1752271653632
0.0,0.0,1.696,34.2,1752271653946
0.0,0.0,1.696,34.2,1752271654129
0.0,0.0,1.696,34.2,1752271654534
0.0,0.0,1.696,34.2,1752271654768
0.0,0.0,1.696,34.2,1752271655275
0.0,0.0,1.685,34.2,1752271655593
0.0,0.0,1.685,34.2,1752271656123
0.0,0.0,1.685,34.2,1752271657226
0.0,0.0,1.685,34.2,1752271657593
0.0,0.0,1.675,34.2,1752271657785
31.708341598510742,-97.18888092041016,1.665,34.2,1752271658000
0.0,0.0,1.665,34.2,1752271658099
0.0,0.0,1.665,34.2,1752271658290
0.0,0.0,1.654,34.2,1752271658604
0.0,0.0,1.644,34.2,1752271658781
0.0,0.0,1.644,34.2,1752271659094
0.0,0.0,1.633,34.2,1752271659284
0.0,0.0,1.623,34.2,1752271659609
0.0,0.0,1.623,34.2,1752271659785
0.0,0.0,1.613,34.2,1752271660104
0.0,0.0,1.602,34.2,1752271660292
0.0,0.0,1.602,34.2,1752271660603
0.0,0.0,1.602,34.2,1752271661404
0.0,0.0,1.602,34.2,1752271661724
0.0,0.0,1.602,34.2,1752271661901
31.708349227905273,-97.18888092041016,1.602,34.2,1752271662000
0.0,0.0,1.592,34.2,1752271662171
0.0,0.0,1.592,34.2,1752271662307
0.0,0.0,1.581,34.2,1752271662537
0.0,0.0,1.581,34.2,1752271662671
0.0,0.0,1.571,34.2,1752271662910
0.0,0.0,1.561,34.2,1752271663048
0.0,0.0,1.561,34.2,1752271663310
0.0,0.0,1.561,34.2,1752271663477
0.0,0.0,1.561,34.2,1752271663793
0.0,0.0,1.54,34.2,1752271663970
0.0,0.0,1.54,34.2,1752271664284
0.0,0.0,1.519,34.2,1752271664472
0.0,0.0,1.519,34.2,1752271665333
0.0,0.0,1.519,34.2,1752271665467
0.0,0.0,1.509,34.2,1752271665706
0.0,0.0,1.519,34.2,1752271665843
31.70836067199707,-97.18888092041016,1.509,34.2,1752271666000
0.0,0.0,1.509,34.2,1752271666083
0.0,0.0,1.529,34.2,1752271666238
0.0,0.0,1.529,34.2,1752271666492
0.0,0.0,1.519,34.2,1752271666637
0.0,0.0,1.519,34.2,1752271666882
0.0,0.0,1.509,34.2,1752271667021
0.0,0.0,1.509,34.2,1752271667292
0.0,0.0,1.519,34.2,1752271667462
0.0,0.0,1.498,34.2,1752271667774
0.0,0.0,1.477,34.2,1752271667955
0.0,0.0,1.467,34.2,1752271668273
0.0,0.0,1.446,34.2,1752271668464
31.708364486694336,-97.18888092041016,1.425,34.2,1752271669000
0.0,0.0,1.425,34.2,1752271669303
0.0,0.0,1.404,34.2,1752271669440
0.0,0.0,1.415,34.2,1752271669682
0.0,0.0,1.415,34.2,1752271669824
0.0,0.0,1.404,34.2,1752271670080
0.0,0.0,1.384,34.2,1752271670236
0.0,0.0,1.404,34.2,1752271670528
0.0,0.0,1.404,34.2,1752271670709
0.0,0.0,1.425,34.2,1752271671022
0.0,0.0,1.436,34.2,1752271671212
0.0,0.0,1.467,34.2,1752271671533
0.0,0.0,1.488,34.2,1752271672217
0.0,0.0,1.519,34.2,1752271672451
0.0,0.0,1.55,34.2,1752271672588
0.0,0.0,1.54,34.2,1752271672834
0.0,0.0,1.55,34.2,1752271672971
31.708372116088867,-97.18887329101562,1.55,34.2,1752271673000
0.0,0.0,1.581,34.2,1752271673231
0.0,0.0,1.602,34.2,1752271673375
0.0,0.0,1.602,34.2,1752271673619
0.0,0.0,1.592,34.2,1752271673763
0.0,0.0,1.581,34.2,1752271674006
0.0,0.0,1.592,34.2,1752271674158
0.0,0.0,1.581,34.2,1752271674450
0.0,0.0,1.571,34.2,1752271674632
0.0,0.0,1.571,34.2,1752271674947
0.0,0.0,1.571,34.2,1752271675129
0.0,0.0,1.592,34.2,1752271675454
31.708375930786133,-97.18887329101562,1.592,34.2,1752271676000
0.0,0.0,1.592,34.2,1752271676103
0.0,0.0,1.592,34.2,1752271676311
0.0,0.0,1.602,34.2,1752271676448
0.0,0.0,1.613,34.2,1752271676678
0.0,0.0,1.623,34.2,1752271676810
0.0,0.0,1.644,34.2,1752271677032
0.0,0.0,1.644,34.2,1752271677180
0.0,0.0,1.654,34.2,1752271677466
0.0,0.0,1.665,34.2,1752271677648
0.0,0.0,1.675,34.2,1752271677965
0.0,0.0,1.685,34.2,1752271678152
0.0,0.0,1.696,34.2,1752271678469
0.0,0.0,1.685,34.2,1752271679066
0.0,0.0,1.685,34.2,1752271679285
0.0,0.0,1.706,34.2,1752271679420
0.0,0.0,1.717,34.2,1752271679639
0.0,0.0,1.717,34.2,1752271679775
0.0,0.0,1.717,34.2,1752271679996
31.7083797454834,-97.18887329101562,1.717,34.2,1752271680000
0.0,0.0,1.717,34.2,1752271680124
0.0,0.0,1.727,34.2,1752271680301
0.0,0.0,1.748,34.2,1752271680429
0.0,0.0,1.737,34.2,1752271680645
0.0,0.0,1.758,34.2,1752271680722
0.0,0.0,1.748,34.2,1752271680926
0.0,0.0,1.748,34.2,1752271681052
0.0,0.0,1.758,34.2,1752271681270
0.0,0.0,1.758,34.2,1752271681433
0.0,0.0,1.758,34.2,1752271681734
0.0,0.0,1.758,34.2,1752271681904
0.0,0.0,1.758,34.2,1752271682210
0.0,0.0,1.769,34.2,1752271682396
31.708383560180664,-97.1888656616211,1.758,34.2,1752271683000
0.0,0.0,1.758,34.2,1752271683023
0.0,0.0,1.758,34.2,1752271683140
0.0,0.0,1.748,34.2,1752271683344
0.0,0.0,1.748,34.2,1752271683465
0.0,0.0,1.748,34.2,1752271683678
0.0,0.0,1.758,34.2,1752271683799
0.0,0.0,1.769,34.2,1752271684012
0.0,0.0,1.758,34.2,1752271684129
0.0,0.0,1.758,34.2,1752271684415
0.0,0.0,1.758,34.2,1752271684587
0.0,0.0,1.758,34.2,1752271684906
0.0,0.0,1.758,34.2,1752271685066
0.0,0.0,1.758,34.2,1752271685352
0.0,0.0,1.769,34.2,1752271685892
31.708383560180664,-97.18885803222656,1.758,34.2,1752271686000
0.0,0.0,1.758,34.2,1752271686091
0.0,0.0,1.758,34.2,1752271686212
0.0,0.0,1.758,34.2,1752271686416
0.0,0.0,1.758,34.2,1752271686529
0.0,0.0,1.748,34.2,1752271686733
0.0,0.0,1.748,34.2,1752271686850
0.0,0.0,0.634,34.8,1752271709365
0.0,0.0,0.614,34.8,1752271709920
0.0,0.0,0.614,34.8,1752271710846
0.0,0.0,0.614,34.8,1752271711416
0.0,0.0,0.614,34.8,1752271711894
0.0,0.0,0.614,34.8,1752271712397
0.0,0.0,0.614,34.8,1752271712894
0.0,0.0,0.614,34.8,1752271713804
0.0,0.0,0.655,34.8,1752271714286
0.0,0.0,0.655,34.8,1752271714797
0.0,0.0,0.655,34.8,1752271715233
0.0,0.0,0.676,34.8,1752271715744
0.0,0.0,0.686,34.8,1752271716258
0.0,0.0,0.707,34.8,1752271716771
0.0,0.0,0.728,34.8,1752271717285
0.0,0.0,0.738,34.8,1752271717787
0.0,0.0,0.759,34.8,1752271718564
0.0,0.0,0.79,34.8,1752271719014
0.0,0.0,0.822,34.8,1752271719524
0.0,0.0,0.832,34.8,1752271719976
0.0,0.0,0.79,34.8,1752271720472
0.0,0.0,0.801,34.8,1752271720960
0.0,0.0,0.801,34.8,1752271721458
0.0,0.0,0.77,34.8,1752271721948
0.0,0.0,0.759,34.8,1752271722450
0.0,0.0,0.728,34.8,1752271722935
0.0,0.0,0.759,34.8,1752271723788
0.0,0.0,0.77,34.8,1752271724292
0.0,0.0,0.759,34.8,1752271724779
0.0,0.0,0.718,34.8,1752271725281
0.0,0.0,0.686,34.8,1752271726224
0.0,0.0,0.676,34.8,1752271726716
0.0,0.0,0.697,34.8,1752271727221
0.0,0.0,0.707,34.8,1752271727709
0.0,0.0,0.707,34.8,1752271728208
0.0,0.0,0.749,34.8,1752271728699
0.0,0.0,0.749,34.8,1752271729154
0.0,0.0,0.77,34.8,1752271729648
0.0,0.0,0.718,34.8,1752271730139
0.0,0.0,0.718,34.8,1752271730628
0.0,0.0,0.718,34.8,1752271731517
0.0,0.0,0.749,34.8,1752271731997
0.0,0.0,0.749,34.8,1752271732492
0.0,0.0,0.728,34.8,1752271732976
0.0,0.0,0.728,34.8,1752271733861
0.0,0.0,0.707,34.8,1752271734356
0.0,0.0,0.707,34.8,1752271734841
0.0,0.0,0.686,34.8,1752271735342
0.0,0.0,0.707,34.8,1752271735787
0.0,0.0,0.697,34.8,1752271736295
0.0,0.0,0.718,34.8,1752271736781
0.0,0.0,0.749,34.8,1752271737308
0.0,0.0,0.728,34.8,1752271737751
0.0,0.0,0.738,34.8,1752271738149
0.0,0.0,0.759,34.8,1752271738847
0.0,0.0,0.78,34.8,1752271739278
0.0,0.0,0.77,34.8,1752271739682
0.0,0.0,0.79,34.8,1752271740124
0.0,0.0,0.759,34.8,1752271740518
0.0,0.0,0.759,34.8,1752271741278
0.0,0.0,0.738,34.8,1752271741751
0.0,0.0,0.718,34.8,1752271742539
0.0,0.0,0.707,34.8,1752271743006
0.0,0.0,0.676,34.8,1752271743493
0.0,0.0,0.676,34.8,1752271743961
0.0,0.0,0.666,34.8,1752271744446
0.0,0.0,0.655,34.8,1752271744918
0.0,0.0,0.624,34.8,1752271745400
0.0,0.0,0.624,34.8,1752271745877
0.0,0.0,0.614,34.8,1752271746781
0.0,0.0,0.624,34.8,1752271747290
0.0,0.0,0.614,34.8,1752271747767
0.0,0.0,0.624,34.8,1752271748255
0.0,0.0,0.634,34.8,1752271748727
0.0,0.0,0.666,34.8,1752271749215
0.0,0.0,0.707,34.8,1752271750087
0.0,0.0,0.718,34.8,1752271750567
0.0,0.0,0.738,35.0,1752271751040
0.0,0.0,0.759,35.0,1752271751887
0.0,0.0,0.801,35.0,1752271752372
0.0,0.0,0.822,35.0,1752271752841
0.0,0.0,0.842,35.0,1752271753347
0.0,0.0,0.863,35.0,1752271753832
0.0,0.0,0.874,35.0,1752271754336
0.0,0.0,0.895,35.0,1752271754819
0.0,0.0,0.895,35.0,1752271755265
0.0,0.0,0.895,35.0,1752271755706
0.0,0.0,0.915,35.0,1752271756168
0.0,0.0,0.926,35.0,1752271756614
0.0,0.0,0.884,35.0,1752271757404
0.0,0.0,0.863,35.0,1752271757881
0.0,0.0,0.822,35.0,1752271758365
0.0,0.0,0.801,35.0,1752271758839
0.0,0.0,0.77,35.0,1752271759285
0.0,0.0,0.749,35.0,1752271759764
0.0,0.0,0.759,35.0,1752271760258
0.0,0.0,0.738,35.0,1752271760744
0.0,0.0,0.718,35.0,1752271761235
0.0,0.0,0.707,35.0,1752271761729
0.0,0.0,0.676,35.0,1752271762235
0.0,0.0,0.655,35.0,1752271762727
0.0,0.0,0.686,35.0,1752271763218
0.0,0.0,0.697,35.0,1752271763696
0.0,0.0,0.728,35.0,1752271764132
0.0,0.0,0.738,35.0,1752271764626
0.0,0.0,0.759,35.0,1752271765452
0.0,0.0,0.749,35.0,1752271765930
0.0,0.0,0.718,35.0,1752271766434
0.0,0.0,0.738,35.0,1752271766914
0.0,0.0,0.77,35.0,1752271767414
0.0,0.0,0.77,35.0,1752271767853
0.0,0.0,0.78,35.0,1752271768340
0.0,0.0,0.801,35.0,1752271768827
0.0,0.0,0.78,35.0,1752271769323
0.0,0.0,0.759,35.0,1752271769810
0.0,0.0,0.738,35.0,1752271770308
0.0,0.0,0.728,35.0,1752271770747
0.0,0.0,0.707,35.0,1752271771197
0.0,0.0,0.718,35.0,1752271771678
0.0,0.0,0.738,35.0,1752271772171
0.0,0.0,0.707,35.0,1752271772657
0.0,0.0,0.707,35.0,1752271773142
0.0,0.0,0.707,35.0,1752271773632
0.0,0.0,0.707,35.0,1752271774118
0.0,0.0,0.707,35.0,1752271774564
0.0,0.0,0.707,35.0,1752271775042
0.0,0.0,0.718,35.0,1752271775528
0.0,0.0,0.707,35.0,1752271775963
0.0,0.0,0.686,35.0,1752271776452
0.0,0.0,0.697,35.0,1752271776927
0.0,0.0,0.697,35.0,1752271777418
0.0,0.0,0.686,35.0,1752271777905
0.0,0.0,0.686,35.0,1752271778396
0.0,0.0,0.686,35.0,1752271778868
0.0,0.0,0.686,35.0,1752271779354
0.0,0.0,0.666,35.0,1752271779833
0.0,0.0,0.686,35.0,1752271780324
0.0,0.0,0.697,35.6,1752271781302
0.0,0.0,0.686,35.6,1752271781790
0.0,0.0,0.707,35.6,1752271782291
0.0,0.0,0.707,35.6,1752271782790
0.0,0.0,0.686,35.6,1752271783290
0.0,0.0,0.697,35.6,1752271783777
0.0,0.0,0.686,35.6,1752271784272
0.0,0.0,0.686,35.6,1752271784760
0.0,0.0,0.707,35.6,1752271785214
0.0,0.0,0.697,35.6,1752271785690
0.0,0.0,0.697,35.6,1752271786182
0.0,0.0,0.666,35.6,1752271786682
0.0,0.0,0.645,35.6,1752271787175
0.0,0.0,0.655,35.6,1752271787668
0.0,0.0,0.655,35.6,1752271788162
0.0,0.0,0.634,35.6,1752271789017
0.0,0.0,0.655,35.6,1752271789512
0.0,0.0,0.666,35.6,1752271790000
0.0,0.0,0.666,35.6,1752271790500
0.0,0.0,0.686,35.6,1752271790987
0.0,0.0,0.686,35.6,1752271791480
0.0,0.0,0.697,35.6,1752271791967
0.0,0.0,0.697,35.6,1752271792900
0.0,0.0,0.707,35.6,1752271793397
0.0,0.0,0.718,35.6,1752271793894
0.0,0.0,0.718,35.6,1752271794398
0.0,0.0,0.697,35.6,1752271795283
0.0,0.0,0.697,35.6,1752271795780
0.0,0.0,0.676,35.6,1752271796279
0.0,0.0,0.666,35.6,1752271796776
0.0,0.0,0.666,35.6,1752271797278
0.0,0.0,0.634,35.6,1752271797760
0.0,0.0,0.624,35.6,1752271798256
0.0,0.0,0.614,35.6,1752271798788
0.0,0.0,1.748,35.2,1752271814898
0.0,0.0,1.748,35.2,1752271814998
0.0,0.0,1.748,35.2,1752271815168
0.0,0.0,1.748,35.2,1752271815277
0.0,0.0,1.758,35.2,1752271815451
0.0,0.0,1.758,35.2,1752271815549
0.0,0.0,1.769,35.2,1752271815723
0.0,0.0,1.769,35.2,1752271815821
0.0,0.0,1.769,35.2,1752271815993
31.708423614501953,-97.18889617919922,1.769,35.2,1752271816000
0.0,0.0,1.779,35.2,1752271816093
0.0,0.0,1.779,35.2,1752271816280
0.0,0.0,1.779,35.2,1752271816380
0.0,0.0,1.779,35.2,1752271816560
0.0,0.0,1.779,35.2,1752271816658
0.0,0.0,1.779,35.2,1752271816834
0.0,0.0,1.769,35.2,1752271816931
0.0,0.0,1.758,35.2,1752271817105
0.0,0.0,1.748,35.2,1752271817218
0.0,0.0,1.748,35.2,1752271817419
0.0,0.0,1.748,35.2,1752271817529
0.0,0.0,1.737,35.2,1752271817741
0.0,0.0,1.737,35.2,1752271817851
31.708415985107422,-97.18890380859375,1.737,35.2,1752271818000
0.0,0.0,1.737,35.2,1752271818061
0.0,0.0,1.737,35.2,1752271818592
0.0,0.0,1.737,35.2,1752271818764
0.0,0.0,1.727,35.2,1752271818863
0.0,0.0,1.717,35.2,1752271819031
0.0,0.0,1.727,35.2,1752271819126
0.0,0.0,1.717,35.2,1752271819337
0.0,0.0,1.706,35.2,1752271819448
0.0,0.0,1.706,35.2,1752271819660
0.0,0.0,1.696,35.2,1752271819773
0.0,0.0,1.696,35.2,1752271819986
0.0,0.0,1.696,35.2,1752271820518
0.0,0.0,1.675,35.2,1752271820687
0.0,0.0,1.654,35.2,1752271820780
0.0,0.0,1.633,35.2,1752271820948
31.70841407775879,-97.18890380859375,1.644,35.2,1752271821000
0.0,0.0,1.644,35.2,1752271821044
0.0,0.0,1.633,35.2,1752271821228
0.0,0.0,1.613,35.2,1752271821329
0.0,0.0,1.602,35.2,1752271821503
0.0,0.0,1.602,35.2,1752271821602
0.0,0.0,1.581,35.2,1752271821773
0.0,0.0,1.561,35.2,1752271821870
0.0,0.0,1.55,35.2,1752271822044
0.0,0.0,1.529,35.2,1752271822144
0.0,0.0,1.498,35.2,1752271822360
0.0,0.0,1.498,35.2,1752271822472
0.0,0.0,1.488,35.2,1752271822683
0.0,0.0,1.467,35.2,1752271822793
31.70840835571289,-97.18890380859375,1.436,35.2,1752271823000
0.0,0.0,1.436,35.2,1752271823005
0.0,0.0,1.425,35.2,1752271823536
0.0,0.0,1.415,35.2,1752271823702
0.0,0.0,1.384,35.2,1752271823801
0.0,0.0,1.384,35.2,1752271823972
0.0,0.0,1.352,35.2,1752271824067
0.0,0.0,1.332,35.2,1752271824253
0.0,0.0,1.311,35.2,1752271824366
0.0,0.0,1.311,35.2,1752271824576
0.0,0.0,1.29,35.2,1752271824687
0.0,0.0,1.28,35.2,1752271824899
0.0,0.0,1.248,35.2,1752271825009
0.0,0.0,1.248,35.2,1752271825634
0.0,0.0,1.228,35.2,1752271825722
0.0,0.0,1.217,35.2,1752271825895
0.0,0.0,1.196,35.2,1752271825984
31.708402633666992,-97.18890380859375,1.196,35.2,1752271826000
0.0,0.0,1.175,35.2,1752271826162
0.0,0.0,1.175,35.2,1752271826267
0.0,0.0,1.155,35.2,1752271826447
0.0,0.0,1.134,35.2,1752271826543
0.0,0.0,1.123,35.2,1752271826730
0.0,0.0,1.092,35.2,1752271826821
0.0,0.0,1.092,35.2,1752271827003
0.0,0.0,1.082,35.2,1752271827098
0.0,0.0,1.071,35.2,1752271827328
0.0,0.0,1.061,35.2,1752271827437
0.0,0.0,1.04,35.2,1752271827647
0.0,0.0,1.051,35.2,1752271827758
0.0,0.0,1.04,35.2,1752271827971
31.70840072631836,-97.18891143798828,1.04,35.2,1752271828000
0.0,0.0,1.04,35.2,1752271828506
0.0,0.0,1.051,35.2,1752271828719
0.0,0.0,1.04,35.2,1752271828830
0.0,0.0,1.03,35.2,1752271829046
0.0,0.0,1.019,35.2,1752271829160
0.0,0.0,1.019,35.2,1752271829392
0.0,0.0,0.999,35.2,1752271829502
0.0,0.0,0.988,35.2,1752271829713
0.0,0.0,0.988,35.2,1752271829821
0.0,0.0,0.999,35.2,1752271830034
0.0,0.0,0.988,35.2,1752271830568
0.0,0.0,0.978,35.2,1752271830735
0.0,0.0,0.957,35.2,1752271830830
31.70840072631836,-97.18890380859375,0.947,35.2,1752271831000
0.0,0.0,0.947,35.2,1752271831006
0.0,0.0,0.936,35.2,1752271831103
0.0,0.0,0.936,35.2,1752271831291
0.0,0.0,0.905,35.2,1752271831391
0.0,0.0,0.905,35.2,1752271831572
0.0,0.0,0.905,35.2,1752271831671
0.0,0.0,0.905,35.2,1752271831846
0.0,0.0,0.905,35.2,1752271831946
0.0,0.0,0.895,35.2,1752271832125
0.0,0.0,0.874,35.2,1752271832237
0.0,0.0,0.884,35.2,1752271832442
0.0,0.0,0.895,35.2,1752271832553
0.0,0.0,0.895,35.2,1752271832766
0.0,0.0,0.895,35.2,1752271832878
31.708398818969727,-97.18891143798828,0.884,35.2,1752271833000
0.0,0.0,0.884,35.2,1752271833089
0.0,0.0,0.926,35.2,1752271833627
0.0,0.0,0.905,35.2,1752271833824
0.0,0.0,0.905,35.2,1752271833919
0.0,0.0,0.895,35.2,1752271834093
0.0,0.0,0.895,35.2,1752271834207
0.0,0.0,0.895,35.2,1752271834410
0.0,0.0,0.915,35.2,1752271834520
0.0,0.0,0.926,35.2,1752271834731
0.0,0.0,0.905,35.2,1752271834842
0.0,0.0,0.905,35.2,1752271835055
0.0,0.0,0.905,35.2,1752271835588
0.0,0.0,0.905,35.2,1752271835784
0.0,0.0,0.874,35.2,1752271835877
31.708396911621094,-97.18891906738281,0.874,35.2,1752271836000
0.0,0.0,0.874,35.2,1752271836050
0.0,0.0,0.874,35.2,1752271836154
0.0,0.0,0.874,35.2,1752271836337
0.0,0.0,0.874,35.2,1752271836434
0.0,0.0,0.874,35.2,1752271836610
0.0,0.0,0.863,35.2,1752271836721
0.0,0.0,0.853,35.2,1752271836902
0.0,0.0,0.874,35.2,1752271836998
0.0,0.0,0.884,35.2,1752271837181
0.0,0.0,0.884,35.2,1752271837291
0.0,0.0,0.884,35.2,1752271837497
0.0,0.0,0.895,35.2,1752271837607
0.0,0.0,0.895,35.2,1752271837819
0.0,0.0,0.895,35.2,1752271837929
0.0,0.0,0.905,35.2,1752271838142
0.0,0.0,0.895,35.2,1752271838680
0.0,0.0,0.874,35.2,1752271838888
0.0,0.0,0.895,35.2,1752271838977
31.708389282226562,-97.18892669677734,0.895,35.2,1752271839000
0.0,0.0,0.884,35.2,1752271839157
0.0,0.0,0.874,35.2,1752271839266
0.0,0.0,0.874,35.2,1752271839443
0.0,0.0,0.874,35.2,1752271839542
0.0,0.0,0.874,35.2,1752271839717
0.0,0.0,0.884,35.2,1752271839816
0.0,0.0,0.895,35.2,1752271840000
0.0,0.0,0.915,35.2,1752271840100
0.0,0.0,0.905,35.2,1752271840319
0.0,0.0,0.895,35.2,1752271840431
0.0,0.0,0.936,35.2,1752271840642
0.0,0.0,0.947,35.2,1752271840752
0.0,0.0,0.967,35.2,1752271840967
31.708391189575195,-97.18892669677734,0.967,35.2,1752271841000
0.0,0.0,0.978,35.2,1752271841508
0.0,0.0,0.999,35.2,1752271841702
0.0,0.0,1.019,35.2,1752271841803
0.0,0.0,1.019,35.2,1752271841978
0.0,0.0,1.009,35.2,1752271842075
0.0,0.0,1.019,35.2,1752271842266
0.0,0.0,1.009,35.2,1752271842385
0.0,0.0,1.009,35.2,1752271842597
0.0,0.0,1.03,35.2,1752271842707
0.0,0.0,0.988,35.2,1752271842919
0.0,0.0,0.967,35.2,1752271843029
0.0,0.0,0.957,35.2,1752271843666
0.0,0.0,0.947,35.2,1752271843772
0.0,0.0,0.947,35.2,1752271843943
31.70838737487793,-97.18892669677734,0.926,35.2,1752271844000
0.0,0.0,0.926,35.2,1752271844035
0.0,0.0,0.926,35.2,1752271844234
0.0,0.0,0.936,35.2,1752271844325
0.0,0.0,0.936,35.2,1752271844509
0.0,0.0,0.957,35.2,1752271844604
0.0,0.0,0.967,35.2,1752271844786
0.0,0.0,0.957,35.2,1752271844883
0.0,0.0,0.978,35.2,1752271845065
0.0,0.0,0.988,35.2,1752271845168
0.0,0.0,0.999,35.2,1752271845389
0.0,0.0,0.999,35.2,1752271845498
0.0,0.0,1.009,35.2,1752271845710
0.0,0.0,1.019,35.2,1752271845819
31.7083797454834,-97.18893432617188,1.019,35.2,1752271846000
0.0,0.0,1.019,35.2,1752271846031
0.0,0.0,1.019,35.2,1752271846582
0.0,0.0,1.03,35.2,1752271846795
0.0,0.0,0.999,35.2,1752271846900
0.0,0.0,0.988,35.2,1752271847078
0.0,0.0,0.978,35.2,1752271847198
0.0,0.0,0.988,35.2,1752271847400
0.0,0.0,0.967,35.2,1752271847511
0.0,0.0,0.978,35.2,1752271847725
0.0,0.0,0.978,35.2,1752271847834
0.0,0.0,0.967,35.2,1752271848046
0.0,0.0,0.978,35.2,1752271848583
0.0,0.0,0.967,35.0,1752271848812
0.0,0.0,0.978,35.0,1752271848908
31.708377838134766,-97.1889419555664,0.967,35.0,1752271849000
0.0,0.0,0.967,35.0,1752271849084
0.0,0.0,0.988,35.0,1752271849196
0.0,0.0,1.019,35.0,1752271849374
0.0,0.0,1.04,35.0,1752271849474
0.0,0.0,1.04,35.0,1752271849658
0.0,0.0,1.051,35.0,1752271849759
0.0,0.0,1.04,35.0,1752271849940
0.0,0.0,1.04,35.0,1752271850044
0.0,0.0,1.051,35.0,1752271850240
0.0,0.0,1.061,35.0,1752271850357
0.0,0.0,1.061,35.0,1752271850568
0.0,0.0,1.082,35.0,1752271850678
0.0,0.0,1.082,35.0,1752271850893
0.0,0.0,1.082,35.0,1752271851003
0.0,0.0,1.051,35.0,1752271851646
0.0,0.0,1.04,35.0,1752271851757
0.0,0.0,1.051,35.0,1752271851970
31.7083797454834,-97.1889419555664,1.051,35.0,1752271852000
0.0,0.0,1.04,35.0,1752271852081
0.0,0.0,1.04,35.0,1752271852288
0.0,0.0,1.03,35.0,1752271852384
0.0,0.0,1.009,35.0,1752271852572
0.0,0.0,0.999,35.0,1752271852670
0.0,0.0,1.009,35.0,1752271852858
0.0,0.0,1.03,35.0,1752271852955
0.0,0.0,1.04,35.0,1752271853147
0.0,0.0,1.061,35.0,1752271853255
0.0,0.0,1.103,35.0,1752271853471
0.0,0.0,1.144,35.0,1752271853581
0.0,0.0,1.144,35.0,1752271853794
0.0,0.0,1.175,35.0,1752271853903
31.708375930786133,-97.18894958496094,1.175,35.0,1752271854000
0.0,0.0,1.196,35.0,1752271854113
0.0,0.0,1.238,35.0,1752271854658
0.0,0.0,1.269,35.0,1752271854873
0.0,0.0,1.311,35.0,1752271854988
0.0,0.0,1.321,35.0,1752271855203
0.0,0.0,1.311,35.0,1752271855309
0.0,0.0,1.311,35.0,1752271855513
0.0,0.0,1.3,35.0,1752271855623
0.0,0.0,1.29,35.0,1752271855834
0.0,0.0,1.28,35.0,1752271855943
0.0,0.0,1.29,35.0,1752271856155
0.0,0.0,1.28,35.0,1752271856706
0.0,0.0,1.259,35.0,1752271856918
31.708372116088867,-97.18895721435547,1.238,35.0,1752271857000
0.0,0.0,1.238,35.0,1752271857028
0.0,0.0,1.228,35.0,1752271857253
0.0,0.0,1.228,35.0,1752271857350
0.0,0.0,1.217,35.0,1752271857528
0.0,0.0,1.238,35.0,1752271857632
0.0,0.0,1.228,35.0,1752271857815
0.0,0.0,1.228,35.0,1752271857918
0.0,0.0,1.248,35.0,1752271858099
0.0,0.0,1.259,35.0,1752271858214
0.0,0.0,1.28,35.0,1752271858420
0.0,0.0,1.29,35.0,1752271858533
0.0,0.0,1.311,35.0,1752271858743
0.0,0.0,1.311,35.0,1752271858852
0.0,0.0,1.3,35.0,1752271859064
0.0,0.0,1.28,35.0,1752271859601
0.0,0.0,1.29,35.0,1752271859814
0.0,0.0,1.29,35.0,1752271859924
31.7083683013916,-97.18895721435547,1.29,35.0,1752271860000
0.0,0.0,1.311,35.0,1752271860134
0.0,0.0,1.29,35.0,1752271860248
0.0,0.0,1.269,35.0,1752271860426
0.0,0.0,1.248,35.0,1752271860526
0.0,0.0,1.248,35.0,1752271860710
0.0,0.0,1.228,35.0,1752271860813
0.0,0.0,1.217,35.0,1752271860995
0.0,0.0,1.217,35.0,1752271861095
0.0,0.0,1.217,35.0,1752271861292
0.0,0.0,1.248,35.0,1752271861409
0.0,0.0,1.217,35.0,1752271861616
0.0,0.0,1.175,35.0,1752271861726
0.0,0.0,1.134,35.0,1752271861931
0.0,0.0,1.134,35.0,1752271862041
0.0,0.0,1.123,35.0,1752271862685
0.0,0.0,1.134,35.0,1752271862795
0.0,0.0,1.144,35.0,1752271863002
0.0,0.0,1.134,35.0,1752271863112
0.0,0.0,1.113,35.0,1752271863328
0.0,0.0,1.113,35.0,1752271863438
0.0,0.0,1.103,35.0,1752271863625
0.0,0.0,1.082,35.0,1752271863720
0.0,0.0,1.113,35.0,1752271863900
0.0,0.0,1.134,35.0,1752271863995
31.708362579345703,-97.18897247314453,1.134,35.0,1752271864000
0.0,0.0,1.155,35.0,1752271864188
0.0,0.0,1.155,35.0,1752271864288
0.0,0.0,1.123,35.0,1752271864473
0.0,0.0,1.103,35.0,1752271864573
0.0,0.0,1.071,35.0,1752271864759
0.0,0.0,1.103,35.0,1752271864859
0.0,0.0,1.103,35.0,1752271865043
0.0,0.0,1.071,35.0,1752271865147
0.0,0.0,1.061,35.0,1752271865363
0.0,0.0,1.061,35.0,1752271865473
0.0,0.0,1.019,35.0,1752271865676
0.0,0.0,1.009,35.0,1752271865787
0.0,0.0,0.978,35.0,1752271865989
0.0,0.0,0.967,35.0,1752271866533
0.0,0.0,0.967,35.0,1752271866737
0.0,0.0,0.967,35.0,1752271866852
31.708364486694336,-97.18897247314453,0.988,35.0,1752271867000
0.0,0.0,0.988,35.0,1752271867054
0.0,0.0,0.967,35.0,1752271867171
0.0,0.0,0.978,35.0,1752271867378
0.0,0.0,0.999,35.0,1752271867489
0.0,0.0,1.051,35.0,1752271867683
0.0,0.0,1.061,35.0,1752271867783
0.0,0.0,1.113,35.0,1752271867956
0.0,0.0,1.123,35.0,1752271868056
0.0,0.0,1.123,35.0,1752271868246
0.0,0.0,1.134,35.0,1752271868363
0.0,0.0,1.155,35.0,1752271868563
0.0,0.0,1.165,35.0,1752271868673
0.0,0.0,1.186,35.0,1752271868872
0.0,0.0,1.196,35.0,1752271868981
0.0,0.0,1.217,35.0,1752271869630
0.0,0.0,1.217,35.0,1752271869742
0.0,0.0,1.207,35.0,1752271869941
31.708362579345703,-97.18898010253906,1.228,35.0,1752271870000
0.0,0.0,1.228,35.0,1752271870054
0.0,0.0,1.207,35.0,1752271870261
0.0,0.0,1.228,35.0,1752271870374
0.0,0.0,1.238,35.0,1752271870546
0.0,0.0,1.259,35.0,1752271870643
0.0,0.0,1.228,35.0,1752271870817
0.0,0.0,1.248,35.0,1752271870925
0.0,0.0,1.238,35.0,1752271871095
0.0,0.0,1.238,35.0,1752271871208
0.0,0.0,1.238,35.0,1752271871410
0.0,0.0,1.228,35.0,1752271871519
0.0,0.0,1.238,35.0,1752271871718
0.0,0.0,1.238,35.0,1752271871827
31.708362579345703,-97.18898010253906,1.269,35.0,1752271872000
0.0,0.0,1.269,35.0,1752271872022
0.0,0.0,1.28,35.0,1752271872562
0.0,0.0,1.29,35.0,1752271872764
0.0,0.0,1.269,35.0,1752271872875
0.0,0.0,1.3,35.0,1752271873070
0.0,0.0,1.311,35.0,1752271873190
0.0,0.0,1.321,35.0,1752271873395
0.0,0.0,1.321,35.0,1752271873505
0.0,0.0,1.332,35.0,1752271873701
0.0,0.0,1.352,35.0,1752271873814
0.0,0.0,1.352,35.0,1752271874010
0.0,0.0,1.373,35.0,1752271874560
0.0,0.0,1.373,35.0,1752271874754
0.0,0.0,1.363,35.0,1752271874866
31.708356857299805,-97.1889877319336,1.352,35.0,1752271875000
0.0,0.0,1.352,35.0,1752271875062
0.0,0.0,1.363,35.0,1752271875176
0.0,0.0,1.363,35.0,1752271875375
0.0,0.0,1.373,35.0,1752271875486
0.0,0.0,1.373,35.0,1752271875661
0.0,0.0,1.394,35.0,1752271875765
0.0,0.0,1.415,35.0,1752271875934
0.0,0.0,1.436,35.0,1752271876039
0.0,0.0,1.446,35.0,1752271876220
0.0,0.0,1.446,35.0,1752271876343
0.0,0.0,1.456,35.0,1752271876534
0.0,0.0,1.477,35.0,1752271876647
0.0,0.0,1.477,35.0,1752271876839
0.0,0.0,1.477,35.0,1752271876951
31.708349227905273,-97.1889877319336,1.477,35.0,1752271877000
0.0,0.0,1.477,35.0,1752271877567
0.0,0.0,1.488,35.0,1752271877682
0.0,0.0,1.477,35.0,1752271877877
0.0,0.0,1.467,35.0,1752271877986
0.0,0.0,1.446,35.0,1752271878181
0.0,0.0,1.425,35.0,1752271878296
0.0,0.0,1.436,35.0,1752271878496
0.0,0.0,1.425,35.0,1752271878606
0.0,0.0,1.425,35.0,1752271878794
0.0,0.0,1.394,35.0,1752271878906
0.0,0.0,1.394,35.0,1752271879093
0.0,0.0,1.404,35.0,1752271879636
0.0,0.0,1.415,35.0,1752271879824
0.0,0.0,1.415,35.0,1752271879934
31.708349227905273,-97.18899536132812,1.415,35.0,1752271880000
0.0,0.0,1.415,35.0,1752271880123
0.0,0.0,1.425,35.0,1752271880242
0.0,0.0,1.446,35.0,1752271880431
0.0,0.0,1.456,35.0,1752271880542
0.0,0.0,1.446,35.0,1752271880730
0.0,0.0,1.477,35.0,1752271880841
0.0,0.0,1.488,35.0,1752271881028
0.0,0.0,1.498,35.0,1752271881143
0.0,0.0,1.488,35.0,1752271881344
0.0,0.0,1.488,35.0,1752271881454
0.0,0.0,1.467,35.0,1752271881639
0.0,0.0,1.467,35.0,1752271881748
0.0,0.0,1.467,35.0,1752271881934
0.0,0.0,1.446,35.0,1752271882471
0.0,0.0,1.446,35.0,1752271882665
0.0,0.0,1.425,35.0,1752271882778
0.0,0.0,1.425,35.0,1752271882967
31.708345413208008,-97.18899536132812,1.425,35.0,1752271883000
0.0,0.0,1.394,35.0,1752271883078
0.0,0.0,1.363,35.0,1752271883286
0.0,0.0,1.342,35.0,1752271883398
0.0,0.0,1.342,35.0,1752271883587
0.0,0.0,1.332,35.0,1752271883697
0.0,0.0,1.332,35.0,1752271883874
0.0,0.0,1.311,35.0,1752271883976
0.0,0.0,1.29,35.0,1752271884140
0.0,0.0,1.3,35.0,1752271884257
0.0,0.0,1.3,35.0,1752271884445
0.0,0.0,1.29,35.0,1752271884554
0.0,0.0,1.28,35.0,1752271884741
0.0,0.0,1.28,35.0,1752271884853
31.708335876464844,-97.18900299072266,1.269,35.0,1752271885000
0.0,0.0,1.269,35.0,1752271885038
0.0,0.0,1.28,35.0,1752271885567
0.0,0.0,1.259,35.0,1752271885772
0.0,0.0,1.248,35.0,1752271885883
0.0,0.0,1.248,35.0,1752271886071
0.0,0.0,1.248,35.0,1752271886190
0.0,0.0,1.228,35.0,1752271886393
0.0,0.0,1.207,35.0,1752271886502
0.0,0.0,1.186,35.0,1752271886689
0.0,0.0,1.186,35.0,1752271886798
0.0,0.0,1.196,35.0,1752271887015
0.0,0.0,1.186,35.0,1752271887589
0.0,0.0,1.175,35.0,1752271887785
0.0,0.0,1.165,35.0,1752271887895
31.708335876464844,-97.18900299072266,1.175,35.0,1752271888000
0.0,0.0,1.175,35.0,1752271888084
0.0,0.0,1.175,35.0,1752271888209
0.0,0.0,1.175,35.0,1752271888401
0.0,0.0,1.165,35.0,1752271888512
0.0,0.0,1.165,35.0,1752271888698
0.0,0.0,1.155,35.0,1752271888808
0.0,0.0,1.155,35.0,1752271888992
0.0,0.0,1.144,35.0,1752271889105
0.0,0.0,1.134,35.0,1752271889306
0.0,0.0,1.134,35.0,1752271889428
0.0,0.0,1.123,35.0,1752271889613
0.0,0.0,1.144,35.0,1752271889724
0.0,0.0,1.123,35.0,1752271889908
31.708335876464844,-97.18901062011719,1.103,35.0,1752271890000
0.0,0.0,1.103,35.0,1752271890018
0.0,0.0,1.103,35.0,1752271890621
0.0,0.0,1.113,35.0,1752271890742
0.0,0.0,1.103,35.0,1752271890928
0.0,0.0,1.113,35.0,1752271891042
0.0,0.0,1.103,35.0,1752271891243
0.0,0.0,1.103,35.0,1752271891365
0.0,0.0,1.123,35.0,1752271891551
0.0,0.0,1.134,35.0,1752271891660
0.0,0.0,1.134,35.0,1752271891844
0.0,0.0,1.123,35.0,1752271892001
0.0,0.0,1.165,35.0,1752271892627
0.0,0.0,1.196,35.0,1752271892747
0.0,0.0,1.196,35.0,1752271892932
31.708335876464844,-97.18901824951172,1.248,35.0,1752271893000
0.0,0.0,1.248,35.0,1752271893044
0.0,0.0,1.217,35.0,1752271893246
0.0,0.0,1.207,35.0,1752271893356
0.0,0.0,1.196,35.0,1752271893543
0.0,0.0,1.165,35.0,1752271893658
0.0,0.0,1.144,35.0,1752271893844
0.0,0.0,1.092,35.0,1752271893955
0.0,0.0,1.061,35.0,1752271894144
0.0,0.0,1.051,35.0,1752271894268
0.0,0.0,0.967,35.0,1752271894472
0.0,0.0,0.926,35.0,1752271894581
0.0,0.0,0.895,35.0,1752271894770
0.0,0.0,0.822,35.0,1752271894881
0.0,0.0,0.822,35.0,1752271895065
0.0,0.0,0.822,35.0,1752271895597
0.0,0.0,0.811,35.0,1752271895794
0.0,0.0,0.811,35.0,1752271895904
31.708335876464844,-97.18901824951172,0.811,35.0,1752271896000
0.0,0.0,0.811,35.0,1752271896091
0.0,0.0,0.842,35.0,1752271896219
0.0,0.0,0.853,35.0,1752271896405
0.0,0.0,0.874,35.0,1752271896515
0.0,0.0,0.926,35.0,1752271896704
0.0,0.0,0.947,35.0,1752271896815
0.0,0.0,0.967,35.0,1752271897004
0.0,0.0,0.988,35.0,1752271897113
0.0,0.0,0.967,35.0,1752271897323
0.0,0.0,0.967,35.0,1752271897433
0.0,0.0,0.978,35.0,1752271897618
0.0,0.0,0.978,35.0,1752271897729
0.0,0.0,0.957,35.0,1752271897913
31.70833396911621,-97.18901824951172,0.957,35.0,1752271898000
0.0,0.0,0.936,35.0,1752271898447
0.0,0.0,0.926,35.0,1752271898644
0.0,0.0,0.874,35.0,1752271898755
0.0,0.0,0.863,35.0,1752271898945
0.0,0.0,0.842,35.0,1752271899056
0.0,0.0,0.811,35.0,1752271899254
0.0,0.0,0.832,35.0,1752271899377
0.0,0.0,0.822,35.0,1752271899565
0.0,0.0,0.822,35.0,1752271899676
0.0,0.0,0.811,35.0,1752271899890
0.0,0.0,0.79,35.0,1752271900029
0.0,0.0,0.79,35.0,1752271900653
0.0,0.0,0.801,35.0,1752271900764
0.0,0.0,0.801,35.0,1752271900950
31.70833396911621,-97.18902587890625,0.801,35.0,1752271901000
0.0,0.0,0.811,35.0,1752271901060
0.0,0.0,0.801,35.0,1752271901260
0.0,0.0,0.811,35.0,1752271901370
0.0,0.0,0.822,35.0,1752271901561
0.0,0.0,0.811,35.0,1752271901671
0.0,0.0,0.811,35.0,1752271901860
0.0,0.0,0.822,35.0,1752271901970
0.0,0.0,0.822,35.0,1752271902155
0.0,0.0,0.811,35.0,1752271902276
0.0,0.0,0.811,35.0,1752271902460
0.0,0.0,0.811,35.0,1752271902573
0.0,0.0,4.683,34.0,1752271919700
0.0,0.0,4.662,34.0,1752271919797
0.0,0.0,4.693,34.0,1752271919970
0.0,0.0,4.714,34.0,1752271920084
0.0,0.0,4.735,34.0,1752271920270
0.0,0.0,4.745,34.0,1752271920381
0.0,0.0,4.766,34.0,1752271920554
0.0,0.0,4.787,34.0,1752271920667
0.0,0.0,4.808,34.0,1752271920835
0.0,0.0,4.839,34.0,1752271920944
31.7082462310791,-97.18923950195312,4.839,34.0,1752271921000
0.0,0.0,4.849,34.0,1752271921114
0.0,0.0,4.87,34.0,1752271921238
0.0,0.0,4.87,34.0,1752271921407
0.0,0.0,4.87,34.0,1752271921515
0.0,0.0,4.849,34.0,1752271921691
0.0,0.0,4.828,34.0,1752271921797
0.0,0.0,4.797,34.0,1752271921967
0.0,0.0,4.776,34.0,1752271922073
0.0,0.0,4.756,34.0,1752271922259
0.0,0.0,4.735,34.0,1752271922380
0.0,0.0,4.735,34.0,1752271922573
0.0,0.0,4.703,34.0,1752271922685
0.0,0.0,4.683,34.0,1752271922874
0.0,0.0,4.662,34.0,1752271922988
0.0,0.0,4.672,34.0,1752271923587
0.0,0.0,4.662,34.0,1752271923712
0.0,0.0,4.683,34.0,1752271923903
31.708253860473633,-97.18923950195312,4.693,34.0,1752271924000
0.0,0.0,4.693,34.0,1752271924015
0.0,0.0,4.724,34.0,1752271924220
0.0,0.0,4.745,34.0,1752271924346
0.0,0.0,4.776,34.0,1752271924536
0.0,0.0,4.776,34.0,1752271924649
0.0,0.0,4.766,34.0,1752271924840
0.0,0.0,4.797,34.0,1752271924953
0.0,0.0,4.818,34.0,1752271925127
0.0,0.0,4.818,34.0,1752271925242
0.0,0.0,4.818,34.0,1752271925433
0.0,0.0,4.808,34.0,1752271925546
0.0,0.0,4.808,34.0,1752271925737
0.0,0.0,4.797,34.0,1752271925849
31.708255767822266,-97.1892318725586,4.787,34.0,1752271926000
0.0,0.0,4.787,34.0,1752271926038
0.0,0.0,4.787,34.0,1752271926570
0.0,0.0,4.756,34.0,1752271926777
0.0,0.0,4.766,34.0,1752271926893
0.0,0.0,4.787,34.0,1752271927089
0.0,0.0,4.797,34.0,1752271927218
0.0,0.0,4.776,34.0,1752271927422
0.0,0.0,4.766,34.0,1752271927538
0.0,0.0,4.787,34.0,1752271927729
0.0,0.0,4.766,34.0,1752271927843
0.0,0.0,4.756,34.0,1752271928050
0.0,0.0,4.745,34.0,1752271928586
0.0,0.0,4.724,34.0,1752271928791
0.0,0.0,4.714,34.0,1752271928908
31.708253860473633,-97.18922424316406,4.714,34.0,1752271929000
0.0,0.0,4.714,34.0,1752271929103
0.0,0.0,4.714,34.0,1752271929230
0.0,0.0,4.703,34.0,1752271929426
0.0,0.0,4.683,34.0,1752271929539
0.0,0.0,4.693,34.0,1752271929730
0.0,0.0,4.703,34.0,1752271929843
0.0,0.0,4.693,34.0,1752271930036
0.0,0.0,4.714,34.0,1752271930152
0.0,0.0,4.724,34.0,1752271930358
0.0,0.0,4.714,34.0,1752271930470
0.0,0.0,4.735,34.0,1752271930662
0.0,0.0,4.724,34.0,1752271930774
0.0,0.0,4.735,34.0,1752271930965
0.0,0.0,4.714,34.0,1752271931490
0.0,0.0,4.724,34.0,1752271931686
0.0,0.0,4.745,34.0,1752271931799
0.0,0.0,4.735,34.0,1752271931992
31.7082576751709,-97.18922424316406,4.735,34.0,1752271932000
0.0,0.0,4.714,34.0,1752271932104
0.0,0.0,4.703,34.0,1752271932307
0.0,0.0,4.683,34.0,1752271932419
0.0,0.0,4.683,34.0,1752271932610
0.0,0.0,4.683,34.0,1752271932722
0.0,0.0,4.672,34.0,1752271932912
0.0,0.0,4.672,34.0,1752271933024
0.0,0.0,4.672,34.0,1752271933217
0.0,0.0,4.672,34.0,1752271933345
0.0,0.0,4.641,34.0,1752271933538
0.0,0.0,4.631,34.0,1752271933651
0.0,0.0,4.651,34.0,1752271933840
0.0,0.0,4.672,34.0,1752271933951
31.708261489868164,-97.18921661376953,4.672,34.0,1752271934000
0.0,0.0,4.662,34.0,1752271934557
0.0,0.0,4.672,34.0,1752271934678
0.0,0.0,4.662,34.0,1752271934889
0.0,0.0,4.641,34.0,1752271935002
0.0,0.0,4.61,34.0,1752271935200
0.0,0.0,4.599,34.0,1752271935336
0.0,0.0,4.61,34.0,1752271935528
0.0,0.0,4.599,34.0,1752271935640
0.0,0.0,4.599,34.0,1752271935835
0.0,0.0,4.61,34.0,1752271935952
0.0,0.0,4.589,34.0,1752271936574
0.0,0.0,4.568,34.0,1752271936697
0.0,0.0,4.589,34.0,1752271936889
31.708261489868164,-97.18921661376953,4.579,34.0,1752271937000
0.0,0.0,4.579,34.0,1752271937003
0.0,0.0,4.599,34.0,1752271937200
0.0,0.0,4.589,34.0,1752271937323
0.0,0.0,4.61,34.0,1752271937519
0.0,0.0,4.62,34.0,1752271937631
0.0,0.0,4.62,34.0,1752271937824
0.0,0.0,4.641,34.0,1752271937937
0.0,0.0,4.651,34.0,1752271938128
0.0,0.0,4.672,34.0,1752271938254
0.0,0.0,4.662,34.0,1752271938459
0.0,0.0,4.683,34.0,1752271938572
0.0,0.0,4.651,34.0,1752271938763
0.0,0.0,4.662,34.0,1752271938875
31.708263397216797,-97.18921661376953,4.662,34.0,1752271939000
0.0,0.0,4.662,34.0,1752271939066
0.0,0.0,4.672,34.0,1752271939605
0.0,0.0,4.641,34.0,1752271939799
0.0,0.0,4.631,34.0,1752271939911
0.0,0.0,4.62,34.0,1752271940108
0.0,0.0,4.589,34.0,1752271940237
0.0,0.0,4.579,34.0,1752271940442
0.0,0.0,4.558,34.0,1752271940554
0.0,0.0,4.558,34.0,1752271940775
0.0,0.0,4.547,34.0,1752271940942
0.0,0.0,4.558,34.0,1752271941213
0.0,0.0,4.537,34.0,1752271941742
0.0,0.0,4.527,34.0,1752271941939
31.70826530456543,-97.18922424316406,4.506,34.0,1752271942000
0.0,0.0,4.506,34.0,1752271942054
0.0,0.0,4.527,34.0,1752271942262
0.0,0.0,4.527,34.0,1752271942376
0.0,0.0,4.516,34.0,1752271942572
0.0,0.0,4.527,34.0,1752271942685
0.0,0.0,4.506,34.0,1752271942881
0.0,0.0,4.516,34.0,1752271942994
0.0,0.0,4.506,34.0,1752271943195
0.0,0.0,4.516,34.0,1752271943320
0.0,0.0,4.506,34.0,1752271943526
0.0,0.0,4.506,34.0,1752271943641
0.0,0.0,4.485,34.0,1752271943838
0.0,0.0,4.485,34.0,1752271943951
0.0,0.0,4.464,34.0,1752271944219
0.0,0.0,4.464,34.0,1752271944743
0.0,0.0,4.454,34.0,1752271944937
31.708263397216797,-97.18921661376953,4.443,34.0,1752271945000
0.0,0.0,4.443,34.0,1752271945050
0.0,0.0,4.454,34.0,1752271945259
0.0,0.0,4.464,34.0,1752271945371
0.0,0.0,4.454,34.0,1752271945566
0.0,0.0,4.454,34.0,1752271945683
0.0,0.0,4.443,34.0,1752271945877
0.0,0.0,4.443,34.0,1752271945991
0.0,0.0,4.433,34.0,1752271946191
0.0,0.0,4.443,34.0,1752271946316
0.0,0.0,4.443,34.0,1752271946523
0.0,0.0,4.422,34.0,1752271946637
0.0,0.0,4.422,34.0,1752271946834
0.0,0.0,4.433,34.0,1752271946964
0.0,0.0,4.422,34.0,1752271947267
0.0,0.0,4.402,34.0,1752271947801
0.0,0.0,4.402,34.0,1752271947995
31.708263397216797,-97.18921661376953,4.402,34.0,1752271948000
0.0,0.0,4.402,34.0,1752271948109
0.0,0.0,4.391,34.0,1752271948320
0.0,0.0,4.391,34.0,1752271948432
0.0,0.0,4.381,34.0,1752271948630
0.0,0.0,4.35,34.0,1752271948742
0.0,0.0,4.35,34.0,1752271948938
0.0,0.0,4.36,34.0,1752271949054
0.0,0.0,4.36,34.0,1752271949323
0.0,0.0,4.36,34.0,1752271949480
0.0,0.0,4.36,34.0,1752271949593
0.0,0.0,4.36,34.0,1752271949789
0.0,0.0,4.35,34.0,1752271949954
31.708263397216797,-97.18921661376953,4.35,34.0,1752271950000
0.0,0.0,4.35,34.0,1752271950221
0.0,0.0,4.35,34.0,1752271950762
0.0,0.0,4.339,34.0,1752271950958
0.0,0.0,4.339,34.0,1752271951071
0.0,0.0,4.339,34.0,1752271951280
0.0,0.0,4.339,34.0,1752271951406
0.0,0.0,4.329,34.0,1752271951602
0.0,0.0,4.318,34.0,1752271951767
0.0,0.0,4.318,34.0,1752271952057
0.0,0.0,4.308,34.0,1752271952242
0.0,0.0,4.318,34.0,1752271952857
0.0,0.0,4.308,34.0,1752271952972
31.70826530456543,-97.189208984375,4.308,34.0,1752271953000
0.0,0.0,4.298,34.0,1752271953173
0.0,0.0,4.287,34.0,1752271953296
0.0,0.0,4.287,34.0,1752271953495
0.0,0.0,4.287,34.0,1752271953608
0.0,0.0,4.287,34.0,1752271953807
0.0,0.0,4.287,34.0,1752271953924
0.0,0.0,4.287,34.0,1752271954121
0.0,0.0,4.287,34.0,1752271954247
0.0,0.0,4.298,34.0,1752271954456
0.0,0.0,4.287,34.0,1752271954569
0.0,0.0,4.277,34.0,1752271954764
0.0,0.0,4.266,34.0,1752271954929
0.0,0.0,4.266,34.0,1752271955225
0.0,0.0,4.266,34.0,1752271955755
0.0,0.0,4.256,34.0,1752271955952
31.70826530456543,-97.189208984375,4.256,34.0,1752271956000
0.0,0.0,4.256,34.0,1752271956064
0.0,0.0,4.235,34.0,1752271956274
0.0,0.0,4.225,34.0,1752271956387
0.0,0.0,4.225,34.0,1752271956587
0.0,0.0,4.214,34.0,1752271956705
0.0,0.0,4.214,34.0,1752271956903
0.0,0.0,4.204,34.0,1752271957018
0.0,0.0,4.204,34.0,1752271957225
0.0,0.0,4.194,34.0,1752271957352
0.0,0.0,4.194,34.0,1752271957573
0.0,0.0,4.194,34.0,1752271957754
0.0,0.0,4.204,34.0,1752271958050
0.0,0.0,4.194,34.0,1752271958235
0.0,0.0,4.204,34.0,1752271958841
0.0,0.0,4.204,34.0,1752271958954
31.708263397216797,-97.18919372558594,4.204,34.0,1752271959000
0.0,0.0,4.194,34.0,1752271959221
0.0,0.0,4.194,34.0,1752271959324
0.0,0.0,4.183,34.0,1752271959523
0.0,0.0,4.183,34.0,1752271959636
0.0,0.0,4.173,34.0,1752271959834
0.0,0.0,4.173,34.0,1752271959946
0.0,0.0,4.162,34.0,1752271960143
0.0,0.0,4.162,34.0,1752271960265
0.0,0.0,4.152,34.0,1752271960476
0.0,0.0,4.141,34.0,1752271960603
0.0,0.0,4.141,34.0,1752271960905
0.0,0.0,4.141,34.0,1752271961074
0.0,0.0,4.131,34.0,1752271961366
0.0,0.0,4.131,34.0,1752271961887
31.70826530456543,-97.1891860961914,4.131,34.0,1752271962000
0.0,0.0,4.131,34.0,1752271962086
0.0,0.0,4.131,34.0,1752271962207
0.0,0.0,4.121,34.0,1752271962406
0.0,0.0,4.121,34.0,1752271962521
0.0,0.0,4.121,34.0,1752271962719
0.0,0.0,4.11,34.0,1752271962832
0.0,0.0,4.11,34.0,1752271963031
0.0,0.0,4.1,34.0,1752271963150
0.0,0.0,4.1,34.0,1752271963371
0.0,0.0,4.089,34.0,1752271963545
0.0,0.0,4.089,34.0,1752271963829
0.0,0.0,4.089,34.0,1752271963988
0.0,0.0,4.079,34.0,1752271964286
0.0,0.0,4.069,34.0,1752271964769
0.0,0.0,4.058,34.0,1752271964918
0.0,0.0,4.058,34.0,1752271965000
0.0,0.0,4.048,34.0,1752271965148
0.0,0.0,4.048,34.0,1752271965169
0.0,0.0,4.058,34.0,1752271965329
0.0,0.0,4.048,34.0,1752271965411
0.0,0.0,4.048,34.0,1752271965561
0.0,0.0,4.048,34.0,1752271965628
0.0,0.0,4.037,34.0,1752271965820
0.0,0.0,4.037,34.0,1752271965932
31.708269119262695,-97.1891860961914,4.037,34.0,1752271966000
0.0,0.0,4.037,34.0,1752271966126
0.0,0.0,4.037,34.0,1752271966252
0.0,0.0,4.027,34.0,1752271966444
0.0,0.0,4.027,34.0,1752271966558
0.0,0.0,2.154,34.0,1752271984426
0.0,0.0,2.133,34.0,1752271984775
31.70829200744629,-97.1891098022461,2.102,34.0,1752271985000
0.0,0.0,2.102,34.0,1752271985170
0.0,0.0,2.06,34.0,1752271985510
0.0,0.0,2.018,34.0,1752271985874
0.0,0.0,1.987,34.0,1752271985929
0.0,0.0,1.956,34.0,1752271986085
0.0,0.0,1.914,34.0,1752271986154
0.0,0.0,1.862,34.0,1752271986327
0.0,0.0,1.821,34.0,1752271986419
0.0,0.0,1.79,34.0,1752271986655
0.0,0.0,1.737,34.0,1752271986755
0.0,0.0,1.696,34.0,1752271986978
31.708293914794922,-97.1891098022461,1.696,34.0,1752271987000
0.0,0.0,1.654,34.0,1752271987084
0.0,0.0,1.644,34.0,1752271987309
0.0,0.0,1.613,34.0,1752271987802
0.0,0.0,1.613,34.0,1752271987955
0.0,0.0,1.592,34.0,1752271988027
0.0,0.0,1.561,34.0,1752271988183
0.0,0.0,1.54,34.0,1752271988277
0.0,0.0,1.519,34.0,1752271988490
0.0,0.0,1.498,34.0,1752271988589
0.0,0.0,1.467,34.0,1752271988811
0.0,0.0,1.425,34.0,1752271988911
0.0,0.0,1.404,34.0,1752271989136
0.0,0.0,1.373,34.0,1752271989256
0.0,0.0,1.342,34.0,1752271989835
0.0,0.0,1.321,34.0,1752271989902
31.708293914794922,-97.1891098022461,1.269,34.0,1752271990000
0.0,0.0,1.269,34.0,1752271990056
0.0,0.0,1.248,34.0,1752271990124
0.0,0.0,1.238,34.0,1752271990289
0.0,0.0,1.217,34.0,1752271990362
0.0,0.0,1.196,34.0,1752271990514
0.0,0.0,1.175,34.0,1752271990584
0.0,0.0,1.175,34.0,1752271990735
0.0,0.0,1.186,34.0,1752271990801
0.0,0.0,1.196,34.0,1752271990953
0.0,0.0,1.186,34.0,1752271991021
0.0,0.0,1.165,34.0,1752271991176
0.0,0.0,1.155,34.0,1752271991276
0.0,0.0,1.155,34.0,1752271991502
0.0,0.0,1.144,34.0,1752271991598
0.0,0.0,1.113,34.0,1752271991822
0.0,0.0,1.092,34.0,1752271991915
31.708295822143555,-97.1891098022461,1.092,34.0,1752271992000
0.0,0.0,1.071,34.0,1752271992142
0.0,0.0,1.071,34.0,1752271992258
0.0,0.0,1.051,34.0,1752271992850
0.0,0.0,1.04,34.0,1752271992888
0.0,0.0,1.019,34.0,1752271993039
0.0,0.0,1.009,34.0,1752271993105
0.0,0.0,1.009,34.0,1752271993281
0.0,0.0,1.009,34.0,1752271993378
0.0,0.0,0.999,34.0,1752271993560
0.0,0.0,0.988,34.0,1752271993656
0.0,0.0,0.999,34.0,1752271993876
0.0,0.0,0.999,34.0,1752271993979
0.0,0.0,0.988,34.0,1752271994203
0.0,0.0,0.978,34.0,1752271994698
0.0,0.0,0.967,34.0,1752271994849
0.0,0.0,0.947,34.0,1752271994915
31.708295822143555,-97.18911743164062,0.957,34.0,1752271995000
0.0,0.0,0.957,34.0,1752271995067
0.0,0.0,0.967,34.0,1752271995142
0.0,0.0,0.947,34.0,1752271995305
0.0,0.0,0.936,34.0,1752271995371
0.0,0.0,0.936,34.0,1752271995524
0.0,0.0,0.926,34.0,1752271995592
0.0,0.0,0.926,34.0,1752271995744
0.0,0.0,0.926,34.0,1752271995810
0.0,0.0,0.926,34.0,1752271995934
0.0,0.0,0.947,34.0,1752271996000
31.708293914794922,-97.18911743164062,0.947,34.0,1752271996000
0.0,0.0,0.947,34.0,1752271996150
0.0,0.0,0.957,34.0,1752271996217
0.0,0.0,0.947,34.0,1752271996411
0.0,0.0,0.936,34.0,1752271996474
0.0,0.0,0.947,34.0,1752271996568
0.0,0.0,0.947,34.0,1752271996633
0.0,0.0,0.936,34.0,1752271996731
0.0,0.0,0.957,34.0,1752271996831
0.0,0.0,0.957,34.0,1752271996893
0.0,0.0,0.957,34.0,1752271996977
0.0,0.0,0.957,34.0,1752271997066
0.0,0.0,0.957,34.0,1752271997163
0.0,0.0,0.957,34.0,1752271997198
0.0,0.0,0.957,34.0,1752271997889
0.0,0.0,0.957,34.0,1752271997987
31.708293914794922,-97.18912506103516,0.957,34.0,1752271998000
0.0,0.0,0.947,34.0,1752271998093
0.0,0.0,0.936,34.0,1752271998224
0.0,0.0,0.915,34.0,1752271998795
0.0,0.0,0.915,34.0,1752271998858
0.0,0.0,0.884,34.0,1752271998918
0.0,0.0,0.874,34.0,1752271998973
31.70829200744629,-97.18912506103516,0.874,34.0,1752271999000
0.0,0.0,0.863,34.0,1752271999031
0.0,0.0,0.863,34.0,1752271999091
0.0,0.0,0.842,34.0,1752271999168
0.0,0.0,0.832,34.0,1752271999249
0.0,0.0,0.822,34.0,1752271999335
0.0,0.0,0.811,34.0,1752271999422
0.0,0.0,0.801,34.0,1752271999506
0.0,0.0,0.801,34.0,1752271999597
0.0,0.0,0.801,34.0,1752271999681
0.0,0.0,0.811,34.0,1752271999760
0.0,0.0,0.801,34.0,1752271999855
0.0,0.0,0.811,34.0,1752271999943
0.0,0.0,0.801,34.0,1752272000027
0.0,0.0,0.79,34.0,1752272000109
0.0,0.0,0.77,34.0,1752272000610
0.0,0.0,0.78,34.0,1752272000671
0.0,0.0,0.77,34.0,1752272000757
0.0,0.0,0.759,34.0,1752272000842
0.0,0.0,0.749,34.0,1752272000929
31.708290100097656,-97.18912506103516,0.738,34.0,1752272001000
0.0,0.0,0.738,34.0,1752272001013
0.0,0.0,0.718,34.0,1752272001098
0.0,0.0,0.707,34.0,1752272001207
0.0,0.0,0.697,34.0,1752272001295
0.0,0.0,0.697,34.0,1752272001376
0.0,0.0,0.686,34.0,1752272001460
0.0,0.0,0.697,34.0,1752272001549
0.0,0.0,0.697,34.0,1752272002029
0.0,0.0,0.697,34.0,1752272002085
0.0,0.0,0.707,34.0,1752272002160
0.0,0.0,0.738,34.0,1752272002234
0.0,0.0,0.77,34.0,1752272002317
0.0,0.0,0.78,34.0,1752272002404
0.0,0.0,0.78,34.0,1752272002489
0.0,0.0,0.79,34.0,1752272002575
0.0,0.0,0.79,34.0,1752272002658
0.0,0.0,0.801,34.0,1752272002738
0.0,0.0,0.822,34.0,1752272002821
0.0,0.0,0.832,34.0,1752272002904
0.0,0.0,0.842,34.0,1752272002990
31.708290100097656,-97.18913269042969,0.842,34.0,1752272003000
0.0,0.0,0.842,34.0,1752272003071
0.0,0.0,0.863,34.0,1752272003558
0.0,0.0,0.842,34.0,1752272003623
0.0,0.0,0.832,34.0,1752272003681
0.0,0.0,0.853,34.0,1752272003740
0.0,0.0,0.874,34.0,1752272003798
0.0,0.0,0.884,34.0,1752272003857
0.0,0.0,0.915,34.0,1752272003915
0.0,0.0,0.936,34.0,1752272003973
31.708290100097656,-97.18914031982422,0.936,34.0,1752272004000
0.0,0.0,0.947,34.0,1752272004031
0.0,0.0,0.957,34.0,1752272004091
0.0,0.0,0.967,34.0,1752272004166
0.0,0.0,0.988,34.0,1752272004237
0.0,0.0,0.988,34.0,1752272004330
0.0,0.0,1.009,34.0,1752272004418
0.0,0.0,1.019,34.0,1752272004512
0.0,0.0,1.019,34.0,1752272004595
0.0,0.0,1.051,34.0,1752272004688
0.0,0.0,1.061,34.0,1752272004769
0.0,0.0,1.051,34.0,1752272004853
0.0,0.0,1.071,34.0,1752272004941
0.0,0.0,1.071,34.0,1752272005027
0.0,0.0,1.082,34.0,1752272005113
0.0,0.0,1.092,34.0,1752272005625
0.0,0.0,1.113,34.0,1752272005713
0.0,0.0,1.144,34.0,1752272005803
0.0,0.0,1.175,34.0,1752272005890
0.0,0.0,1.186,34.0,1752272005981
31.708290100097656,-97.18914031982422,1.186,34.0,1752272006000
0.0,0.0,1.207,34.0,1752272006067
0.0,0.0,1.217,34.0,1752272006173
0.0,0.0,1.228,34.0,1752272006276
0.0,0.0,1.248,34.0,1752272006366
0.0,0.0,1.28,34.0,1752272006453
0.0,0.0,1.29,34.0,1752272006545
0.0,0.0,1.311,34.0,1752272006633
31.70829200744629,-97.18914794921875,1.342,34.0,1752272007000
0.0,0.0,1.342,34.0,1752272007135
0.0,0.0,1.342,34.0,1752272007202
0.0,0.0,1.352,34.0,1752272007271
0.0,0.0,1.363,34.0,1752272007405
0.0,0.0,1.373,34.0,1752272007493
0.0,0.0,1.394,34.0,1752272007581
0.0,0.0,1.425,34.0,1752272007672
0.0,0.0,1.477,34.0,1752272007758
0.0,0.0,1.519,34.0,1752272007857
0.0,0.0,1.54,34.0,1752272007944
0.0,0.0,1.561,34.0,1752272008035
0.0,0.0,1.581,34.0,1752272008121
0.0,0.0,1.592,34.0,1752272008330
31.70829200744629,-97.18914794921875,1.623,34.0,1752272009000
0.0,0.0,1.623,34.0,1752272009020
0.0,0.0,1.727,34.0,1752272009781
0.0,0.0,1.842,34.0,1752272009839
0.0,0.0,1.862,34.0,1752272009900
0.0,0.0,1.946,34.0,1752272009956
0.0,0.0,2.06,34.0,1752272010020
0.0,0.0,2.133,34.0,1752272010075
0.0,0.0,2.216,34.0,1752272010157
0.0,0.0,2.331,34.0,1752272010264
0.0,0.0,2.435,34.0,1752272010347
0.0,0.0,2.528,34.0,1752272010434
0.0,0.0,2.643,34.0,1752272010518
0.0,0.0,2.716,34.0,1752272010605
0.0,0.0,2.716,34.0,1752272010688
0.0,0.0,2.726,34.0,1752272010768
0.0,0.0,2.799,34.0,1752272010852
0.0,0.0,2.82,34.0,1752272010931
31.708290100097656,-97.18915557861328,2.82,34.0,1752272011000
0.0,0.0,2.82,34.0,1752272011015
0.0,0.0,2.841,34.0,1752272011100
0.0,0.0,2.841,34.0,1752272011601
0.0,0.0,2.851,34.0,1752272011657
0.0,0.0,2.83,34.0,1752272011715
0.0,0.0,2.83,34.0,1752272011773
0.0,0.0,2.83,34.0,1752272011830
0.0,0.0,2.82,34.0,1752272011889
0.0,0.0,2.872,34.0,1752272011947
31.708288192749023,-97.18915557861328,2.924,34.0,1752272012000
0.0,0.0,2.924,34.0,1752272012006
0.0,0.0,2.924,34.0,1752272012064
0.0,0.0,2.945,34.0,1752272012131
0.0,0.0,3.018,34.0,1752272012203
0.0,0.0,3.07,34.0,1752272012287
0.0,0.0,3.111,34.0,1752272012374
0.0,0.0,3.142,34.0,1752272012461
0.0,0.0,3.163,34.0,1752272012554
0.0,0.0,3.174,34.0,1752272012636
0.0,0.0,3.215,34.0,1752272012725
0.0,0.0,3.226,34.0,1752272012809
0.0,0.0,3.226,34.0,1752272012892
0.0,0.0,3.236,34.0,1752272012972
0.0,0.0,3.236,34.0,1752272013059
0.0,0.0,3.257,34.0,1752272013542
0.0,0.0,3.246,34.0,1752272013619
0.0,0.0,3.257,34.0,1752272013677
0.0,0.0,3.267,34.0,1752272013765
0.0,0.0,3.278,34.0,1752272013851
0.0,0.0,3.288,34.0,1752272013943
31.70828628540039,-97.18916320800781,3.299,34.0,1752272014000
0.0,0.0,3.299,34.0,1752272014028
0.0,0.0,3.309,34.0,1752272014132
0.0,0.0,3.319,34.0,1752272014236
0.0,0.0,3.33,34.0,1752272014326
0.0,0.0,3.33,34.0,1752272014408
0.0,0.0,3.351,34.0,1752272014492
0.0,0.0,3.392,34.0,1752272014575
31.70828628540039,-97.18916320800781,3.413,34.0,1752272015000
0.0,0.0,3.413,34.0,1752272015059
0.0,0.0,3.423,34.0,1752272015114
0.0,0.0,3.434,34.0,1752272015194
0.0,0.0,3.444,34.0,1752272015265
0.0,0.0,3.465,34.0,1752272015353
0.0,0.0,3.465,34.0,1752272015442
0.0,0.0,3.475,34.0,1752272015534
0.0,0.0,3.496,34.0,1752272015632
0.0,0.0,3.486,34.0,1752272015718
0.0,0.0,3.507,34.0,1752272015804
0.0,0.0,3.517,34.0,1752272015888
0.0,0.0,3.475,34.0,1752272015968
0.0,0.0,3.486,34.0,1752272016055
0.0,0.0,3.517,34.0,1752272016144
0.0,0.0,3.548,34.0,1752272016821
0.0,0.0,3.548,34.0,1752272016910
0.0,0.0,3.548,34.0,1752272016994
31.708284378051758,-97.18917083740234,3.548,34.0,1752272017000
0.0,0.0,3.559,34.0,1752272017073
0.0,0.0,3.569,34.0,1752272017169
0.0,0.0,3.569,34.0,1752272017669
0.0,0.0,3.569,34.0,1752272017731
0.0,0.0,3.58,34.0,1752272017789
0.0,0.0,3.59,34.0,1752272017853
0.0,0.0,3.632,34.0,1752272017909
0.0,0.0,3.632,34.0,1752272017970
31.708282470703125,-97.18917846679688,3.621,34.0,1752272018000
0.0,0.0,3.621,34.0,1752272018026
0.0,0.0,3.6,34.0,1752272018084
0.0,0.0,3.611,34.0,1752272018153
0.0,0.0,3.611,34.0,1752272018257
0.0,0.0,3.621,34.0,1752272018347
0.0,0.0,3.632,34.0,1752272018437
0.0,0.0,3.621,34.0,1752272018525
0.0,0.0,3.621,34.0,1752272018619
0.0,0.0,3.632,34.0,1752272018702
0.0,0.0,3.642,34.0,1752272018790
0.0,0.0,3.642,34.0,1752272018870
0.0,0.0,3.652,34.0,1752272018957
0.0,0.0,3.673,34.0,1752272019052
0.0,0.0,3.694,34.0,1752272019142
0.0,0.0,3.704,34.0,1752272019645
0.0,0.0,3.715,34.0,1752272019717
0.0,0.0,3.715,34.0,1752272019806
0.0,0.0,3.725,34.0,1752272019898
0.0,0.0,3.736,34.0,1752272019985
31.708284378051758,-97.1891860961914,3.736,34.0,1752272020000
0.0,0.0,3.746,34.0,1752272020069
0.0,0.0,3.736,34.0,1752272020163
0.0,0.0,3.756,34.0,1752272020267
0.0,0.0,3.767,34.0,1752272020351
0.0,0.0,3.767,34.0,1752272020479
0.0,0.0,3.777,34.0,1752272020566
0.0,0.0,3.777,34.0,1752272020652
0.0,0.0,3.798,34.0,1752272021135
0.0,0.0,3.808,34.0,1752272021204
0.0,0.0,3.819,34.0,1752272021267
0.0,0.0,3.819,34.0,1752272021344
0.0,0.0,3.829,34.0,1752272021423
0.0,0.0,3.84,34.0,1752272021515
0.0,0.0,3.84,34.0,1752272021606
0.0,0.0,3.85,34.0,1752272021694
0.0,0.0,3.85,34.0,1752272021780
0.0,0.0,3.861,34.0,1752272021864
0.0,0.0,3.871,34.0,1752272021944
31.708280563354492,-97.18919372558594,3.881,34.0,1752272022000
0.0,0.0,3.881,34.0,1752272022035
0.0,0.0,3.871,34.0,1752272022115
0.0,0.0,3.881,34.0,1752272022227
0.0,0.0,3.892,34.0,1752272022723
0.0,0.0,3.902,34.0,1752272022783
0.0,0.0,3.902,34.0,1752272022839
0.0,0.0,3.913,34.0,1752272022897
0.0,0.0,3.923,34.0,1752272022955
31.708276748657227,-97.18920135498047,3.923,34.0,1752272023000
0.0,0.0,3.923,34.0,1752272023013
0.0,0.0,3.933,34.0,1752272023072
0.0,0.0,3.944,34.0,1752272023142
0.0,0.0,3.944,34.0,1752272023235
0.0,0.0,3.944,34.0,1752272023324
0.0,0.0,3.965,34.0,1752272023415
0.0,0.0,3.965,34.0,1752272023507
0.0,0.0,3.975,34.0,1752272023589
0.0,0.0,3.985,34.0,1752272023684
0.0,0.0,3.985,34.0,1752272023772
0.0,0.0,3.996,34.0,1752272023858
0.0,0.0,3.996,34.0,1752272023939
0.0,0.0,4.006,34.0,1752272024030
0.0,0.0,4.006,34.0,1752272024113
0.0,0.0,4.006,34.0,1752272024617
0.0,0.0,4.006,34.0,1752272024692
0.0,0.0,4.027,34.0,1752272024783
0.0,0.0,4.037,34.0,1752272024869
0.0,0.0,4.037,34.0,1752272024960
31.708274841308594,-97.189208984375,4.037,34.0,1752272025000
0.0,0.0,4.048,34.0,1752272025040
0.0,0.0,4.069,34.0,1752272025123
0.0,0.0,4.069,34.0,1752272025233
0.0,0.0,4.079,34.0,1752272025317
0.0,0.0,4.079,34.0,1752272025404
0.0,0.0,4.089,34.0,1752272025490
0.0,0.0,4.1,34.0,1752272025569
31.70827293395996,-97.189208984375,4.1,34.0,1752272026000
0.0,0.0,4.1,34.0,1752272026061
0.0,0.0,4.11,34.0,1752272026116
0.0,0.0,4.11,34.0,1752272026196
0.0,0.0,4.121,34.0,1752272026255
0.0,0.0,4.121,34.0,1752272026344
0.0,0.0,4.152,34.0,1752272026424
0.0,0.0,4.141,34.0,1752272026515
0.0,0.0,4.141,34.0,1752272026601
0.0,0.0,4.141,34.0,1752272026686
0.0,0.0,4.152,34.0,1752272026772
0.0,0.0,4.173,34.0,1752272026863
0.0,0.0,4.183,34.0,1752272026950
0.0,0.0,4.183,34.0,1752272027034
0.0,0.0,4.194,34.0,1752272027115
0.0,0.0,4.194,34.0,1752272027822
0.0,0.0,4.204,34.0,1752272027908
0.0,0.0,4.204,34.0,1752272027991
31.708276748657227,-97.18921661376953,4.204,34.0,1752272028000
0.0,0.0,4.214,34.0,1752272028073
0.0,0.0,4.214,34.0,1752272028162
0.0,0.0,4.225,34.0,1752272028643
0.0,0.0,4.225,34.0,1752272028702
0.0,0.0,4.235,34.0,1752272028757
0.0,0.0,4.214,34.0,1752272028818
0.0,0.0,4.225,34.0,1752272028874
0.0,0.0,4.246,34.0,1752272028934
0.0,0.0,4.235,34.0,1752272028989
0.0,0.0,4.256,34.0,1752272029057
0.0,0.0,4.298,34.0,1752272029113
0.0,0.0,4.298,34.0,1752272029192
0.0,0.0,4.308,34.0,1752272029263
0.0,0.0,4.308,34.0,1752272029348
0.0,0.0,4.318,34.0,1752272029435
0.0,0.0,4.318,34.0,1752272029530
0.0,0.0,4.339,34.0,1752272029611
0.0,0.0,4.36,34.0,1752272029699
0.0,0.0,4.36,34.0,1752272029778
0.0,0.0,4.36,34.0,1752272029865
0.0,0.0,4.36,34.0,1752272029945
31.708282470703125,-97.18922424316406,4.35,34.0,1752272030000
0.0,0.0,4.35,34.0,1752272030029
0.0,0.0,4.329,34.0,1752272030112
0.0,0.0,4.329,34.0,1752272030626
0.0,0.0,4.339,34.0,1752272030686
0.0,0.0,4.329,34.0,1752272030741
0.0,0.0,4.35,34.0,1752272030800
0.0,0.0,4.35,34.0,1752272030855
0.0,0.0,4.329,34.0,1752272030917
0.0,0.0,4.339,34.0,1752272030972
31.708280563354492,-97.18922424316406,4.339,34.0,1752272031000
0.0,0.0,4.339,34.0,1752272031035
0.0,0.0,4.339,34.0,1752272031090
0.0,0.0,4.329,34.0,1752272031172
0.0,0.0,4.339,34.0,1752272031233
0.0,0.0,4.36,34.0,1752272031319
0.0,0.0,4.37,34.0,1752272031409
0.0,0.0,4.37,34.0,1752272031503
0.0,0.0,4.391,34.0,1752272031586
0.0,0.0,4.391,34.0,1752272031686
0.0,0.0,4.381,34.0,1752272031771
0.0,0.0,4.402,34.0,1752272031857
0.0,0.0,4.391,34.0,1752272031939
0.0,0.0,4.391,34.0,1752272032025
0.0,0.0,4.402,34.0,1752272032105
0.0,0.0,4.422,34.0,1752272032627
0.0,0.0,4.422,34.0,1752272032684
0.0,0.0,4.412,34.0,1752272032778
0.0,0.0,4.412,34.0,1752272032867
0.0,0.0,4.412,34.0,1752272032955
31.70827865600586,-97.1892318725586,4.412,34.0,1752272033000
0.0,0.0,4.412,34.0,1752272033035
0.0,0.0,4.402,34.0,1752272033134
0.0,0.0,4.391,34.0,1752272033234
0.0,0.0,4.402,34.0,1752272033318
0.0,0.0,4.402,34.0,1752272033408
0.0,0.0,4.402,34.0,1752272033493
0.0,0.0,4.412,34.0,1752272033576
31.70827865600586,-97.18923950195312,4.412,34.0,1752272034000
0.0,0.0,4.412,34.0,1752272034054
0.0,0.0,4.422,34.0,1752272034109
0.0,0.0,4.422,34.0,1752272034189
0.0,0.0,4.433,34.0,1752272034250
0.0,0.0,4.433,34.0,1752272034334
0.0,0.0,4.454,34.0,1752272034424
0.0,0.0,4.464,34.0,1752272034512
0.0,0.0,4.475,34.0,1752272034596
0.0,0.0,4.464,34.0,1752272034680
0.0,0.0,4.464,34.0,1752272034759
0.0,0.0,4.464,34.0,1752272034861
0.0,0.0,4.475,34.0,1752272034949
0.0,0.0,4.475,34.0,1752272035032
0.0,0.0,4.475,34.0,1752272035112
0.0,0.0,4.475,34.0,1752272035779
0.0,0.0,4.475,34.0,1752272035865
0.0,0.0,4.485,34.0,1752272035951
31.70827865600586,-97.18924713134766,4.464,34.0,1752272036000
0.0,0.0,4.464,34.0,1752272036034
0.0,0.0,4.485,34.0,1752272036140
0.0,0.0,4.475,34.0,1752272036634
0.0,0.0,4.495,34.0,1752272036693
0.0,0.0,4.495,34.0,1752272036748
0.0,0.0,4.495,34.0,1752272036806
0.0,0.0,4.516,34.0,1752272036862
0.0,0.0,4.516,34.0,1752272036927
0.0,0.0,4.527,34.0,1752272036984
0.0,0.0,4.537,34.0,1752272037042
0.0,0.0,4.547,34.0,1752272037098
0.0,0.0,4.537,34.0,1752272037178
0.0,0.0,4.547,34.0,1752272037244
0.0,0.0,4.558,34.0,1752272037335
0.0,0.0,4.558,34.0,1752272037421
0.0,0.0,4.537,34.0,1752272037505
0.0,0.0,4.537,34.0,1752272037590
0.0,0.0,4.547,34.0,1752272037676
0.0,0.0,4.547,34.0,1752272037756
0.0,0.0,4.558,34.0,1752272037840
0.0,0.0,4.547,34.0,1752272037920
31.70827865600586,-97.18925476074219,4.547,34.0,1752272038000
0.0,0.0,4.547,34.0,1752272038004
0.0,0.0,4.537,34.0,1752272038092
0.0,0.0,4.547,34.0,1752272038599
0.0,0.0,4.547,34.0,1752272038657
0.0,0.0,4.527,34.0,1752272038716
0.0,0.0,4.527,34.0,1752272038771
0.0,0.0,4.537,34.0,1752272038834
0.0,0.0,4.547,34.0,1752272038890
0.0,0.0,4.568,34.0,1752272038950
31.70827865600586,-97.18926239013672,4.568,34.0,1752272039000
0.0,0.0,4.568,34.0,1752272039005
0.0,0.0,4.558,34.0,1752272039067
0.0,0.0,4.558,34.0,1752272039179
0.0,0.0,4.579,34.0,1752272039266
0.0,0.0,4.589,34.0,1752272039357
0.0,0.0,4.579,34.0,1752272039444
0.0,0.0,4.589,34.0,1752272039530
0.0,0.0,4.61,34.0,1752272039614
0.0,0.0,4.599,34.0,1752272039700
0.0,0.0,4.61,34.0,1752272039779
0.0,0.0,4.62,34.0,1752272039865
0.0,0.0,4.631,34.0,1752272039945
31.708280563354492,-97.18926239013672,4.651,34.0,1752272040000
0.0,0.0,4.651,34.0,1752272040028
0.0,0.0,4.651,34.0,1752272040106
0.0,0.0,4.662,34.0,1752272040611
0.0,0.0,4.631,34.0,1752272040673
0.0,0.0,4.641,34.0,1752272040762
0.0,0.0,4.662,34.0,1752272040845
0.0,0.0,4.662,34.0,1752272040931
0.0,0.0,4.662,34.0,1752272041019
0.0,0.0,4.672,34.0,1752272041105
0.0,0.0,4.683,34.0,1752272041220
0.0,0.0,4.651,34.0,1752272041309
0.0,0.0,4.651,34.0,1752272041391
0.0,0.0,4.631,34.0,1752272041477
0.0,0.0,4.662,34.0,1752272041563
0.0,0.0,4.641,34.0,1752272042242
0.0,0.0,4.662,34.0,1752272042322
0.0,0.0,4.683,34.0,1752272042407
0.0,0.0,4.672,34.0,1752272042485
0.0,0.0,4.672,34.0,1752272042976
31.708276748657227,-97.18927001953125,4.672,34.0,1752272043000
0.0,0.0,4.662,34.0,1752272043031
0.0,0.0,4.672,34.0,1752272043120
0.0,0.0,4.672,34.0,1752272043196
0.0,0.0,4.693,34.0,1752272043255
0.0,0.0,4.693,34.0,1752272043311
0.0,0.0,4.703,34.0,1752272043372
0.0,0.0,4.693,34.0,1752272043428
0.0,0.0,4.703,34.0,1752272043488
0.0,0.0,4.714,34.0,1752272043544
0.0,0.0,4.693,34.0,1752272043605
0.0,0.0,4.714,34.0,1752272043660
0.0,0.0,4.693,34.0,1752272043722
0.0,0.0,4.693,34.0,1752272043778
0.0,0.0,4.683,34.0,1752272043838
0.0,0.0,4.693,34.0,1752272043894
0.0,0.0,4.703,34.0,1752272043955
31.70827293395996,-97.18927764892578,4.703,34.0,1752272044000
0.0,0.0,4.703,34.0,1752272044011
0.0,0.0,4.703,34.0,1752272044081
0.0,0.0,4.703,34.0,1752272044142
0.0,0.0,4.714,34.0,1752272044244
0.0,0.0,4.714,34.0,1752272044330
0.0,0.0,4.745,34.0,1752272044421
0.0,0.0,4.735,34.0,1752272044501
0.0,0.0,4.745,34.0,1752272044590
0.0,0.0,4.745,34.0,1752272044672
0.0,0.0,4.745,34.0,1752272044756
0.0,0.0,4.735,34.0,1752272044835
0.0,0.0,4.745,34.0,1752272044923
0.0,0.0,4.745,34.0,1752272045001
0.0,0.0,4.735,34.0,1752272045499
0.0,0.0,4.745,34.0,1752272045576
0.0,0.0,4.735,34.0,1752272045634
0.0,0.0,4.745,34.0,1752272045695
0.0,0.0,4.735,34.0,1752272045780
0.0,0.0,4.745,34.0,1752272045868
0.0,0.0,4.745,34.0,1752272045951
0.0,0.0,4.766,34.0,1752272046030
0.0,0.0,4.766,34.0,1752272046111
0.0,0.0,4.776,34.0,1752272046220
0.0,0.0,4.787,34.0,1752272046306
0.0,0.0,4.797,34.0,1752272046379
0.0,0.0,4.797,34.0,1752272046463
0.0,0.0,4.828,34.0,1752272046943
31.70826530456543,-97.18928527832031,4.839,34.0,1752272047000
31.7082576751709,-97.18929290771484,4.839,34.0,1752272047000
0.0,0.0,4.839,34.0,1752272047002
0.0,0.0,4.86,34.0,1752272047057
0.0,0.0,4.86,34.0,1752272047121
0.0,0.0,4.839,34.0,1752272047193
0.0,0.0,4.839,34.0,1752272047255
0.0,0.0,4.828,34.0,1752272047310
0.0,0.0,4.818,34.0,1752272047371
0.0,0.0,4.839,34.0,1752272047427
0.0,0.0,4.828,34.0,1752272047489
0.0,0.0,4.808,34.0,1752272047545
0.0,0.0,4.818,34.0,1752272047605
0.0,0.0,4.787,34.0,1752272047660
0.0,0.0,4.766,34.0,1752272047721
0.0,0.0,4.745,34.0,1752272047777
0.0,0.0,4.745,34.0,1752272047840
0.0,0.0,4.766,34.0,1752272047902
0.0,0.0,4.776,34.0,1752272047961
31.708255767822266,-97.18929290771484,4.787,34.0,1752272048000
0.0,0.0,4.787,34.0,1752272048016
0.0,0.0,4.797,34.0,1752272048074
0.0,0.0,4.787,34.0,1752272048153
0.0,0.0,4.808,34.0,1752272048217
0.0,0.0,4.828,34.0,1752272048273
0.0,0.0,4.808,34.0,1752272048353
0.0,0.0,4.828,34.0,1752272048440
0.0,0.0,4.839,34.0,1752272048532
0.0,0.0,4.839,34.0,1752272048619
0.0,0.0,4.849,34.0,1752272048704
0.0,0.0,4.849,34.0,1752272048787
0.0,0.0,4.818,34.0,1752272048875
0.0,0.0,4.808,34.0,1752272048955
0.0,0.0,4.828,34.0,1752272049039
0.0,0.0,4.818,34.0,1752272049713
0.0,0.0,4.818,34.0,1752272049806
0.0,0.0,4.797,34.0,1752272049885
0.0,0.0,4.787,34.0,1752272049963
0.0,0.0,4.797,34.0,1752272050627
0.0,0.0,4.766,34.0,1752272050713
0.0,0.0,4.766,34.0,1752272050795
0.0,0.0,4.776,34.0,1752272050877
31.708255767822266,-97.18930053710938,4.776,34.0,1752272051000
0.0,0.0,4.756,34.0,1752272051357
0.0,0.0,4.776,34.0,1752272051427
0.0,0.0,4.776,34.0,1752272051482
0.0,0.0,4.745,34.0,1752272051541
0.0,0.0,4.745,34.0,1752272051605
0.0,0.0,4.735,34.0,1752272051663
0.0,0.0,4.745,34.0,1752272051719
0.0,0.0,4.735,34.0,1752272051777
0.0,0.0,4.724,34.0,1752272051837
0.0,0.0,4.724,34.0,1752272051896
0.0,0.0,4.724,34.0,1752272051953
31.708250045776367,-97.18930053710938,4.714,34.0,1752272052000
0.0,0.0,4.714,34.0,1752272052011
0.0,0.0,4.724,34.0,1752272052070
0.0,0.0,4.735,34.0,1752272052140
0.0,0.0,4.735,34.0,1752272052209
0.0,0.0,4.745,34.0,1752272052267
0.0,0.0,4.745,34.0,1752272052350
0.0,0.0,4.745,34.0,1752272052451
0.0,0.0,4.745,34.0,1752272052533
0.0,0.0,4.766,34.0,1752272052618
0.0,0.0,4.787,34.0,1752272052697
0.0,0.0,4.797,34.0,1752272052780
0.0,0.0,4.828,34.0,1752272052859
0.0,0.0,4.818,34.0,1752272052943
31.7082462310791,-97.1893081665039,4.818,34.0,1752272053000
0.0,0.0,4.818,34.0,1752272053024
0.0,0.0,4.818,34.0,1752272053516
0.0,0.0,4.839,34.0,1752272053592
0.0,0.0,4.839,34.0,1752272053651
0.0,0.0,4.849,34.0,1752272053720
0.0,0.0,4.849,34.0,1752272053810
0.0,0.0,4.86,34.0,1752272053893
0.0,0.0,4.86,34.0,1752272053985
0.0,0.0,4.849,34.0,1752272054066
0.0,0.0,4.839,34.0,1752272054157
0.0,0.0,4.828,34.0,1752272054262
0.0,0.0,4.839,34.0,1752272054346
0.0,0.0,4.87,34.0,1752272054425
0.0,0.0,4.88,34.0,1752272054510
0.0,0.0,4.86,34.0,1752272055156
0.0,0.0,4.849,34.0,1752272055251
0.0,0.0,4.87,34.0,1752272055328
0.0,0.0,4.849,34.0,1752272055410
0.0,0.0,4.849,34.0,1752272055889
0.0,0.0,4.86,34.0,1752272055949
31.708242416381836,-97.1893081665039,4.88,34.0,1752272056000
31.7082462310791,-97.18931579589844,4.88,34.0,1752272056000
0.0,0.0,4.88,34.0,1752272056004
0.0,0.0,4.86,34.0,1752272056065
0.0,0.0,4.87,34.0,1752272056131
0.0,0.0,4.88,34.0,1752272056204
0.0,0.0,4.87,34.0,1752272056259
0.0,0.0,4.86,34.0,1752272056321
0.0,0.0,4.891,34.0,1752272056377
0.0,0.0,4.891,34.0,1752272056438
0.0,0.0,4.86,34.0,1752272056494
0.0,0.0,4.87,34.0,1752272056554
0.0,0.0,4.87,34.0,1752272056610
0.0,0.0,4.849,34.0,1752272056670
0.0,0.0,4.86,34.0,1752272056725
0.0,0.0,4.88,34.0,1752272056784
0.0,0.0,4.86,34.0,1752272056839
0.0,0.0,4.849,34.0,1752272056898
0.0,0.0,4.849,34.0,1752272056953
31.70824432373047,-97.18932342529297,4.87,34.0,1752272057000
0.0,0.0,4.87,34.0,1752272057017
0.0,0.0,4.86,34.0,1752272057073
0.0,0.0,4.87,34.0,1752272057155
0.0,0.0,4.87,34.0,1752272057216
0.0,0.0,4.839,34.0,1752272057277
0.0,0.0,4.839,34.0,1752272057333
0.0,0.0,4.86,34.0,1752272057391
0.0,0.0,4.86,34.0,1752272057471
0.0,0.0,4.87,34.0,1752272057556
0.0,0.0,4.87,34.0,1752272057643
0.0,0.0,4.901,34.0,1752272057726
0.0,0.0,4.901,34.0,1752272057806
0.0,0.0,4.891,34.0,1752272057889
0.0,0.0,4.891,34.0,1752272057968
0.0,0.0,4.87,34.0,1752272058612
0.0,0.0,4.87,34.0,1752272058707
0.0,0.0,4.891,34.0,1752272058797
0.0,0.0,4.891,34.0,1752272058877
0.0,0.0,4.87,34.0,1752272059505
0.0,0.0,4.86,34.0,1752272059601
0.0,0.0,4.828,34.0,1752272059678
0.0,0.0,4.839,34.0,1752272059758
0.0,0.0,4.818,34.0,1752272059840
31.708253860473633,-97.1893310546875,4.818,34.0,1752272060000
0.0,0.0,4.828,34.0,1752272060334
0.0,0.0,4.818,34.0,1752272060393
0.0,0.0,4.849,34.0,1752272060453
0.0,0.0,4.849,34.0,1752272060512
0.0,0.0,4.839,34.0,1752272060573
0.0,0.0,4.828,34.0,1752272060632
0.0,0.0,4.839,34.0,1752272060687
0.0,0.0,4.849,34.0,1752272060748
0.0,0.0,4.849,34.0,1752272060804
0.0,0.0,4.87,34.0,1752272060865
0.0,0.0,4.86,34.0,1752272060921
0.0,0.0,4.88,34.0,1752272060981
31.708251953125,-97.1893310546875,4.88,34.0,1752272061000
0.0,0.0,4.88,34.0,1752272061037
0.0,0.0,4.891,34.0,1752272061099
0.0,0.0,4.891,34.0,1752272061176
0.0,0.0,4.901,34.0,1752272061237
0.0,0.0,4.891,34.0,1752272061292
0.0,0.0,4.88,34.0,1752272061350
0.0,0.0,4.86,34.0,1752272061405
0.0,0.0,4.86,34.0,1752272061492
0.0,0.0,4.849,34.0,1752272061581
0.0,0.0,4.818,34.0,1752272061665
0.0,0.0,4.849,34.0,1752272061744
0.0,0.0,4.849,34.0,1752272061827
0.0,0.0,4.849,34.0,1752272061907
0.0,0.0,4.849,34.0,1752272061991
31.708248138427734,-97.18933868408203,4.849,34.0,1752272062000
0.0,0.0,4.828,34.0,1752272062136
0.0,0.0,4.828,34.0,1752272062529
0.0,0.0,4.828,34.0,1752272062592
0.0,0.0,4.818,34.0,1752272062653
0.0,0.0,4.828,34.0,1752272062711
0.0,0.0,4.86,34.0,1752272062797
0.0,0.0,4.849,34.0,1752272062885
0.0,0.0,4.88,34.0,1752272062975
0.0,0.0,4.849,34.0,1752272063057
0.0,0.0,4.828,34.0,1752272063150
0.0,0.0,4.839,34.0,1752272063250
0.0,0.0,4.86,34.0,1752272063339
0.0,0.0,4.88,34.0,1752272063416
0.0,0.0,4.88,34.0,1752272063504
0.0,0.0,4.88,34.0,1752272064151
0.0,0.0,4.901,34.0,1752272064248
0.0,0.0,4.901,34.0,1752272064327
0.0,0.0,4.86,34.0,1752272064405
0.0,0.0,4.86,34.0,1752272064887
0.0,0.0,4.839,34.0,1752272064947
31.70824432373047,-97.18933868408203,4.839,34.0,1752272065000
31.708248138427734,-97.18934631347656,4.839,34.0,1752272065000
0.0,0.0,4.839,34.0,1752272065004
0.0,0.0,4.86,34.0,1752272065063
0.0,0.0,4.88,34.0,1752272065130
0.0,0.0,4.86,34.0,1752272065201
0.0,0.0,4.839,34.0,1752272065259
0.0,0.0,4.839,34.0,1752272065321
0.0,0.0,4.818,34.0,1752272065378
0.0,0.0,4.808,34.0,1752272065438
0.0,0.0,4.808,34.0,1752272065499
0.0,0.0,4.818,34.0,1752272065558
0.0,0.0,4.839,34.0,1752272065614
0.0,0.0,4.849,34.0,1752272065674
0.0,0.0,4.849,34.0,1752272065729
0.0,0.0,4.849,34.0,1752272065789
0.0,0.0,4.818,34.0,1752272065847
0.0,0.0,4.86,34.0,1752272065906
0.0,0.0,4.87,34.0,1752272065963
0.0,0.0,4.86,34.0,1752272066029
0.0,0.0,4.88,34.0,1752272066086
0.0,0.0,4.88,34.0,1752272066167
0.0,0.0,4.87,34.0,1752272066229
0.0,0.0,4.87,34.0,1752272066288
0.0,0.0,4.86,34.0,1752272066346
0.0,0.0,4.849,34.0,1752272066406
0.0,0.0,4.849,34.0,1752272066464
0.0,0.0,4.86,34.0,1752272066523
0.0,0.0,4.87,34.0,1752272066599
0.0,0.0,4.828,34.0,1752272066685
0.0,0.0,4.828,34.0,1752272066769
